00111111010111111111101111111111110111101111101101101110111111111111111111111110111010111111011111111111111111111111111111111111111111110011111110111111111111111101101111111111111011111011001111111111110111111111111111111111111111111111111111111111111111111111011101101111111110111011111111111111111110111111111011111111
11111111111111111111111011111111011110111111111110111111111111111111110111111101111110101011111111101111111111111111111111100101011001101110011101110111111100101011111011111111101111011110111111011111101011110111011111111111111111010111110011111111011111011110111110111111111111111111111011110111010100111011111101111111
11111011111011011111111110011111011111111011111000011111111001001111111111111010111111011111111111010111111011111111111101111111110001111111111111111111111011011111111111110011111110011110110101111000010111011111110101111111111111111001111111111101111111011110011110111111111111111110111111101111100110110110111111111111
11111111111110111111110111100110100110111110111111111111111111111111111111111111101111011111101111111111011100110111101110111111111111111111111110101111101110110111101101111101111111010111111101110111011111011011011110111011101101110111100111111111001110101011111100111111011111110111111110111111111011011011111110111111
10111110110111111101111111111111000110101111111111111111010110011111111111111111101111111111100111111101110111111010101010011111101111111110010111111011101111010111101101111011110101101111011011111101111111011111111111010010101111111111110101101111011111111111111111011011110011110111111111111111111111111110101111011111
10111101101111111101111101010111101111111101110001111111111111111111111111111111111111110111111111111011111111111111111111111111111011011101111101111101111111111111011111011110110011111111111011111111011011111111111111011111101111111011111011111111101111011011011111111011011111001111111101011111110011111111011110111111
10111111111111110111101111111111011011011111111100011111111111001111111001101111111111111111111011111011111111110111111101111100111101111111110111111111111111111101111111111111110111111111101111110111101110101111111110111001100111111101110111111111001111010111111111110111111111111011111111101101111101111011110111011111
11101111111110011101111111100110001101111110110111111111111111011111111011111111111111110101111111011111111111111111111111011111111111111111111111111011111011111110101111111110111011111110111111111111111011111111101001111111011110110100111010101111111111111111011110011111111111110111110111101111111111011111111111101111
11111110111011111111111110111111111111111101101011111100111110111111111101101011111110111111111111110111111111111111111111111101011111100111110111111011110111110111111111111100111111111111111011110111101111001111101111011010111101111110111111111111111111111111010111111111011111111111111101111111111101111111111110111111
11110111111111111111111110111101100110110010110110011111110101001011011111111011101111111111111101111111101111111111111111110111111011111011111101101110111111111111111011111111111111111111100110111001011111011010111100110111111111111111111010101101111110111111111111111101111111111111111110011110011011111111111011111011
10110110111111111110110101111111111111111110011111101111101011111111110111111111111011110110111111011111010111111110111111100110111110011111111111101110111110111111101101101111101111111111111101111011111111111011101111111111111110111101111011111111111010110011111111111111111111111111111111101011111011110111001111011110
10111110110111110111111101111101111101011111011010100111101110011111010111110111101111110111111111111101010101111011101101110111101111011101111100001101111111101111111111111111101110111111001011111111101111011111111111111111111111111111111111110010111101000111111111011111110011011110111111111100111110111110111111011011
11111111111111111111011110010111111011110111111111111111010111111111111111010111011111110111111111111101101111111111111111111111111111111011111111110110111111111111111110111100101111101111111111111110111111011110111111111111110011101111111111111101111111111111111111101011111011111111111111111110111110111111111111111111
11110111111001111111111111110010111111111111111111101101111110011111111011101111010101111111010111011111111111011111110111011101111101111011111110011110111011111111001111011101111011111111111111111111100011111111101111110110111110111111111110101101111111111111111010111111111111010011110011111111101101111101111111011111
11111111011111111000111111011111111111111111111101101111111011111111111111110111111111111101011111100011111111111101111111111111111111111111111011111111111111111100111111111111111110111111101111111111111111011111111111111111111111011111011111111011111111111111011100111111111111101111111011111111011001011111011111101110
11111111111111101111101111111111111101111111111111111111111111011001111101111111011101111111110110111101110101111011010111111110111111110111110111111110111111011111101111111111111111111111111001111111101100011111011111111111111111111100111101111011111011101111111101001111111101011011011111111101111110111110101111011111
11111111101111111011111111101111111111111011111111111111111111001110111101111111001011111111111111111111111111010101011101011111101111111101111111111111111111011110111111111111111111111111111111101111010111101111111111110011001111111111011111111111111111011111111111110111110111111111111111111011110111111011110111111111
11111111111101111101101111111111111100111111101111110110111111000101011111010111111111111111111111101111111101111111101111101111111111111011000111111111101111111111111111111101111111111111011111111111111101111111111111111011111111111010101111111111111111011001111101111111111111110111101011101011111111111111111111111111
11011011011111111011101111111111111111111111111111111111111111111111111111111110111111010101111111111101111111111010111110101111110110111111111111111011111111001111111101111101110110111111110111111101101111111111111111111111111111111111110111111111111101111111111111101110111110111110111111111111111111111111111111010111
11111100111111011011111111101111111111111101011011000101111101111111111111001111111111111111111111011010101111110110111111011111011111101111111111111111101111101111111011101100111111111111111101011011011101011011101111110111010011111111110111110111110111111111111111111111011110011111110111111011111111111011101011111111
11011111111111111110111111111110011110111111111111111111111101011111010011001111111011111111111111111111111111111111111111111111111111111011111110111111111111011111111111111101110111111111111101111111101101111111111110111101111111111111111110111111011111101111111111101011111111111111111111111111110110111111111101111101
11011111110101111110111111111100111110111111110100111101111111111111110001111111010111111011111011111111100111110111111111110110111111010111111111111110100001010111110111111100111111101111111101110111010111000010111111111101001101111111111100111111111111011111111110001111111000111101111111111111101101111110111111101101
11111111111111111111110111101111111011111111101101111010111111111110111101110111111111011111111111111011111111111111110111111111101111111111100111111110111111111111011111011111111111111111111111111110111111011111111011111111001110111111111111111101111101111110111111111101011111100111111011101111110111110111100011011111
11111110111111111101111111111110111111111110111111011111111111111111111111111101111110111111101111111111101111010011111111011101111010011011111100111110111111111111111110100111111001111111111110010111011111110111101101110111111111001111011111100111011011111111110111111110111111110100011111111110111111111111011111111011
11001110101010111011101111111110111111111111111111111011111111111010110111111111111111011011111111101111101111111111011101101111011111011101111110111110111111111001001011111111110111111111111111111111111001001011111101101111011110111111011111110111101111111011111111110111110111111111111011111110111101111111011100111111
00110111101010011111110111111111011101111111111111111111110111111111011111001101111011111110101110111111111111011111111101111111101101011111111101111111011111110111111110101001111111110101010110101111111101110111111011111011110110111111101111111111111001111111111111111111001101111111110111111111111111110111010011111011
11111111111111111011111111110111111111101101111111011111111111111111111111111111100111111011111111110111110111111111111111011111101111111111111111101111111111111011111111111101111110011101110111011111111111111011111011011111111001111111111101111111111111111111110111110111111111110111110101111111111111111111111110111111
11101111011111111111111111100111111111111101111111111101110111111011111111001111011101111100111011001011111111111100111111011111111111111001111110001111011111111010111101100011101111100111111011111011110111110111001111110111111111101010011101011111111111101111110111110111110011110111111011111110111110111111111011101111
11011001111111011011111111111111101111011111110111111011111111111111011111011111111011110110111111111111111111101011111110111111101111110011011010011111110111111100011011111101111110111111000111101110111111110111010111101111101011111111101101111011111111011110111011111111111110111111001101101101111111011101111110111111
11001111111111111111011101111010010111001111111111111111111110111111111111111111111011011111111110111110111111111111101111111111110110111110111111101111011111111110111101101101111111101011111111111111110011101011111111110111011110111111111011111011110111111101111111111111111001111111101101111110011111011110101111111010
10101111111111111110101011111011111111111111111101111111011111111101111111111101111001111111111111111111111101111111111111111111111101111111010111111110111111111110000111011001111010011111111111111111111011110011011110001111111111111111111111111111101111111111111111111111111111001111101110011111111110111101111110011111
11011101111101111101111111111111101101110100010111000111111111111110111111101111111011111100011001111111100111111111101110111111011111110111101101110111111111111101111111011110011010111111111111111101111111011111111111111110111111101111100101100111111101101101111111011111011101111111100111111111111101010011101011101111
11010111010011110001110111011110111010011111101011110111111101100101111110111111111110111111111110110111110001101111011111111010011111111111110111111111101110111111111101110111100111001111111011111111111111101010101111111111101111111111111111111111101111111111111110111010110111101111110111111111101101111110111011111111
11111101111111101011111101111111000111100111111111111101111111011111111110111111111011111110111110011110011111011011111111111111110111111111111101111111111111101111011111111111111111110101111111111111111111011111111011111111101111111110111111101111011111111111110111111111110011111101001111110111101111111111111111111011
10011001111111111111111111011111111111111111111110111111111111111110111111111111111101111110111100111111111101110011101111111111111101111111111111111111111101110101110111111111011111111101111111111101111111101111111111111111110011111111101111011111111111111110011110111111111101111111111111101111101010010111111011111111
11101111111111011111110111111111111111011101110101111101111110101011111111010100111111101111111010111111111101101111111111011111111110111101111101101111111101011111111101111111101111101011111111110101101110101011111111111111110111111111101111101110001111111111111101010011111111111111111111111101011111111111111001111111
11101111111011111111111000111111001111100101111111111111110110111101101010110111111111111101111111111111111011111011111111011111111111111111011101111011111111111011111111111101111011111101111111011111100100110101110111111111110111111111011111001111111001111011001111111111111111111111011101111110011111111111111111111110
11111111111111111110101111111110111101111010110111101101111111101011110111110111110110011111101110101111011111101110111111011111111011111111111111111111111110011001111111111101010111100001111101111110111100111101110011111101111101100011010111110111010111011111011111101110111011111111111111111000011111011111111110011111
11111111101111111111111111111101101111111111111110011011111011111111011011100001110010110111111000111110100001101111011110111111011111111011111101110000111111111111111111110111111111111110111110111110011111100100111111111101111111010111110111111111111110110111110111111101111111111011010011110111011111111111001111100101
11111011111111101111111111111110111111111101111111101111111111111110111011111101111110111111111111110110111111111111101110110111111011111011011100111111111111011111111111111111111110001111111101110111101111111111101011111111111111110111111111111111011110011111111111111111111111011101111111111111101111111111111111111111
11110110011111101111111100111111110101111110111110111111111111101111011111111101111111110111111101111100111111101111110111111111111111111011110111011111111111111111111111110111111110111011111111111111101010111111111111011111100101111111111000111111111101111111111110111101111111111011111110011011110111111101100010101111
11111111100110100111111111111111111111110101001001101010111111111111111011111111110111111011111011111111111111100111111111111111101111111101111111001011111101111111111011110111101111111111111111110110111111111111111111011111111011101101100111011111111111110111111111011110110001111111111111111111110111111111001011010110
11111111011011111111101011001110111111101101111111101010111101110111110101111111111111111111111111111111111111101011011111111111111110111111111111111111101111111111011111111111111111111111111110101111111011111101110111101110111111111011101111111111111111111111110111111111101111111111111111011111111111111111111111111111
11111111111011111111111111110111111101111010110011111101110111111111111111110011110111010111111111111111111110011011111111101111011111111111111110111111101011111111111101111111011101111011101111101111111010111111111111100111101111110111111111111111111111011111110111111011111111111011101101111101111111010111111111111101
11101011111111111101111111011111100101110110111111110111101111111110111100111101011011111110111111111111101111111111111111111111010101111001111110011011110010111111111111110111111111110111111011010011111011111111111110111111110001001111111101111101011101111111110011111111111111111101010111010111011111101101111111011111
11110011111111110110111111111111111101101111011111111111111101111111110111101111111111111111111110011111011111111110011011111101101111110111101111101111111111100111111011101111111111110111111101110111111101111110110111111111111011111111111111110111110111110111110111111111110011101110111110101111111111111110111111111111
11110111111111111011111111111101010111111111111111111011111111101111111110101111011011111111110111111111111111110111111000111101111111111111011111111111111111111110111111111111111101111111011101011011001111110111001111111111111111100111111101111111101010110111011111101111010111110110111111111100110011111011110111111110
10111111011111111111110101111111111011111110101111111011011111111111111111111101111110111001110001111101111101110111111111111101111111111101011110111110111111011111111110111111011011111111100111111101110001110111111111100101100111111111011000111110111101111111101100101111101101111111101111111011110111111110111111111111
10011001111111110111111111110111011111011011101011011011110110111111111110110001011110101111001111011111111011111010111011011100111110111111011111001111110111110111110111111111101011111111111111111111101111111111111111110101111111011101001111111111111111111110111111111100011110111100100110111101001111011111010111111111
10101111101111111111010110111111110111111111110111111110101111111111011111101111111111111011110111010111111111111111110111111111111110111100110011111111111111111111100111111111111011111111111011111111101111111111111111111111111111111111101101111111111100111111111101011011111111110111111011111111111011011111111111111111
11111111100111001111111011111111111111111011110111111101111110110110111100111111101111111110111111111111111110101111100111011111111111011110111101110110011010111111011111111011111111111001111011011111111100101110101110111111101101111111011110001011111011111010011001111010001111111110111011110101011111111101110111111111
11111101101101111110111110111100111111011111111111111111011111111111111111110111100110110011010011111111111011101110111011111111111111111111111111111110111111111011111111111110111011111111111110110011101001110111111111111111111100111111111100111111111111101111101111111110110101111111111111111101111111111111101111111011
11111111111110111111011111111101111111101110011111111111111001111111111111011111111111101111111111111110111111111111110011111101111111110101111011001101111111111111111111111101111011111110111111111011111101111111101011001111111111111011111001111111111111111101110111100111111011111011111111110101110101111110111111101111
11101101110111011100110111111111110111011111111101111010111111111111111111111111111011111110111111111101101111111111110111110011101111111110101111111111111111111111110111111011111111101111101111101011101111111111101111101111101111111111011110111111111101110111011111111011111111110100111101111111000111001111100111011101
11111111111111010111111111111111111110101011111011111101010111011011111101111011111011101110111111101101100111110110111111111111101101111111111101111101000101110111011010100111111111111101111111011111111111011010101111011011101111100110111111110111011110110111111111011111100111110110101111011011111110101111111011111111
10111111011110111111011111111111111011011111100111111111111111111110111111111110111101101111111111111101101111101011111111111101111111111111111111110111101111111111111111111111111111101110101111111110110111011111111110110110110111111111111111111111111111111111110111011111111111110111101111111101111111101111111110011111
11111111111111111001111011111111111111011111111111111111011111111111111111011111101101111111011111110111111111111111111011111111111011110111110011011111110111111111011111111111111111111111111111111011111111111111111101111010101111101111111111111111111111111101111001111101111111111011111101111111011111111111111101111111
01111101111111111111111111111111111111111101111111110111111110111111111011111111111110011110111111001011111101111110111111110111111011111111111111111101101011101010111110110111111111110011111111111111011111111001111111111111111111111111111111110111111101111111101111010001011110110111011111101111111111101101111011111111
11111111011111011111101111111111011111111111111111110111111111110110110111011111011111111111111011010111011011111111111101011111111101010111101011010111101011110111111111111111111111011111111111001111111011111111110111111011111111110001101111111111111101011011111110111111111101010100110111011111011111101111111111110001
11110011111111111101111111111110111111100111111111110011111110110111111111111111111111111111111111111111101110111111011111111111111101111111001110101111111111101111111111110111011110110011111100111111001001111111111111111011101111111011111111111101011101111011111111011110111011101111110111111101111011111101011111111011
11101110111100011011111110101111111111001111011111111111110111110001000111111101111111111111111110111110110111011111111111111101110111111111111111101111111111111111011101111101011111111011101110010111111111111000111110011111111110111111110111111111001110100111111111110011110111111011101101111111111101111111111011110101
11111110001111101111111111111110111111101111111011110111111111111111111111111001111110111110101111111111111111111011101110111111011111111111111111111111011011111111101111111011100111111111111111111010111110111111111111111111111111011111111111111111111111111111011110110111111111111101111111111110111110111111110011111111
11111111101111111101100011111101111001111011111111111011111011111111011111101111111100111111101110111111111110111011111111111111111111111010110111111110010111111110111111111010111111111101110010110110110101111101101110101001111111111111101111111011111111101111111111111111111111011101111111011111111011010011001111111111
01010111111011111111001011111111111101100111110111101011111110111100111110111111111111111111001111110111101111111110110111111111111011111110111111111000001111111101111011111010110111011111111111111111111110111011011111110111111101111101011010111011011011101111011111111101111111011111011001111111111111011111111111111011
11101110110111111111111111101111111101110111011110011111110111101111111001111111111111111111011011111011111111110111111011111110110111001111111111111111011101011111110111110111111011101111011111111111111110111110101011111111111110111111101111001011111111011101101111111111111011111111001101111111111011111110111111110111
11101111111110101111111111101111111100100110111111101011011111011111111111111101001111111001011111100110111111111011011010111101111110111111101111111011111101100101111111111011111011111110111111111110110110111111011101110011111111111110111111111101011111111111111111111111101111011111111000100111101010111111001111111110
11111101111111111111101011111011111110101111110111110111111111011011111111111111101111111111011110111111111110011111111111000111111100110100111101111111101111111111111011101111111011111111111111111111111111111101111011101101111110111111111111111111111111111111111011111100101011111111110111111111111111111111001111111111
10111110101101111111110001111110101011111111111111011111111011111111011100111101111111111111111111100110111101110111101111011111111110100110101111110111110011011011011111111111101111110111111001011011111101011111111111111101111111110010111101111100111101111011111111111111100011111011111111111111011111111011111111111111
11111111101110111111111101011111011110100111111111111111001111111111110111011111101101111101111111111111111111011111111111111111101110111111111111111111110110111111111111111001111111100111111101111111111011111111111111111110111101110111111101101011111101111111110011011111111111010111011011110011101011111011000111111111
11101111111111111011101101110110111111111111110111110111111110111111111111110111001111111111001111110111111011111111011111111111101111100101111111011111111101101010111111111111110101111110010111101101111111111111111111111111111110111111101111111110111110111011111111111010011111111101111110011111111111111111111111101011
01111111011111111111111111100110101111110101111111110111111111110111111111111101111111111111111100111111110111111111111111111111111111111110111011111111111101111111111101110110111101111011111111111111111111111111111111011110111110111111011111111111110111111101111111111111110111110111011111111111111111111111011011101111
11011111111111101111111100111101111111111100111101011111111111111111110111111111111011111101101111111111111111110111111011111111111101110111111111011111101011111111111111110111011111111111111011111111111111111101111111111111111111111111011101111101110111111011111011111111111101111111111011101011111001111011110111111111
10111111111010111111011111101111111111111110110101111111011011101111111011111110111101111101111111101011111001011110111001101011111111111111111111111111111111111111011010111101111101111111111111010111111011011010111111011111011110011101111100101101110111010110110110111011111111111111110011010111111010111010011111111111
11111111111111111110111101110011110111101011111111111111101101111101111111111111110111111111011010111111110111111111101111110111101111110111111111111111111110111111101101111111111101110011111011111111011111101111111011111111110111111110111011011111111101101111111111101010011011111111110101011111011111110110111101111110
11111101011110011101011110011110010011111101111111011110111110111110110111011111111111101111111111011110110110110111101111011010011111111111111111111111110101111111011111111111111111111111110101111001101101111110111111000110111111111111111101110101011111111111100111111001111110111111110111111111101111011111111111011111
11010111111111110101101110011111111111111011111111110111111111111111011101101010111111111101111011110111011111110101010111111111111111101111110111111111111111100110110111111111111110110110011111010111110111111101111111111111100011011111101010111111110111111111111111111111101111111110111111110111111111111111111110011111
11101111111111111111101011111111111101111011011111111111111111111110111111111111111011111110111111111011111011111111111111111111101111111111111111011111111111111110111101111111111111011111101111111111110111111111111111110111111101111101101011111011110111111111111101111111111111101111111110101111111011111101010111111111
10110111111001111011011101110111011111110110111111111111111111111111101101111101111011111101111011111111111110110111010111010111100111111101111111111111100111100111011011111101111111101011111011100111101110011101111110111111110111101111111110111100110001111111111111111101101111011111111111101111111111111111111111111001
11111101111101111111111111111011111011011111110111001010110101011010111111111110111110111101111101111011111111111111111111111101111111111110111011111111100111111111111111111111111111111111111101111011101111101011011100110111111111011111111111111011111111111111111111011111111001111101101111101101110111111111101111111111
11011110111111011111011111111111011110101101011111111111011110111111011101111111111111111101111111111011111101011111110111101011011111101101111110101111111111111110100011111011111011110100001100110110011111111110111111111111011110111111011111111111110111111110101111111111111111110110111111111111111111111111101010111101
11111111010111111110111110110111111111111111101111111101001011111111111011111011111111111011110111111111111111111101111111111111011111110111111111111111111111111111111010111111010101111111111111111111111111111111111111011111111110111101111111100111111111111110110111111101101111111111111111111111111111111011111111111001
11111101011111111011101111111011011101110111111101111101111101111111011111010111111111111101101111111111011111111111110111111111111111111111111111011110111111010111011111111111101111111111101111110111101111110111111111111111111111110111111111011111111111101111111111111011101101111011111111111111111111101111110111111101
11111111101011111101110110101111111101111111110001111111011111111001011111111111111111101111111111011111101111011111111111110111111001111111111101101111111111101111101011111101100101111111111011111101111101011111111111111111101110111111101111010111110111111101111111101011111110111101111101111111011111110111011111111011
11111101111011111111101101111100111111111011100011010111101111011011101111111111111011101111011111101110000111111101101111101111110101011111110010111111011111111101110111111111111111111101111011111111011100111011111111011111110111111110111011111111111011101111011100111111010011101111011111011101110111111111101111011101
11111111011101111111110111110011111011101111111111111111011111110101111111111111111111111110111111111101101101101011111110110000010111111110111101111111011011100011111111101110111111010011111111100111110011100111101111001101011111011001111110110111111111111111111010111010111110111100111111110110111100111111111111011111
10111111101101111111111111011111111100110111111101111111110010111101111110110111111111111101111111111101101111111111111111111111101111011100011001111111011111111111111110101111110110111101111111110001111101111111111111111111001010111111011110111110111111101111111111111111111011111111111110010101110011101110101110011110
11111001111011010111111111110111111111111011111111101111011010111111111110011111101011011110110110101101110111111101111111111111111110110111111111011110011111011111111111111111111011111111110111111111101111010110111111110110101111110111101111111011011111111111111111101011111101011111111111111101111111111111011001011001
11101111111101111110111111111110111111110111010110011111110111110111101110110011011111101111110111010011111111001010111111111111111111111101111111111111111100110111111110111111011011110111110101111110111111111101111011001111111111111111111111110111110111111101011111111111011011111001100111111111111111111110110111101011
11111110011100111111011111111111010011111001111110111111101111110101111110111111011111111011111111111011111110111111111110111111011110111111111111111011110111111011111111001101101111111001111110111011101111111011111101111111111011011100111111111111111111110110101111111111101111011001111111011111111111111111111000011011
11111111101111111111111111011111111111011011111111111011110111111111111111111111111011100111111010111111101011111101110111111111011101011101111011111111111100110111111111111111100011011111101111111100111110101111111111111101111111111011111111111111110011101111111101111111111111111111011111101111111111111101111111111111
10111111111111111111111111111011011111111111111111111111111111111111010110111011111111111111111111111111111111111101111010111011111011111111100111111111111101111101111111111110111111111101111111110111111011111111111111111110111111101111111111111111111011111111111101000011111100111011111110011011111111111111111111111111
00111111101101111111011111111111101111011111110111111111111101011011111111100111111111111111111101111111111111111110111111111111111111111011111111111110111110110110111111110101111111111110111111111011111101111111011011111110111110011110011111111111111101110111110111111111101111110011011111111011101111110111110011111011
00111111111101111111111100111111111101110111111101100111001111101111111111111111011110100101111111101111111111111001111011111111111111011111111111111111110111110111110111111111111111110111111111011111111111111101111110111101111110111111111111011111111111111111111111111111011111111111111111111101111111111111101011101111
11111101100011111111011101111111101111111111111111111111010111111111110111111111011001111111101111110111101111011011101110111111111111111111011111111111011111111111110111011111101111011111111111110111111111111111111111111110011111101111111111101111111111111111111111111111111101111111111111111101111111111111101110111110
11111111111111111111111011001111111111011110101111111001101111010111010110110000111111101111101101111101101111010111111101101111101111111101111110111111011011011111111111010011111101111111010111110101111111110111101111110111111011111111111100111111101111110111111111111101111111011111101111111011011000111101110111110101
11111101111111111111111101111111011111111111111010111001111111111111101111101111110111101110100111110110111111110111111111111111111111111111111111111011101111111111111111111111110111111111111111111111111111011111110111101111111111011011111001111011111110011111111111110011111111011111101111111111011110101100111110111111
11011111111111111110111101110110010101111110111100111111101011111111111111000010111101110111111111111111111111110101111011111011111110111111111111111111111111011101111010110111111001011111111111111101111011011111101111111111011111111111111110101110110111111111110110111111111110011111001111111111110011011111111110101110
11111111111111110111111110110110111111111111110101111110111101111111101111111101111111111111111101101111100010111111111111111111111011011111111011101111111110111111111110111110110111001110111111111111111111111111111111111110111111111011101111110101111111111011110111111101111101110111101111111101111111110011111110010111
11111111111111111111110101111011111010111100011111001110011111111111111111111111111111011111101111111111111111111110111110111111111111111111101111111111111111111111111111111011111111111111111111111101110011111111111010111111111011101110111111111111011111111111111111111010111111111111111110111011111111111111110111111110
11111111111001111111111111111111101011001111111111111111111111111011101111111111101111111011110110111111110011111100001011011111111111111111111101101011110110011111010111110101111111111111110111011111101111010111101111110111111110111111111101101111110001101011110110011011100111111111111111111111000110111101111111101110
