11011010110111111101101111111110111111111111110001101110100011011101111110111011110011111010111011011111010111111101111011100101111111011111101111111110111011111100111000111011111111111001111111101110101111101111111111111111011101111101100111111111111110111011101111111111011111111111111011
11111001111111110111111111111111111110111110111111101101111111111111111011111111111111111111111111101111111101110111111101111111111101111111101001111111111111111101101111111101101111111111010011101110111101111111011111111010111111111111011101111111001110111111111111101110111111111111111111
11110111111001111110110111111111100101111100010101111111111111101111111111111111111111011010111010011111101111110011110110011001111111111111111110011111111111011111110111011111011110101111011111011101110111111110111111111111100001111101111111011111011111011011111110101111001111111111110111
11111111111111110111111111001011110111100111111111111111111111111011111011111111111101101111110111110111101111110111111111110111111111110011110111100111111111111111010101011111111101110011110111010111110101111111101101111111111111111111111111111111100100111111110011111111011101110111111000
11101101111101110000110111101111111111001111111111101011100101111111111001111110011110100111100011111101111111111110111111111111111111111011111111111110001111111110111111111101100111001011111111111111111111000101111110110111111111111110111111111111111000101011111111110110111111011011111111
01101100111111101111111111111111111101111111111111111111111110111111111111000111111000101111111101111011010000111111111111001111011001111011111111100111010101111111111111111101110110111101111111101110111010011111111111111011111111011111110011111111111111111001111111111111011110100111111110
10111111111001111111110111000101011101101111111110111111111111111111101100111111110111111111111001111111101111011110111111111111111111101111111101011111111101111111111111111011101111111111111111111110111011110111101111111111111111111110111011111101101111101111011010111111111111101110111111
11110111111111110110111110111001111111101101101111111111111111111111111111011101111111111101111101111111111011001011111111111110100111101111111111111011110111111101010011111101110011111101101111111101111111111111101100111111011111111101011111111111111111111111011101111111101011011011110110
11110111110111111110111111111111111111011100111111111111111111111111001010111111111111100011111111111111101111111111111110111111111101111010111110111111111110111011011111011101011100101100101011111011011101110011011111101100111111111011111101100111101111011111111010111111101011111011111011
11111111111111111101111111111111101111011111111100111111101111111111111111110101111111011000111111111100111111111111111100111111111110111111111110111111111101111111011101111111011111111111011101011111111111111011110111111111111111101111111011111011010111111111111111111111111110110111010101
10110111111110101111011011111110111111110111111111011111111011111111011111111111011111111111101111111111011100010111111011111101110111111111111111101101111111111111111111111110111111111111111111111111111111111000111111111111101011111111011110111111011111111111111101111111111110111111111111
11111011111111011111100111111111111111111111111111111100111111111111011101111111110111111011111111111111110110111010011111111111111110111111111110101111111101111001111111111011101000111111110111111111111111111111111111001111111111101111111101111101111111111101101111111111111111111111011111
11110111111111111011011111111100111011111111111111111111101110111101111111111110111111111111011110111111111111111111110110111010101111111111101011111111111011111111111011111111111111111111111111111111111110101111111111101111001111101010111111111111111111111111111011101101101011111011111101
11110111111110110101111111101111111111111111111111111111011111111001111111101111111111111011111111101111111111011110111111111111111111111111111101111111111111111111001011111111101111111110111111111110111111011111111111001011110111111111011111111111110111011111111011111011111011011111010111
11101010111111101111101011111011001111011111111011100111101011111110111111111111111111001111000111111101011110001111111111101101011001011110111111011100011111101110111111011111000011101101111111111111111111110111111111111111111110110111111101111101111111111111111111111101111111110111111110
11111011011111111111111111111101111111100111111111111111011111111111111111111011111111010111111111111111011111111101011111110111111011110101011111001111111111011111111111111101111111111011111111111111111101111001011111011111111111111111111110101111111111011110111111111111001111111111101111
10111111111110111111111111111111111111111110110111101111010101101101110101110111111101111111111001111111110011111111111101111011110011111111011111011111111111111111011111111111111010111111011111111111111111111111101111111110111111111111111110011111011111111111101111100111111110111011111111
10011111011101111111111111011100111110110111111111010111111010011111111101111111111001111111111011111011111111011111111111111111111100101111111111111011110101111011111111111111101111111111101111011111101111111111111011110111011001111111111111111111111111111111111111111111111111111111111111
10010001101111111100011011111111111110101111110111111111111011111111110101111111111111010111111110011111110111111111011001111111111011111001101110110111111111111111101111101111111111110110100101111111011111111110011111111111110111111101111111111111001111111111010110111111111111111111001111
11111111111110111111001111111101010111001101001111111111111111111111111111101111010111111110111111111111111100111001111110111101110111111101111111101101101110111111111111111110111111111111011111111111111011110101111101111111110011110011111111111111011110011001111111111101111110101111100111
11111101111111111111111101111111111101111111111101111111111011111111101011111111111111111101111101101111111101111111111111111111101111101111101111111111111111111111111101111011001111111111111111111010111111111111111111011111011111111111111111111111111111111111101111011100011111011111110111
11111101111011111111101111111001101110111011111111010111011011111110111101111111111111111111111111111110111111010111111110011011110111111111111111101111111110100111011111111111011001111011101011111111110111111101111111111110111111111111111011111111111111111111100111111011111111011111111111
11110101111111111111111111111111011111111111110111111011111001011111111101111100111101111111111111111101011101111111111111111111111111111011011111101111111001111111111111111111101111111111111111111111111011110110111111111111111111101111111011101111111111111111111101111111111111011111111111
10111111011111110111101111111101111111110110111111110011111101110111110100111111111011111111101100111110111110101011111111111110011110111101111011111111111111111101011111110111111111100011111111111111100111111011011111111101001111000111111011100111011111101110111011011101101011111111111111
11111110111101101111111111110011111001100011111111110101111011101110111111110111111101111111101101111111101110110111111100111011111101110111111111111111111100000111111101111111111111101110011011110111111111000111111111111110111111011111111010110110111000111101111111101101011111110111111011
10111111111111110111111111110111011101111111111111111111001111111110111111101111111111101111011111111111101011111111111101011111101100110111111110101111111111011011011111101111011111111110100111011111001101111011111011110111111101011111111111111110111111111111111111111110111110111111011011
11111101111111111011111100101110110111111111101111111111011111111101110111101111111111111111110110101111111011111111000011011011111111111111111111111111110111111111111111111111111111011111101111111111110111011111111110111111111111111111111111111100111110101011111111111111110111111111111111
01111011111110100111111101110011111111011111111111111001111111101111110010111100111111001110111110111101100111111011111100111110011110011111110111100011011101101111101111101111111100011111110111111111111011110111111111110111110111110111111111011110101100111110101111111111110111111101111111
11101111111111111110111110111111111011111101111110111111111111111111110111111111010111111111110111111111011100111111111111011110111110101101111111111101011111111110111101000110101101100111111101011110110111101111101101001111111111011111111111111111111111110101011111111101110111101111110010
01111101111111111111111111111111111111110111111111111011111111110111100111101111101101111111111101111110011101111111111101111111111010110110111111111110111101111010101111110111111111111100011111011111111110011011111111111011111111100111111111111101110100111111110011111111010111111111101111
11111111011011111011110110111111111111101111011111101011111111101101010111111111111011101100011111111111111111111111011101111110101111111111111111110111100111111111111111110011110111110111111111111011110111111011110111111111111111111111111101111111111011111111010001111101111111011101111111
11111111111100111111110111011111011111101101110111110011011111111111111111111110111111101111101011100111111101110101101111111011101111101111110101111110011110101011111011001111011110110101111011101111101101011011011111111111111111000111111111110111111101111101111110111111010101111011110011
10111111111111110111111011111111010111010101111101111001111111111110111101011110111110111110111111011111011111111111111111111101110111111111011111111101101111110100111100011110111111111111110111111111111111011111111111011101001111111111111111100111111111011111111111111111011111111111111111
11111110111111111111011111110111111110011111111111111111111111110111101011011011111111111101111101110111101111011011101101011111100011110111101110101011101111111011101111111110111110011111111111101111111110111111011111111111011111111101111111110111111111111011011111111111010110101110011110
11111111111111011111100010110011101101110101111111111101011111111101111110101111111111111101111111101111101010010111111111111111011111111011110111110111111111111111111111111111111010111011111111111111111111110111111111100111110111110111111110110111110111110111011101110111011111111110111111
11111111011101110111111101001110011111011100111111111111011101110101111110111110111000111111111101111111111111111111111111111011111111110110110110111111111101101001100111111011111101111111111101011111110101111011111111111111111001111111111111111111111111111111011111111001111011111011111110
01111111111101110111100111101011110101110011111111110011111111111011111010111101011111111110111001011110111111011011110001101111111111111111111010111001110111111110111011111110011111111111010111111110110111101101111110111111111001111111111111100111111011011110111100111111111111111101010111
10111111011110101111111110011101110111111100011111111101101101110011111110011111011111110111001001011111111111111111111111011111101011110111111111111110101111011111011111101111111111010111111111101111111011101111001011111011111111111111011111110111110110011111001010111010111111111110111101
10011100101110111001111111111111111111110111111111111111110110110111111111111111111111111100111111110110101111111111111011111111111111111111101111100110111011111111111111111111111101011101111101111011110111111111111111111111010111101111111010111001111111011101111011111111111111011111111010
11111111111101111101111111111111101001110111111100111111111111111111111101111110111101101101111111111111011111111111111111111000111111111111111110101111011111011111101111111111101110111111111111111011110111111111110111101111111111011101101111111110111111110111111111101111110111011110111111
11111011111011111011111011011001011101111111111111101111110111111111110110101111011100111111111110111111101110111001111111111101111111111011011111111111101101111111111110010111111110111011111111111110111010101111101111111111111111111111111111111111111111111111111001011111111011011111111111
11111111111111001111110111111111111101111101111111111111111011111110101111111111111110011101101111110111111111110111111111001111110111111111111010011110111111110111111111011111111111111101110111011111111011101011111111011101110110100111111111110011111111110111110111101111011011111101011110
10011111010111111111111111100111011011101111101111111111101111111111111111110111111111111111111110110111101111111111111111101111111111111111111111110111111111111110111111111011011110111111110111011011110111111110111111111011101011111111111111011110111111011111110111111100011111111011011101
01111101110111111111111111011111111011011111111111111111111101111111111011111011111111001010101111111111110111111011111111111111111111111011011111111111010111111101110101110111111110011111001111011101110011111110111111011001101111001011111111111111011110101110011111011011000011110110111011
11111011011010111011111110110111010110111111011111111111111011101111111111100011101111111101111101111111111001010011011111111110111110111100111111011011111111111001011110111001111011111110101111101011010101111111111111111101111111111011100011110111111111111101111111011111011111001111011111
11110111111110111011111111010111111111111111101110111111111101111111111111111111101111100111111110111111111011111110111011111111101010111110011111110101111101111111111111111110011101111111111111111111111110111111111110101011111100111011101011111110111111111110011111110111111011111111110011
01111111111111111000111111111111111111111111111111011111111111110111111100111101111111110111111101100101110001110011010111111001101011101111101110111101111100011001111010101111111111001111110110110101111101111111111111111001111011111111101110110011111010111111111011111111101111101101111011
11111110111111111111111111011000111111111101111011111011110001111111111001111001111111110111101111111100111101111111011111111111111111111001111010111111101101101011111110011111111111011111111111111111111110111110110101110011011101010110110111111111011011111111011000111111111111110111100110
11111111111101010111111111111111111101111111111011111111111111110111111100110101111111110111111111111010111111001111111111101111111111011111111111111111011011111111110111111111111101111011111111111110011111111110110111111111111111011110111111111111111110111111110111111110101111111111111111
00110111111101101111111111100001011111111111111111010001111111111111111111101011101101111111010111011111111111111101111110111011101111111111111111011011011111111111011111110111110111111111111111110011111111101011111111111110111111100111110101111011111000101111111111111101111111111111111111
11111111010111111101111011011011111111111011111011101111111110100111111111011111101111111111101010111101111111110111111101111111101111111111001110011111111111110110111010111111110111111101111110111111011001111110111111111111111111110111100111110111111001111111011111111110111111001111111111
11111111111010011111111111011111111111111110101010111101111011011111111111110111101111011111111111111100110010111111101111110111110111100011111101110101111111100100111111111111111101111111101101111110111111101111111011111111010111010101111101111011011001111101111101111101111011111101101111
11011111111111101110011001101111110111101110011011101111110111111011111111111010111101101111111111111110111111101011110111110111111111011111001111110111010111111111111110111110111011111011101011111111011111111101111111011111111111011110111111111110010101001111111111110111111010111111011111
11101111110111111101111111111111110010111111011011101101111111101011110001011011011111101111111011111010100111110111111111110111111111111111110111111111011111111111111010111101110111010111111111111101110111111101111111000111111011111011111111111111111111110111110101111111110111011111101011
10110111111110111111111111111111110101111111111111111110011111111111111110101111101101111011111111111011111111011111111111111101000111111101111110011000001100111111011101101111111011100101111110101111111111111111111111111111110111110111111111111101111010010011111111110110100111111111101110
01111111111111111111111111111111011111111111111111111011101110111101011110011011101111111111111111111110111111110111111111111110111111101111111111101111110111101111111101100111111111111111111111101111111111111111100111110111011111111111111111111111111111111011111111111111111111111101110111
11111111101110011111011111111100011111111111111111111011011111111111111111101111111111111111111111111111111111110110011110111011011111111111111111110101010110111111111111111111111111011011111111011101111001110111000111110111110111111011110111111111011111101111111110111111110111111111111110
11101111111111111111111011011111011111101111111111111111101111111111111111111111011111111110111111111111111111101101111111111111001111001111111101110110011111111110111101111110111111111111111111101111111110101010111111111101111111111111100111111111111111111111111101111111110111111111111111
11111111111111011111111010111011110111101111101111111010011111111111111111111011110111111111111111011001101111110111111111010111111111111111110111111111111100111111111110011111111011101111111011110111111111111111111111111110111111111111111111111111111111111110111010111111111111110111111101
10111111111111111011110010111111111111111110011111111111111111111100111111101111111011111011110101111111110111111011111111111111110111111101101111111111111111111111111111111111111111111101111111111111111111111011111111100111111110110111101111111111110110101011101011111110111011110111111111
11111111111111111101111111011101111111111111111111111111100111101101110111111011011111111011111111110111010111111111111111011111011010111101111011011111011011111111011111111111111110111111010110111111111111011110111111111111011111100111111111111111101101111111010111011111111111111101001110
11110111100111111111111111111111111001111111111111111111111111110101111111111111110110111111101110011111111111111111111111111111111111111001111101111111111111010111100111111111111111011111111111111111111011111111111011111011011011101110111111111101111111111101110111111111111111111011110111
11111101101111110110111111111111011101001111111110111110111110110110110011111110111001111110111111111111010111110111111100111111111111101111110111101011110011010101111111110101111111110101110111111110110111111011011010110111111110110111101111111111101011011111111110110010011111110111011111
11111111111010101111111111111110011011111101110011111111001111011111101110010111111111011110111111111111011110010011111010111111111110111111111011011011101111011111101111011011110111011101111110111111111111111111011111111111111110101001111111110011111111011111011111101110111111110010111111
10111011101111111111101110111111011011101110111111011111111110111111111011111101111101011111111110111111111111110111110111111111111111011110111111111111111111111110111111101111111110101111111111111111111111111111111111111111111111110111111101111110111101011111111111111011110111111111111111
11111100101111111111111110111011111111111111111011111111111111111111111011101111111111111111011111001110111000111111111111111111111111110101110111111111111111111100111011111111111111111111011111011111111111111111111111111111111111111111111101011110111111011111111111111110110111011110111111
01111111111111101111111010111111101110111111110101111101101111110011111111111011101111111101111111111111101111111111111111101111111011101111111011100110111111111111111111111101111101001111000111100111111111111111011111111101101010011111101011111111111111111111111111111111111111111111101111
10011111011011111111100110011111111111011011111111111000111101101110111011101111110111111110111111111101101111101111111011011111101111111100111111101011111110111101111111111111111111011110111111111111111111110111111110011111111110011110111110111111111111111011110110111111001111111111111111
11111111111111111111111110111001111110011011111011111111111111111111111111011111111111110111101111111011111100111111111111111101010111111111110111111111111110101101111111101111111101111100001100111101111110111011101101111111111111111110011011111111111110011111011111011111111111010001111101
11111111001101111101111110011111111111111111111111011111111111111111111111111111111111110101111111111111101011111100101110111111111011111001111111110111111111110111111111111011001111111111001111111111111111111101111111011111111111111111111110111111111111111111111101111111111111111011110111
11111111111011101011111110111101111111111001110110111110111100000011111101111111111111111101000011110111111111111111101111111001001001111111110101111111011111111111110010111110011111110111111111111111010110111111111111111011111111001010010101011111010110111101101111111011111011111111111111
11111110111011101111111111111111111101011110111111011111111101111111111111111111111110110111101111111110111111011011111111111011111111011111111011111110111111100111010111111011111111101111011111111110011101011110111111111111111111101110111101111111101101111111111111011111111111110111101100
11111110100101110011001111111111110111111111111110101101110111111110111111111111101100101111111111111110111110001111101101111110101111111111111111110110111010001111101011110001011111111111111011111110111111110111101111111111011111111011011110101111111111111101110111111111101111111111110101
11110111111111110011111111111010111111111111111111111111111111111111111011111011111111011101101111111111101011101110101111111111110111111111111110110111111101101111111111111111111111111111111001111111111111111111111111111111111111111110010111011111111101111111111111111111101011111111111111
11111111111011011111111111111111111111111110101111111111011111111111011011111111111111111111111111001111111110111110101111110101111011111111111101011111110111111111111111111111011111111111111111111111101111111011111101111111111101111101111111111111101110101111110111011011111111101111111111
11111111011101111111100111111111111101110111111111111111111011111111111111111111011111111100111101110111111111110111111111111101101111111011111111111111111111111110011010111001111111111111111011011110011111111111011111111011110011111111110111011110111001111110110111011111101111111011100111
11111111111111010111111111111111111111111111111111110111111111111111110101111111111111101111111011011111111101100111111111111111111110111100111110111011101110111111111111110111111111111111111111111001101111011111110111111111111111011111111011111111111011111111111011111111110111111111011110
11111101111111111001111111101111111101111011111111111111110101111111111111111111111111111111111111101101110110111111011001111111110110001011111111111011011011110011011111111111111101111111101111111111111010101111110111111111110111111111111111111011010111111101111110011111111111110111111110
10011111111100111001101111111110101011110111111111111111111111101111111110110111111111011111110111111111111111011111111111111111111011111111111110111111110101011111011111111111111111111111111011011111111111111111110110111101101111111111011011111111011001111101111111111111111111111111111110
01111011101110101101010111111111110010100011111111011111111001111111111101110111111111100010111011101110111101111101111010110111111101100101111110111010111111111111111111111111111011111011111011011011001111110111111101101110101111111110111101011111111111111110011011111111111111111111111111
11111111110011111111101111101110111111111110111111111110111111111111111101111111111110111111111111111111011100111111111111101110110111111111110111111111111111111111111111110110111101110111010111111111111011111111011100111111111111111110111111111110100111111101111110111111111111110111111110
11111111111111111001111101111111111111011111111011111111110111111111111101111011110111111111101111111111110111111101111110110111111111011011111101111111110111111001111110111101111110111111111101101101101111111111011111110111111111111111111010010111111111111111111110111111111110111110111111
11111111101101001111101111101111011111111011111011111001111111111111101011111111111111110111111111100100100110100111111101101101110011011110111111101111111011110111111011101111111101111101101111101110111011111101011110110111010011111011111111101111101111101101110111011111111111110110111111
10111111111110111111111100111111101011101101111101111111100111011110111111110111101011101111011111111110111000101111001111110110111111111111011101111111111110111111101111111011101011011111111101011111111111111111111111111111111011110111111011111101111111111011010001111111111101111111111110
11111111111111110001011011111110111101111111111111111101110111011111100110110011010111111110101111111111110111101111111111111111101010100111111111011110110101111110011010111111111110111111011101111111110111110111111111110111111111111101110110110111111111111111111011011111111111111001111111
11101111110111111111001111110111111101110111111011100111111110111111110111111111111111110111001111001111001111111101110010111111011011111111110111111111111111110111111110011110110111111110101111111111111111111110110101111111111111111111100111010011111111111011111111111111010111111011110111
11011111110011101111101110111101111111011101110011111001111001111111111101111111111100111111111111101111111011111111111111111011111111111111100111111111111111111111110011101111111111111111011111110111111111001101111111111101111111111111101011011011111111111110111111011100111111011011110111
01111011111111110011111111111011111011010111111110111111011110111111101111111011011111111111111101111111111111111111011111111111111111110110111111101111111111101111111111101111111111101111111111111111111111111111111111111111101111111111111111001111101111111110101111101111101111111111011111
01111110111101111110111101110111111111011110111111111111011111111101110111111111101011111111111101111011111111011110111011110111111111111111110111111111011111111101111011110111111111111111101011101111111111101111111010101101101111011011101111111111111111101011111111111111111111111111111111
11110111111111111111111111111111110111111111110111111111011111110101110101111111111110101111101111111111111110111101111111101011111111111110111111111111111111111111101111111111011111100111111010100011111111111111111111110111111111111111111001111111100111111111111111111111011111111111110101
11111111110111101111011111111100111100111111110111111111111101111111111111111111111110101111111111101111111110101110111011101111101111111111101111111111011111111011111111111101111101111110111101111111111110111100111110111101111110111101101111110011011111111011111010100110111111110101111010
10011111111111110111111111111111101111110111101100111111101111111111111111101111101111111011101101111111111111110110111111011110111111111101101110011101111111110011111010111111100111110111111110111111111111111111111111101110111011101111110111110101111111111111111111110011111111111111111111
01111011111111111111101111111111110101111111101110111111111111111101110111111101011111101111111111101110011111111011011111111111111011001101111111111111100111111111101101101111011111111010101111111111101110111110111111111110111111110111111111111001010101111101111011011101011111111111111101
10110111111111111111011000011110111111111110011011111111110110111111111111111111101101111101111111111111011111110110111011011111001110111100111101111111000110110111110011111111101101111111010000111111111111011111111111110111011111111111111110111111111111110011111110111111011110111111111111
11101111110101111110111011111111111111111010111001111011101111110011111110111111110111111111111111101111101110111101011010111111111111111111111111111111111111110011111111110111111111111111111111111111011111101111110111111111111111001111111011011011111011011111111111111111111111101111111111
01111111111111111111111110111110111110101001011111111011111111101111111111110111001101111111010111111111111111111101101111111011101011111111011110111111111111111111111111111011110111111011011111111111110110010111110111101111111111111111110111101111111101111011111111001111011101010011111101
11111110111011111111111110111111011111111110111111011110111111110111111111101111100111111001110111100110111111111101111101111011111101011010011111110111011111101111110111101011111111111010111101111111111110111110111111111111110111111110111001111111111111110111011111111111111111010101111110
11111011111110111111001111110111111111101011101001111101011111111111111111011111011111110110111101010001111111011111111111111111111101011110111010110111111111010111101111111010111111111111111111101111111101111111110110101111101111111110111110011111011111010010111011110111010111111111111110
01111111101101111011111110111111111111110010101111111110110011111111111111110111011110001111111111110110011111111111111111011101111110110111111101011111110111111111011111111011111111110111111110111111111111110111100111111101110111111111001111100110111110011110111101111110111011110110011001
11111111101001111110111111111111110111110111110010110111011111110111111011111011111111110011111111110110011111111101010011011100111111111111111111011111111011101111110011100111111111111110011111111111111110111001101111111111110100010111101011010011111111111101111111111111101100111111101010
