10111111111111111111001011110111111111110011011111001101111111101111011011111111111111111111101111111111001001111011101111011111001100111111111111111111111111111000101110111101111110101101111111001111111110101011011111110111100110111111101111111111111111111111111110111111111111111111111111111111111111101111101111101101110011111111111111011111111111111111110011111111111110011111111010111111011111101011111111111111111111111011111101111111
01101011110111111101110011111101100111011111111101111101111011111111101011011011111111011011111110111011101111111111110111111011111101111101011111111101111111110111111101110111111111111100111111111101011111111111111111101111111110111011011111101111111110011111111101001111011111101111111110111111111111011110011111111111011110101111100111001100011110111111111110110011011111111111111110111101111111111111101111111101111100111111101011110111
11111010111101111101111111111110111111111111101111101111111111111111111110111111111111011111111011111111111111111010111000111111111111111011111111111001111111001111111111111011111111011111111111111111111101111011111111111111101111111111111011111111011111111111111111111111111011011111101110101111111111011010111101111101111111111111111011111111110101110111111101010111001111101110101111111111011111111111111111111110011111111111111101111111
10111111111111010111111011111110111111111111111111111111111111011011011111110111101111101111111101111011111111011110111111101111111110101111111111111011111111101111111111111111111111111111111101111111010111111111111011111111111111111111011111111011111011110111101111111110101111111111111111101111111111111110111111111111110101111110011111111111111110111111110111111111111001011101111101111111111111111111111111111101111111011111111111111111
11111111111111111111111111111110111111111111111111111111010111110111111111111111001011101011100111111111111111111110111110011111011111111101010111111111111101111111111111011111111011111111111011111111111111111111111111111111110101011111111111111111111101011111011110110111001111111111111111011011111111111101111111111110111101111111101111111001101111111111011111101101111111111110101111011110111111110111111111101011101111111111111111110111
11111111111111011111101011000111101011111110011111111111111111111111111111011111111111111111111111111111111111101011111111111110111111111111111111111011111111110111000111011101101111111111111111111011110101111111001111101111101101111111111111111111111111101111111111110111111111111101111111111110111101111111110111001011111111001111011111111111111111111111111011111001101111011010111011111011111111111111110111111111111111001111111111111111
11011110111111111111111111111111111110111111111111111111111111111101111011111111011101111111111111111111101111111100010110111111111111111111101110111111101111101111101111011111111011111111111111001111101111111111111111111111111111111111011111111111111111111011111111110111111111111111111111101101111111111101011110111111111110111111111101111111111111001011111111111111110101011110111101011111111111111111111011101111111111111111111011111101
10011111111010011111011111111111101011101011110111011101111111111111111011111011111010101111111111111111011111111011101111111111111010110111111011101001110110111111011001111101111111111010111101011111111111111111011111010111110111110110111111111110111101111111101111001111110001111111111111101111111111111111110001001111111111111101111111111011101111101111111110111111110110101111001110111110011110110011111110000111101111110111111101011111
11011111111011111101111111111101110110111111111111011110111011111101111001111111110011110101101101111111111111111011111111111111111101111011111111111001101111111111101111101101111111111111111111011111111111111101100111011111111111011111101111111111111111111111111111111111111111111111111111101011011101111111001111111111111110011111111111101111111111110001011111111111000111111110111111101011111111111111111100101111111101011001111101111111
10110010111011111111111110110111111111111011101111011111101111011110110111111111011100001111111101111111111101110111111111101101111111011111101101111110111111111011110111111001110111111111110111110011011111111101100111011101111111110111111111110111111111110111110100011000111111111111101011101111111111111111011111111111011011010101111111110011111110111111111111111111010011101001011011011111111111111111111111011011111011111100111010111011
11111111101011111101111111111101110011101111001111110101110111111110111111111111111111011111110111110001101111111111010111100110111001111011100111111000111111111101110111101111111111111111010011001100111011111111111111010111111011111110011111111111110010111110111111111111011111101111101101111111111111011011111111001101110111111101010111111111110011111111011111111011111111111010101011111110111011111101111111001111111111011111111011111101
11111111110111111111111111010111111110111111111111111111111110111111101111111111111011111111001111111011110111111110111111001111111110011111111111111110011110111110111100111111111111111111110101111111111111110111111110111111011111110111111001111110111011111111111110011111111111111111111111011111111111111101011011111111111101111110111011111100111111101011111101011011111111111111111011111111111001111101111111111111101111111111110100110111
11110111110111110111111011111111111111111111111110101101111010011110011111111111011011111110101111011101111111011111111111111011111111111111111101111111111111011111110111011101011011101111011111111111010000111110111111111110111011110101110101111110101001111111011111111011111110111111101011110111110110111111111111110011101101111011111001111111101110111110111111011011111111111111101111011111011001110110111111111101111001011111111100010110
11111111101110111101111010111011011101111110111110110111111111111111111111111011110111011001111111111011001011010111111101101111111111111111011111101111011101011111101111111111111110111111111111111111011111111101111111111111001011101011111101111011111111111111111110110110111111111111111111110111111111011111011111111110111101111111111111111111011110111011111111110111001001111111110111101101101111101111110111111111110111111011111111111111
11011011011111111111101011101011110111111111011111111101111110111001111111100111111110111101111101010111111111111111111111111111111101011011011111111101011111011011111011101111111111111111100011111111111111111111101101111110111011111111111101111111011101011101110111011111011011111111011101111111011101011100110011111110011111111111011111011101111101001011110111110111111111111111111011011110111111101111110110100110111111111111111010101110
11111010101100101101110111110110111111111111111101111111011111011111011111110111100111111111111111111111111011011111011011111011111111101111110011111111010110000111110011110011101001111101111010111111101110110111111111111101111101110111111110011111111111100101011101111001111111111111101111111111111111110011110111011110111111111111111110011001111111101111110001111111111011111011111111111011111111111101110111111111111111101111111111111111
10111111111110111111110111111111111010011111101101111111111111111011111111011111111111111111011111111101111111110001011111110111101111111111101110011111111001101110111101110100111111111111011111101111111111010111100110111111111111111110111111101110111111111111111111101011111100011011111111111111110101111111010011110011111101101111111011111111111111111111111111111110010101111110110111111101111111100111101110111111111110001110011011111010
11111111111111111111101111110101111111111111111111110111111110111111111001011111011110111111111111111111111111111111111110111111111111111111101111111111111111111111111010111111111010111001111110101111111111101111111110111111111111111111111111111101111011011111111111111111110111111100111010111111011110111011111111101101111111111111011001111010111110111111111111101111111101111111110011111110111111110011011111111101111111111111111111111111
10110011111110111111110011111011011111100111110111010101111111101111111110101111010111111110011010111111110101111111111001101110111101111101111111110111111101011011111111100111111111101110111110100111110111111111110011111111110011111111111111101111101111110111111011111111111111010111111111111111110111111111110111101101101110111101111111101111111101111110011101111111110110011111111111011111111011100111111111001111110111111111111011101000
10111111111111101110110100111101111111111101111011111100111111111011111111111111110111111111101101101111111111111110111111111111111111111111100111111111111111111011011111111111111010111111001111111111111111111111111101111110101111111011011111111101111100111110111111111111111111111111111111111101111111111111111111011101111111111111111101111111110001111111111110111111110111111101100101101011110011110111111111111111000111111111111111101111
10110111111100111111111110111101110111101011011110111101110111110111001111111101110110101110001111111111010010111111111011111110111111110110101011111100110111011001111111101010111111111111111001111111011111111100111111011011111111111010101111011111111110110111111110110101011111101110011101011101111111110111111111000111111111111100111111111111110111101011111111011111111011111111111111111111111111110111111111110101111111111110110111111011
11111011110110000111111111101111101111101111111110001110101111011011110111101110111001111110101010111111111111011111100110110111111110111111110011111111111001101011111011010111111010101110110001111101111111111111111110101111111111111110111011111100111111110111111111111111111111111111111110011111011011011101111001110111011111011111111110011111011111111110101111110011111110111110001111111111101111011111111010111111111110011111101111111101
01111111111111111011111111111110111101100111111011100111111011111110111111010111101100110111111111101111101111111111011111111111111111011111110111111111100111101111111111111111111011111111111110111111011101111111111000110101111111110111111111111111111111111111110111111110110111111011100110110101111101111101111101101111111101101110111111111111111111111011101110111111101111011111111111111110111001111111111011011011110111111111011110110111
11101111111111101111111010101111111100111011111111011111110111001110111111111111101111111111001111100111111011001111111111100111111111111111110111101111111100111111011111100011111111111111111110110111011111111111101101111000111011101110011111111101111111011110111111000011111110111111111110011111011001111111011101111101011111111110110111110001101101110110111111111111111111001111101101111010001111111110011011110111110111111011111101111111
10111110111001111011111111100111111111111111111111111011111111101101111011011111111111110101101111111110111111111111010111110111111101111101111100111110111111111111101111111111011110111111110111111011001111111110011111111111111111111110111111111111111111111110101001111111111111111111111101111111111011111111111111111111001111110111101111111111011111110111111111111111111110011111111111111111111110110111111111101011110010111111111111111111
11111101111110111011111101111111111111101111111111111011110111111111111111110110101101101111111110111001110011111011111111011101110110111111111011101011101111111111111111101111111111111011111111111111111110111111110111111111110111111111011111111011110111111111111110010010110111110101111101011111011101110111111110101101111011111111011111111101111110111010101110111111111111111101111111110110111101101011111111111111011001111111111111111111
11111111111111111111110101111111111110111111111011111111111111111011101110111111111111111111111111010101110111111111111110110111111111111111111111110111101111111111111111011111111111110111111110111110111110111111011111111110101011111111111111111111111111111111111011111111111111111111111111111111111111111111111111111011011101111011010110101111111111110111111111110111110101110110101011111111111111111101111111011100110111111100111110111110
10111110111111101100100011111111111111111011101110101101111111110101111111111111111011111110101111100111111011111010111110110111011101011111111110110101011111111001111010111111111011111111101011011101111111011110101111111111111101101111111110110111111111010111011101111101111010111111111111111011111111111101111111111010111111101111111101111110011110100111111100111001111111111101110010111110111111111111111111101111110111100111100111111111
11110111111001101111111111110001011111111000111101101110111111111111011111101100111100111101111111101011111011011111111111111111111011111111111101110111111001010011101111111011111110110101011101110110111111111111100111111110110110011111111110111111111111111111011111111111111101101111110111111111010011011101111111101110101110111011110111101111010111111111110100111111110110111100111110111011111111110101101111111011000111111111111111101110
01111101111011111111111111111011111111111111111101001111111111100111101111011011111010111011111111101101011110111100111111111011011101011111111110111111111111011110111111110101011111111111111010010111111111101111011011111111111111100110111011011000101001111111110111011101111001110111111111101111111100110111011010110010111111110111111111001110111111111111011111111111111111101110111001011101111111111111111111111001111111111110111111111111
11111110111111111111111111111111110111111111111111111111101110111111101111111101110111110111111111111111111111111111111111100111111011111111111011111011111110111101111111111111111111111111111111011111111011111111111111111110101011101111011111111111110111111111111111111111110111110111111110111111110111111101111111111111111111111001111111111110011111111110101111110111111111111111101111111111010111010111110111011101110111111111111111111111
11111111111111111111011110011010111111111101011101111101101111011110110111101101111111111111111111101101111101111111111111100111111111110111101111111110110011101111111010111111111110111011111011101011101100001011111111111001111011111111111111110111111111110010111110111011011000001111111110101101101111111111001111100110100111111111111111101111011111101011011110101111111111101011101111111111110110110101110011111100111111100111111110110111
11011011111111111101111101111111110111001110111101111111111111111111101111111111011110111110111011101111111111111101111110111111111111111111111011011111111111110111101111110011111111111110101111111111101111110111100111010111110111101111011111111111111101110110111111111111111111110111111011111111111111111111111111111100111011111101111110111111111111011111101011101111111111110111011111111010111110111101111011111111111110111011111011111111
01111111111111111111111111110101111011111010111110111111111111101111111110100110011011111111111111111111111011111111010111111111111111111111111111111111111111111111011110111101011111110111101101111111111011111111011101001111111101111101111110111011111111011111111111111110111110101111111010011111111010111111110111111111110101011011111111111110011110101111111111111111111111111111010111111110111111010111111111111111110111111111101011110110
01001011111111111111011010111001111110110111110011111111111111110111111101111101101111111100011111111101111111111111111001110111111011011101111110011111110011111111101111111111111111111101111011111111111100111100111100101101011111101111011111111111111110111100111100010111011111111111111110111111111100101110101111101011111011111111111111111111101111111111111111111111111101110111111111111010111001000111100011110111111111110111110110011001
11111000111111111111111111011111110111111111100011111111111111111111101011111111111101111111101111111110110101110100111101111111111011100110111110101101110010011111010100111111111011101110101111011001101111111111111011110011111111110111111101111101010111110110111111111110110011011101100101111111111111111111111111111111011111110011111001111101101101111111111011111111111011010111010100111110111111110111101011111111100111011111011111110111
11111111111011111111011111101100111111111111110111011111111111111001111011111111011110111110101111111110111111111110111110110111111100110111111111111101101101110111111111111101111111111011111111111011001101111111111011011001010111111111111111111111111111111010111111111111111111111110111111111111110111111101111111110110111111111100111111111111111101111111111111111110111111101101111111011111110101001111111011111101111010111101111011011111
11111111111011111111110011111111111111111111111011110101111111111111111111011111111111111111010111110011101111111111110111111111111111101111111111111101111110011111110110101101111011111111111111111011101111111111101110110101110110111111111111111111111111111111111110111111111011011111111111100010101101111011111111101010011111101111101111111111111111111111001111111110100111101111110111011011111111111111111111010111111111111111110111111111
11101111111111101111101111111011111111111110110111111111111111111110110111111111111110111011111111111111111111011011111111111111001101111011011111011010111110111001111111111011111111111011101111111111111011111111111011111111111111111111111110111111111111101111111111110111111110111011011101111101101101111110110111111111111001111111100111111011111111011111011011110111111111110111111111011101111111110111111111111011111001011111111011111111
01111111111111111111111111111101111110011111101111110111101011111111111111111101111110111111010111111111111111111111100111111111111111111111111111111101011110111111111001111000101111101111111111111100110111111111111111111111111111111111111110111111111111111111111111011111111101101111111011101111101011110111101111111111011101111111111111101110111111111111111111111011111111111111101111111111111111111110111111111101111111111111111111111111
11110011101111110111111111011001111101100111001111110110111111011111011011111111111111111111011111111011111101111111110011111011111111111011100101111111000011110111111111110011111111101111001111101111111110111111110101011111111111101101101011111111011111011101111111111111110111011111011110001111001010111101111111111100000111010111111111111101111111011110111111111111111011111111110001110111111101110001111111111110101111101111111011111101
11110101111110111111111111111001101110111011111111111011101111111111111101101101111001111111101111111100011000111011111111111111101111100110111111111111101111111011101101011111111101011011101011110011111110111111111110111101110011111101111101010111111101110110011111101111101111111111111111101110111011111111111111111101110010011111111111111110101111111111111100111110111101111111101111111111111111111111110111111001111111111111111111111111
11100101101111110110101110111111001100101111001111111111111111101110011100111111111111111111110000000111111111011111111111111111011111111101111111111111111111111110101110111011111011111011011001101010101111101100111111111111111101101111011101101111111111110111111011111011110011001101110011110111111111110101111101101111111111011101101111111111111111111111110111110111111001111101101111111111001110111111101110011101111101111111111010111111
11110111101111110011111011010100111011110111111111011011111111111111111111111101111111111010110101111111111110011111111110111110110011101111111011110111111110111110100110011101111011111011111111010110101111111011101111111101101011011111111111111100111011111111111111110111111111110111101111101110111010111111101111111111011111101110111011110101011111011001011011011011111111111100111111111111101111111111011011101111111110100101110011111011
11111101111111111111101011110111110111111111110111011111111111011111111111110101111111111111011111001111111111111111010111111101111111110111111011111111111111111111111111111011111111111111110101111111101111111111101111011011111111011111111111111111101101111101111111010111001111111110111111101110111111111110111111111101101111101011111111011111111011111111111111111111111111111111111111111111110111011111111111110111111111110111111110011111
11111111111101011110111111101111111110101110100110111011111111110111111110011111111111111111110111101111001111010111111111111111011111110010110110101111111111111111001111111101111111111111011110110111011111110111111100011111010111011101001101010011110011111111111010111111011111011111011011111011111110111111111111011111111101011111111110111101110011110111110111111111111110111100010111010111110011101111110011011001111111111011111111001110
11101001111111111111110111111100001100111011111001111111111111011011010111101111110111111111111111111111111100110110110111111111111101011111111111011111011111100111111111101011011110111111111110111111101111111100110101011011111111111111111111101111011111111111110101111110011111111111111110111011011111111011011111111101111111111111111111111111110101111110111111111111001011011101111111110111111111101100111011111111111111111111101111111101
10111101101011011111011111011111011101011011111110111011111111111111101011111111111111110101101111101110111101110111111111110010111101111110110111111100101110111111111110011111111101111111110111100110101111111111111111011101111111101111111111101111111111111011111011101111111111111100111111111111110111011011111111111101111101111011011111100111111110110111111111100101110111101100111111111111100110110111011111110011001011011111101111101011
11111111111110111101111111111011101110111011101011101110101100110111011111110111111101111110110111111111111111111111110111000011110111011011110111101011110011111111111111111111001111111111111110011110111111011111101110111011111111111111111100111001111111111111101110111111110111111111111011111101101111111111111111010011010111100100111111011101100111111111111111111011110111011111111111101101100111011111111111111111111111111111111011010011
11101110111111011111111001111110111001011111010100111101100111110111111111111110111101110111110011111111101101001111011101011110111110111111111011110111011101111111111110111101111110011111111111100111111110110111111011011111110010111111011111111011111101111111111111011111111111111111111111111111110111111110111111111111111101101111100111101111101111111111111111011111111111111111011111111101111110111110111101111111110111101110111111111011
11111101111011111100111111110101111111111111111111111101111111111111111111111111111011111111111111111110011111111111111011110011111011111111111111111111111110110111111011111111111111111111111111111111111110111111111111101101010111111111111111111111011111110101101111111111011111111110110111111111111111111110111110111111111111111101111111111111010110111111011111111111111111111101110111101110011011011110111111111011011101111111101111100111
11111111111011010100110111010100110011111111110011111111111111110110110111101101111111111111111111110010001010101111001111111111111110011110111111010001011110111111111111110111111111011011110011000111110110111111111011111110111110111101101111111111111110111011111111111111011111111111111110100001111111010111110111111111111110111111111111110000111101100111101111111111111011111111011100011111111111101011111111111111101111011110111100111011
11111111111111101110110001110111111110111111101111111111111111111111001100110011111111111111101110111110110010111111111111011111111001111101111111111111101110111111111111111011011111101111110111111011001101111111111111111111111111101011111011010111111111011101011111111111001111110111111110111110111111111101111111101011111101111111011010101111111111111101011111111111111011111111011101110111011111011111111110111111111111101111111011111011
10110101101111110111111111111101111110111111010011111111110111011111101110111110111110111111111111101111101111111001101111111111101111111110111111110111111111110111111011111110110111111111111111111111111111111111111101111111111111111011111111111011011011111011111111110111111111101111111111001011110111111111111101111111011111111111101111110111111111111110111111111111110110011101101111101111011011111111111111001111101011111111111001111111
11111111101111111111110111111111011011111111111110111001101111011111111111111111010111111111111001111111111110111111111011011111111101100111111111111010111111111011111111111111101111101111110011101011111111101011110100101111111111111111111011110111111111011111011111011111111111111011110110111111111010011111111110111111110101111111111111111101111110111111111111011111111111011110111111100111111111111111111011111111011100111101110101101011
01101101111111110110111101110111101111010101110111101111110111011101111111111111011110011111111101111011111101111111101111101111100111111110111111111010111111110111111111111111111111011111111110111111111111111111010111110111101110111111011000111111111111110111111110111100111011111111111111110011101111011111011101111111111111111111001110011101111111111011111111101101111011111111111110100101111011111111111101110110001001110101111111111111
11111111110111111011111111101111111111101011111111110011111111111101101011110111111111111111100011111101111111111110111100111111111111111111111001111111111111001111111111111011111111111111101111111111111011011110011111011111111111111111111111111111111111111111111111101111111111111110111111110011101111111111111111111111101011011100111101111111111111111111111001111111111110111111111111111011111001011111101111111101111110111110111111111111
11110111111101111111111110110011111111111111101111111111111111111111011111101111111011111111111111111111111111011111111111100111111111111110111010111100011110111110101011110111101111111111111111111111110111110100111111111110011101011111011110011100111101111111011111111111110111111101111111101111110111111011111010111110111101111101111011110111111001101111101011111001110101111101111111111111011101111111111011111111111111111010011101101111
10011100111111011011111010111110111101101110001111111111011111011111111111110111111011011000111111011111111101111101101111111111111111111111111011001110111110101111101011111111111111110111111101111000111111001101111111111111111111111111111111101101101111111010111111011111111101111111111111111111111101011101011101111111111110111101111101111111111111111111101110111110011111110111101111111111010111111111110111111111110111101111111110111111
01111111111110111011110110111110101101011111111111111111111111111011011101101111101011101110111111111111111101111111111001101111111111110101111111010110111111011110111011111111111111111111101111111011101110111111101111011111011111110111111111111110111011101011111111110011011111101111111111001111011111111011011111111110111111111111110011111111111101111111011111011110111101111111101111101110111111111110111111100111111011011110111111011110
11111110010110001111011111111111101110001110111011111111111111111011101111111111011111111111011110100111100011011010110111101111111011011111011111111111111011101110111111010101111110111111111011101111010110111110011101111000110101011011011011100111111111111110011110111111011011110111111111111101111100111101100111111111111111001110111111101111111100111111110011111111111111001111110111111011111111111101110100111111110111111111011111111111
11111001111111111111111111011111111101111111111111111101111111111111111111111111111011111110101101111111111111110011111111111111011110111101111111111101111111111111111011111111111110111111111110111111111111111011111111101111111011111101111111111111101111111111111111111011110111111101111111111111111111111111110111011111011111111111111111111111111111101111111011111110110111110110011110111011110101111111111111111110111111011011111111110111
11111111111111111111111111111110110111110011111111011011111011111111111111111111011111111111111111111111111101000111111111111011111111111111101111111111111111111111110011111101111111011111111011111111110110111011111111101010010101110111111111111111011011111101111111111011101111111111010111111111111111011111010101111111101111110111111110111111111111111101011111111111111101001111111111111101111111111111111010111110111111011111111111110011
10110000111111111111111111111110010111111111111001111101111110110110101111101111111111111011110101010011100011101111101011111111111111101111110111101111011111110110011110111111101111111101111111111001111110011111111111111111111001101111111110111001011111011100111111100111100111111111111111111011101011111100111111100011011101111111111101111110101011111110111111011111111111111100111111111111111011110111110101011111101011111101010111101011
10101111111111111111110011010111111011101111101111111111101111111111110110111110111111011111111111011110111111111110111101111101111111111111111111111111111111111111111111111111111111111111010111100111111110111101111111110111011101011100011111011111111111011101000111000111110111110111111111111111111111011011111111111111011010101010100111111111111100111101111111111111111101111111111001111111110111111110101101111001101101111111111111110111
11111011111111110101110111011111111111011111101101100111111111111111111111111011111101111111111111111011111110111111111111011010111111111110111111101111101111111011110111111111111001111110111111111011101111011111110111110110100011110111111111111111101110111111111111111111111111111111011111100111111111111011101101111101111111111111111111111111101101111101011110011111111111111101111110111001111111111111011111111111010111111111110111111111
11111111110111111111111111111111111111111111011111111111110011111101111111111011101111111110110101111110110011101111110111111101110111101111111111111011111111111111111111111100110011111111111111111111101111110111111111111111111011111111111111111111111111101110111111111101110111111111111111111101111111111111111111111110011111111111111011101001011111111111111111111111110110111011111111111111111111010110111111111101111111111101111011110100
10111011111111111000111111110011110110110111111110111111011011110111111011011111101111110111011111011011111111111111101111111101110011111111011111111111110111111101111111110111111110111111101111011101110101111111111111110101011110111111110110111001011111101111111111111111111101111111110111101011011111011111111111101111111111111110110101111011111111111111111011111111011111111011101111111011111111111111111111110111111110111110110111101111
10101111111110111111110111011110111111111101100111101011101100110111111111111110011111111111110101111001111101111100111101111110111111111111101111111111111011111101111011111011101111011111111110011011011101111111111110111111101111011111111111110111110110111111010001111101110010111100111110111110011001011111011001110111111111110101111101111111101111111111101111111011000111111101111111111101110110111111011101111011111111111011111011111110
11111111100111110111111111111111111011111111111101111111111111101111110111111111110110111110111011111111111111111111101111011011110111111111110110111110110111011011110111111111111111110111111101011111110110110111111011001110011111111110101101011111111111111111110001111111111111011111101111111110101111000111111111111011111111111111110111111111111110111111111110101011111111111111111111010101110111111110111110111110111111111111111010011111
11111111111001011111100001111110111110111010111101111111111111110111111110111111101111101011110111111111110111111010111111111101111111111111111111111100101110101111111111011111110111111111111011111111110111110111111011011101100001000111111110100111111110011111100111111011001111011111110011111100111111111111111111011111010101111111111111110011111111111110110110111111111100011111111011111111111110001011101111111111101111101111111111111110
11011010011111111111111111111111111111111111110111111110111101111111111111001111111111111111111110110111110101111110011011111111111111111101010111011111011110111111111001011101101110110111111111111101111111111111011111101111001111111111111111100011111111011111111010111111111011110110111111111111001011111110111111111111111111111111011111111111111111110111111111100001110111111111101100101111111011111111111111111111111111111111111110011101
10111111111111111010001100111111101111111111111111111111111110110111111111110101111110111111001011111111111111111110110111110111111110111111101111101101111111111011111111100101111101111011101110111101111111101011111111011110111111011110011110111110111111101111011011111110110111111101110110011111001111111111111011111011111101111111111111111111111110110111111011011101111011111111111111111111111011111111111011100110101111111111111111111101
11011110111110111110011110110011111111011111111111110111111111111111111011111011101111111101110011101111111111111110001111111000101111111111110011111111111110011111111111111111111110101011111111111110000101111110110110111110101111111111111111111101101111111111111111111111010111011111111111111111111011111111111111100111111111111101111111001111110111011001111101011111111111111111111111111001111110111111111111110011111011011111111111111111
11111111111111011111000110111111111111111111111111111111111111110111111111001111111111111101111111001111010101111111111111111111111111111101111111011111111111111111111011111011101011001111111101111111111111110111111011111111111111011001111011110101101111111101101111111111111111111111101100101111111111111111111111111101011111111011111111111111111011111111111100111111110111111111101101111110111111101111111111111011011111111011100111111111
11111111111111111111111111101111111111111110111111011111111111111111011111111111111111111111111111110111111111111110101111111011110111101111111111111111111111111111111101111111111111111111111111111111110111111001111111111111111111111111111101010111101101111111110111111101011111100111111111111111110110001111111111110101111111110001111001111110111111110111111111111111011111111111011101111111111011011111111111111111100111011111111111111111
11111111101111111111101101111011111011111111111011110111011111111111111111111111111111111111111111101111110111111111110111101111001100101111111011111111111011101110110101111010011111011101111111011111101111111111111111011110011111111111010111011111111101111111111111111111111111111111111111011111101111101110111111011111111111111111111011111111111111111101111111110111111111011111111111111111101111111110101111111110111111111111111111111110
01011111111110110111111001111111111111111111101111011111101111111111111111111011111011011111111011110011001110110111011111111101111111110011110101100110011110111010000011111111110101111111110111111011101011011101011110111111111111111100110110111111110111111111111111011101111001011111111101111001110011110011110011111110011101111111101111111001011011101100111101011111011111111111111111011111111111111011101111111101001111110111111011111111
11111011111101111101001111111111111111111110011110110011111110111111111111111111111111111111111111111111101111111111111111111110111101101111111110010111111111111111101111101111111110111111111111101011111111110111011011111111111111011101110011011111111111111011111111111011101111111111111011111110011111111111101110110110111111111101101111011111111011101101111011111111110111111111110101111010111111111111111101111101111001111101110111111111
11111111011111111111011111101111111110101111101111111111111111111111111001111011110111111111111101011111111111111111111111111111010111111010111111111110111111111111011111111111101111111011111111111111111111111101111111101111011111001100111111101111101101111111111111111111111111110011011111111111110110101111011111111111011111111111111011111001111111110111111111111110111111111111011111111111011111011111101111111111011111111111111111111111
11101111110110110110111101111010100111110111111101011111011111101111011111111111111110111011111111110111101111111111111111111101111101111010111011111110111011111111110010111111111110011011111010110111101011111111111111111011111110111001111101101011111111111111111111111111011111101110111010110101111111000111110111110111000110111111110011111111001011010111111011111110111111101111101111010010111111111110111111111111111111010111111111111111
11111111111111111111111111011111111111111111100111111111110111110111111101101101111111110111111110111111111111110011111111110111111111111111111101111111111111111111101011111111111111111111101001101111111101111011111111111111101111011001110111111111111111101001111011111111111011111111111111110111011011001110111111110111101111011111111111111111111111111011111110111011100111111111101101111111110111111111011110111111111111111111111111111111
11111111111111111010111011111111111111111101101111111111110110110011101111111101111111111111111111111110101111101111011101111111101111101111111001011110111111101101111111011111111111111111111011101111111110110111011111110110111111111111011011111110111011111110111111100111110111111111111100111111111101111111101111110101111110110111011111111101111111111111110111111111111111111101111010011111110110111111011110111110110111110111111111111101
11111100111110101110111011110111111011101111111111011111101111111111111111111111111011101011110101011111010111111111011011110110111010011111111011111111110101111111110011101111111111111111111111111111011111111111111111011101111101111011101101111111111101110111111100011111111111111111111111111100111111111110111111111001111111101111111010101111011111111011110111111111111111111111110100111001111111111111111011011110111111100011111111111111
11111101111111111111101110111111111110111111111010101111111111111111111111111111011110111111110011111101111111111110111111110111011101111111111110111011111111111111111111111111111001111111111011111111111101111011111111111111111111100111110111110010110010111011111111111111111111111111111011111111010011111110011110111111111111111111110111111111111111011111101111101111111011101111111111110110111111111111111111111111111111111111111111111111
01101111111111111101110011101011111001111111111101111011111111111111110110111111111111111110111111110011111011110101100110111111001111111101111111101101111111101101110011111111011111111110000111111001101111111101011011111111101111111111111111011111011111111111111111111011111101111010011111111111111111011110011010010111111101010111011011011101011111111001111010100011111011101101111011111111001111110111101111111111111110110011011111111111
11010111111111111111111111011101011111111111110101111111111111111111101011011101101110111111111111111111111111111111111111011011111111100111111111110111101101101111000111111111111101101111111111111111111111111111101101111111111110111111111001101101111111111001111111110111110110101111111111111111101111111111111011011001111101101011111110111111111111111111111011111111011111111111111111111111011110111011110110111101111110111111111111101111
11111111111110011100011111111101110011111111111010110111110111011111111101001111111111111110111101101111111101111101111111011111111111111111111111111011111101011110101110101111011011111000111101111011111101111111111111101111110101101011110111011111111111111011101101111111111101010111101111111111011111111111011110011101111111011011111101110110111111111101011111001011111111001010111110111101111101011111111111111111010101111011011111111111
11111111111011011101111111111001011011111011111111111111111011111011110111111111101110111011111111011011111100111111110111111101101101111110111100110111111111011111101110111111111111110110100111111111111011111011110111011111101011111111111111111111110111111101011101111111111110111110110011111101011110111011111011000111111111011011111110111110011111111101111111111111111111111101011011111111000011111011110111110111111110111110111100101111
11111111111111111111111111110111111101111011110111111111110111011111111111101110111110111111111111111111111101111111111111111111111111111110111111111111110011111111111111111110111011111110111110111111110111110111011111111101111111111111101111111011011110101001111011011111110111111111111101011111111111111111111111110111101111110111101101111111100101111111111111111111111111110110111111111101111111111110111111110111011111111110111111111111
11110101111010111100111011110111110011111111011111110111111111101111111001111111111111111111111110110001110111101111010111111001111011110111111111111101011111111111111011111111110111101111111111101110111111011101111111111111111111111110111111111111011111111110111111101001111111111110111111111101101101011011010011111111111111110111111111101111111111111111111110111111111101111111111111110111111101111111111101111111111111111111111111111111
11111111111111111110110111111011110111110111111111110111111111011111110100111101110111111111110111101111110111111100111110011111011111111111110111111111111101111111011110111101111111111011111111111110111111110100111111100111111110100111111111111110110011101100111011111111111111110101111111111111111111011111110111111111111101110111111111100111111011110111111111110110110111111110111111110110111111111111111111011110111111111111111111101111
11111011010111111111101111111110011011111111101111111111111100011111011111111101111111111110110100101111111111101111111101111111011101010011011101111111111011111011111111111111111111011111101111111111001111101011011111011111101011111111111111111110111111111101111111011101010101110111111111111111111111110111111011111111111111001111101101110110111111011111110111111111111111110110111111101111111111010011111111111011111111100010111011110111
11111111111110111110110111111111111111101111111111111111011111111101110111111011111111101011111111111011111111110111111111101101111111111111111111110111111111111101111011111111110111001111111111111111111011111011111111111111111111111111111111111110101111010101001110111011011110110101011111111111111111111111011111111111111111111111111011111111011111111111111111111110110011111101010111111111111111111111011111101101111111101111011111111110
11111111100011100111110101111100010101010011011111111111111111111111011111111111101111111111111111111111101111111111111111111111110111111111111011011010110111101110111110111111111111111111010110011101111110111111010110111111101010110111101111111101111111011111111011101111111111101111111111111010001011111101111111111010110111110101111111110111111111111111101101111110111011110000111111001111110101111110001010011011011110111111110111111101
11110111101011111111010111111110110111111011111111101110111101111101111111111111011111011101110110101111111111011011111111111111110111111111111111111111101101111111111110111101101101111101011101111101111111110111100010111111101110011010111101111011011111110111111111011111111111111111111111101011001011011110111111100111111111110010111111111111111111101111111111111111111111111111111111111111111111111110111111111111111111111111111101111111
11110111111111111111110111111110111111111111111111111111111111111111111111011110111111011111111111111111101111111111111111111011111111111111001011111111111110111111111111111111101011111110111111101111111011111111111111101010111111011111101111111110111111011110101111111111111011111110111111111111111111111100111011101111111111111111110011111111111011111111011010111111111101111111110111111111100111011111111111111111111111111111011111101111
11111110011111010101111111111011101111110111111111111111111111111111111111111111111100010111111111010111101011001011111111111111110101101111110111111111111111111111011011111111111111111111111111111111101111110110110110111111111011110011111110111111101111011110111111111111111011111110111111111111111111101111011111111101111110111111101111111111111111111111111111110111111111111011111111111111111111111111011111111111111111011111011111111101
11110110111100111101111111111101111111111101101111111111111111100111111110111111101111011111100110101111111111111011111011011111010111100010111111011111111111111111111111110111111110110111111111111001100101111010110011111111111011111111111011111111111011000111111101010101011111110111011110101010111111111110111111110111110110111111111011111111111111111011111111011111111101111011111110111111001110100110110111111111111111011111110101111111
11111111111110111011111111111111111110111110111111111011111101111011011111111111111111110111010011011111111111111111110011111111111111111011010110111100110101111111111011101111111111110111111101111111101111011111101011011111111011111011011111111111011111111101101111101111111111111111111111110111001111111101111110110111101111011111111111111111111011011111111111110111101111111101101111110111111111111111010001111111011111110111111111101111
