0111111111101101111110111111111111110111100111111111111110101111111111111111111011111111111011111111111111011110101101111111111111111111111101100111111111111101111111111111111101110111111101001101111011011111111111110111111110111110011101011111111101111111101111110111111101110010111011111111111011111000111111
1111111011110111111110111100111101111011111111101111111110111111101111111111111101011101110111111111111001101011111111101101011111111111101111111110111101010111111011111111111111111111011111101010110111011011001100111101111110111111011111111111111111111101111111011111011101111111111111111110011111111111111111
1111111110111111110001101111011111110111111011111111111111111110111110110111111101110111101111111111111111111111111111111111111101111111110100011111111110101111111010100111111111110110111010111111111111010110101111101111111110110101011101110111111111100111111111111111111110110111111111111001001011110011010111
0111111111111111111111111110001011110111111111111111111111111110111110111101111110111101101111111111101111111110111111111111010111101111111101110111011111111111111011111111101111111111111111111111110111111111111111111111111111111111111111111011101110011111011111110111111101111111101111111111111111110111111111
1111111110111111011111111101011101111110001111111111110011111101001011110111101011110111111111111011111101111111101111111111011101011111111111111111101111110111111101111111111111110111111111101111101110101110111111111000101111011011110111010101111111110011111011111001111111111011111101111111110101111111111111
0110101110111111111111011111111000110111111110111101111111110111111111111111111011111111111111110010111111110111111111110111111111111111101111111001001011111111111011001110111111111011111111111111110111110101011111111111111111111111100110111111111111111111111011011111111101111011111111111111011111111110111011
0111110110111111101111111111011111111101111110111111111000101111011111101011111010111111111111111111111111011010111111110000110100011011111011110111111111100111111101111001111011111101011111111110111111110111110111111110011111111110101111110001001101111111111110100111101111110111100111111111001111111110101111
1111111110111011110111110111111111101111111111111111101111111111001111001101111101111111110110110111111111111111111111111011111011101111111111111110111111111010110111111101111111111101111111111110111011111111111001101011111110111011110110011111011111111111111100110111111111110111111111111111111111011111111111
1111011111111111111111111111101110110011110111101111111111110111111111011111101111111110110111111111101010111111101101111111111011111110101110111101111101011111011111100111011111111111111111111111011111111111111111101111111111111111111111111111011111101111111111111011111111110110111111001111111110110011111101
0111111111011111011111010111111110111111111111111011111111111110111111111110011110110110011101101111111111110111111100111111111111110011111111111111111011111111011011110111111100111110111111011010101101111011111111111111111111011011111111110111111111111101110111111111011101111111101110111111000111110111111010
1100101111010110001111011111111111101011111111011111110011111111111110011101111111010011111110101101111100011111111111111101001101111101111111111111101111110111111111110110101111111110110111011110111111111111111111111001011111110111111111111111111111111111111111111111111110111111111010110011111111111011111111
1111111010111111011111111111111111111111111111011111110101111101111101000001011011111101111111101111101110011011101111111111101111111101111111110111111111101111011001011111111101100100111101111011111111011011111010010111111111100111111110111101011111110111101110111111111111100111111111101010110101101011111101
1111011111101101111110111111011111111111111111111111111111111111101111111111011011100111101111111101111101111111001111111111011111110111111110111111111110111111111111111111111111111101111111011101110111111111111111111111111101101111111111011010110101111111111111111101111011111111011101110111110011100111011111
1111111110011111110111110111111110111111111111111110111011111010011101011111111111111111101110110111111011101010111100111110101101111111111010110111100110110101111101010110111111011111111111111101111001110111011101111111101011111111111111111101110111111111001101011100110111111111111011011111011111111110111110
1111101110110111111111011101111111111111111111111111111111111111111111111111111110111111110111111100101011111110100111011111110110111101111111111011111111011111011101100111111111111011111110111101111111111111101110101111111111111111110111111111101111111111111111111101001111010110101111001011011110110111111111
1111001111111100010111011101110110010111111110111111110111110111111011111111011111110111111111111111110111111011011111111111111111111111010111111111110101110111111111101101101111111101111111101111111111110010111001111111111111111101111111011101111101111011001110111011110111100011111111001011101101011111011110
1111101110111111111011111110101101110110011101110111011111111011111110110101101110011111111111111111101111111111111110111111011111101111111111011110111011101111011111111111111111111101010011111110111111101111010111111111111111111111111111011111011111110101111011111111111101111110111111110111110111011111011011
1111110111111111111111111111111111111011110111101011111011111011111111111111111111111111110111111111111111011110111111111110111001111111111111110111111110111111111110111111111111111111111111111110101111101111111111111111111111111111101111011111011011111001111111101111011101111101111111101111111111111101111111
1001111111111111011011011111111111111011111111111011011101110111111110111111111011011111101111111111111111101111111111111111111111111111111111111111110110111111111111111101111111111111111111111110111111111110111111101111110111111111111111110111111111111101111111111111111110111111011011110011111111111111011100
1101100110111011111111111111111011111110111111110110101011111011111100111111111111111100111010111011111101111111111101111111011001110011111011001011111011111111010011001110110111111011111101011111111101111110100111111111111011011111111011111111111101111111101111011111111011101011111111111101101110110110110111
1011010111010110101110111111111111111111110111111111111111101111111111111101111111111111111111111110111111111111111110011001011011011110111111111001101011110101111110111011110101111111111111100000111111011011111011011111110111111111110101111111110011101111111011111111111111001111111111111111010110110011101110
1111111110011100001111111100011111111101111111111111111110111111111101011111111111111111011001101111111110111111111101111110111111111111111111110111111111110101111110111011111111111111100111111101101111111100111111011110010111010011110110011111111101101111111100111111100011111111111111111100110111110101111111
0111111111111101111101111111111001111011111011011111111111111011010001101101111000011110111111101111111111110111111110101001111110111011110011111111111101011111011011110111111011010110101111111111111111111100111111111111111111111111111011111111110111110111110110111111111110111111011011110011101110110111111110
1110111101111111111111111111111111110111111011101111011110111111101111111111011111111101111111111111111100100111111110110111111111111111011101100111111111110111111111111111111111011111111111111111111101011111111111101011111111111101111011101101111111111111110111111111101010111111011111111111111101111111111111
1110111111111111111111110111111111111111111111111111100011110111111111111111110111011100101101111110111111111111111011011111111111001101011101111111111111001111111111111111101111111111111110111111111001111111111011111111111111011111111111101111111110111111101111101111101111101110101110111111011111011011111111
0100111111101111111111111111101011101001100111111111111101111111001001111111111111101111111111111101110011111111111111101110110011111110111101011011101111111111111100111011111111111111111110101111101111101111111001111111011111111111111100011111011101101111001101111110111111111001110111111111101101011100111111
1111101111111010111111111101111101111111101111101110101111101100111011111111011111111110010111110000110111111111111111001111111111111011110100101011001011101111110111110111111100001111011111111111111110011111101111111101111011111111111110111111111111111100111111110101101100101101111111111111111111111111111001
1111111111111111111111111101111110111111011111111111111111111111111111111111111111111011111110011111111110110111101111111111111111011111101111111101111111111111111111111101111111110111111111110111111110011101011111101111111111111111111111110101101111111111101111111111111111111011111111101111110111011011100111
1111111111111111111011111110101111111111111111111111100011111101111111111101011101111011011111111101110111110111111110111111111111111111111111111011111111111111110111111111111111011111111111101111111111111111111101111010111111101111111111101111111111101011101111111111110111111110111011111100111101111111111111
1110111111111011111111111011111111111011111100111111111111111111111111111111010011111111110111010111111011111111111101101111110111110011111110111111011111011110101111111111111111111111111111111111111111110111111111111100101111110011111011111011111111111111111011111111011111111111111011111101011111011111111011
1011111111111111111111111111111011011111111111111111111101111101111101111111111111111111111101001111111111011111111110111111110011111101111100111111101111111111111101111101011111111011111111111101111111100010111111011111101111111011111110111111111111111111101101111110111111111011111111011111111111111111111111
1111111111101101111101001111111101111111111111111110111111011101110001110111101111111111111111110110011011111111101100000110111111110111100111111111111011111111111111111101111011001111111110111111111111111111110111111111111101111011101011111111100111110111011111110111101101111101110111111111111111111110111100
1010111110110011111110111011100111111111001100111111111110101111111010101011010111111001011111111111110111101101011011111011111011111011111011111111111111111111111111111101011110111111111011111110111011111101011111110101011111111111110111111101101101111111111111111111011111111011111101001011111111111011111010
1010110110101111111011111111011111111110111101111111111111011101111111111101011111011111101111111111111111101111111111101111111101111111101111111111111111110111111101111111111111101111111111111111111111101111101111111111111101111111111111111111111101110101111111110111111111111111101111101111111111111111101111
1111110111101101111111111011111111110110011111111111111010001011111110110110111011111101111111011111110111111111111111111111111111011111110010110111011110111111111011100111101111101111111111110000111110111111111111010111110011111111111111101101101011111111111111111111111011111011111111111111101011111111111111
1111111101011111111101011111111111111111111111111110111011110111010101101111011111111111110111101011110110111111111100110101111110101111000111110111111001101111011110001111011101111111110111111111111111101111111111100111111101111111100111101101011101111110111111110101101110110011101011111111011111111111111111
1111001111111110111101011110111011111111001111100010111111111111111111111111111100111110111101111111111111111111110111110111111111111010110111011111011111011011111110111111111011011111111011110011111101111011011001110111101111111010111111010111111111111111111111111111011111011010011111111110111111000111111111
0111111011110111111111111111111011101111111111111111111111101110110111111111111111111011111111111111101111111111111011011111101111111110111111111101111011111010111101111111101110111111111111111111011111011011111111111111111101001111111111111111111001111111101011111011111110111111111010111111101111111111111111
1111101111111111111111111100111011111101111111101111111111011111111111111111111110111011011001111111111111100111101111101001110111111111111010101101010111111111111110111011111101111011110111110101111111101011100111101101011111111111011011111111111011011010101111101111110111011011011111111111111001110111111110
1111101111101111111011111111111111101111111011111011101101110111111110011111100101111101111101110111111011011111111101111011111001111101111111111111110111111111010111111111111111111111101111111111011100011110111111110111000111111111111111111111101111011110110101111111111011111111111111011111111111111111011111
1111111111110110111101111111111101110011111111111111111111011111111111111111111111111110110011111110111101111111101111111111111111011111111111011001101111111101111111111111111111111111111111101111111010111011111111111111010111111111111111111111111111011111111111111011011101111110110111111111011101111011111011
1111111111101001111111011111111111100111111110111110111111011110011111100101111111111111111011111011011111100111111100111101011111101011100111101110111100101111111111111111111110011111111111010101111111011111111111011110011110111111111111111111011111011110111011111011101111111111011100011010110010100111011001
1110111111111111111111111111110110111101111011111101100111001111111111110111111111111111111111110111111101111111101111111101111101111011111111011111111110011111110011111111111111111101111111111111111011011111111111111111111111111111111111111111111111110101111111011111111111111111111111110011111110111111101111
1110010111110111111111111101111111111011111111111111111011111111011111111111111111110110110111001101111111110111011110111101101111111100111111111101001111011111110111111011111100111110101111111111111110110011111111011111101111111101110111011010111101111111111101101111110101111111101111111111111110011000111011
1110001011111011101111110111011001010111101011110111111111011101011111111110111111110111101101000111111111111111111011111111101111111111111111111111101111101111100111110101111111010011100101011111111111111111101111111111111110000111111111001111111011111101111111111111110111111011011111110101111111011111110111
1111111111111101111111111101110111011111111111111111110111111011111111111111111111101111111010110111111101111111111101011111101011110111111111111111110111110111101111111111100111001111010111111110011101011011111011111011011101110111111101011111001101110110111111011111110111100101111111111111101111111111111110
1111110111011111111011111111101101010110101111110011101111011111111101111100100011101111110100111111110011111111111111111110110111111111111111111110111011101111111111111111001111101111011111111111011111110101111111110101111111111111111101111110111011111111011101111101011110011111101001111111100101111110110111
0111101110111111111111111111110111011100101101110111111111101111101011111111111111111111110101111101101111011010111111101111111101111110111111111101111111111111111000111111011111011110111111101010111110111111111111111011001110111110101111111011011101101111001110111111101011111111111111111111111111111110110101
1100111111011111101001111111011011011111111111111111111110111101111111111111111111110110111011111111110111111111111111111111011111111111111011101011101111101111110111110110111011111101111001111111111111011011111111011110111111111011111101111111111111001111111111110111111111111111111111111111100111111111111111
1101111111011111111111101111111011111110111111101101111111101111111011111001111011101111111111011111101111111111111110111011111111011111111111111111111111111111001111111111111111111111111111111000011111000111111111111100111111110111111111111111110111011111111111101111111111111101111111111111111011111111111111
1111111111111111111110011010011111101111111011110111101111101011111011110100110110101101111111110110111010110011011111111110111111111111011111101011111101111011111011111011010101111111111111111001101101111111110001111111111111111010111110011110011011101111111111111110111101111111111111101111011111110111011111
1101111111111101111111111110111011111101111100111111111110101101111111111111110111111111101111111111101010110110111111111111101011111101110110110011110111111111110110110111111111111110011111011010111111101110011101001111111110111101111111111111010111111111111010101111011111111111111110011111111111111111111011
1111111111111111010111101111111111111010111101111010111101111101111011010111111111111111011011111111111111111111111111110111111111011111111111111110101111111111111110110011111111111111111111111111111111111111111111101110111111011111111111110101110111011111111111101111111111111110011111111111111111111011101111
1011101011111111111011111111111110111110110010111101110101110101110111111011110101111111111111111101101111111111111111111100011111100101101111111011111111111110111111011111011111111111111111111111110111110101111111111111011110111111111011111111111111011001111111110101110011111100111110011111010111111111111110
1110111111111110111111111111110111111111111111111111111111111110111111111111011111011011111110100110111111111110110111111111111110111011111111111101111111111111011111101110111111111111111011111110111110111100111111101111111111111111111111111111111110111111111111111111111111111111101111111111110011101111011111
1011110111111110111011101011111111111110111111011101010011111111111111111101100011111111110111111101111011111111111011111111111111110111111010111111101111101111111111111110111111111111101111110011111011110110100101101111010010110111001111111011010111111111111111111111111111011111111111110011101111011011011111
1111111011111111111111110111111111111110111111111111111111111111111111101111110111111111111111111111111111111111011111111111111111110111110111111111111101111100111001111101001101001111111111111111110111111110111111101111110111110111100111111111111101111111011111111011011011111111111111101111111110101111111111
1111110101110100111110110111011111111111111011111101110110101111111110111111101111111111100111111101101101111111101101111111011111011111111111111111110011111011111111111100111101101111111111111111011111101111111110111111111101111011111111100111111111111111101111111111011100111111101111111110110111111111011111
1111111101111111111110111101111111111111101111111110111111110111110111111111011111111110111111111111111111111111011100110111111111111111110010011111111111011110110110111111111111111111111111001111111010101111111111111111111011111111111111111111111111111111110110111111011101011111111111111101111110011111111011
1101111011111101111111110111111111111011111111110111101111111111110111111111011111111111111111111111111100111111111111111111111111101111111111111111010111111111111111111111111111110101111011111110111110111111011111111111111111111111011111101110111111110111110111111101111110111111110111110111111111111011111010
1111111101111110101001100111101111011111101111010110111111101101111111110111111111111100110111111000110011110111111011111111111110101111111110101101111111101110111111011110111011111111101101111111111101110011111110111111011100111101111111111110111111111110110111101100111111111011111111110111111100111011110011
1110111100111111110011111111111111111011010111110111111110111111011111111111111110111111111111111101000110110010111111100111101111111101111101111111110111111100110111100011111111111111101111111101101111111110111111110101010001111111001111111111111111101101101111111101111011111111111110110111111111011110111111
1101001111111101111101110111111111111101011110011111111111111111111100110111101111110111011011011111111111110111111111101111111111111100011111111111111110111101011111011101111111111111111111111011111101111011111111111110101110111111011101110101111101111111111010010110111110101011110111110111111110011101111111
1101111110101111011110111111111111111111111111111110111110111110111111010111111111101111111110011111111111111100111100111111011110010101111111110111101111111011111110111001111111011110101111111111111111111011101111111111111110111111110111101111111111111110001111011001111111111111101111111101111111101101111111
1110110111111101101110111011111011111101111111101111111101111111111011111101111111011111111111111011011111011110111110101111111111111111111111111011111111111111101011011111011110111111101111111111111101111101011011111111011011111011111111010101111111111101111111111010110111111111111011111111111111111111111111
0111111111101011101001001010111100111111111100111110111111111111111010111011111111111101111011110111111010011110111111111111111111110111111111111111100111111011011111111111101111100111111001111110011111111111011101011111111111001111111111111101111011110111111111111111110111111111011111011111111101001110011111
0111111101111111111111111111101110111111111011111111101111101111111111111011111111111111111111111010111110111111011111110011111111111111101001111011011111010101111011111111101111111010011111011111111111111111011111111110111111111111111111101111111111110111101101111110110111101111111111011111111111111111111110
1111011111111011111111111111101111101110111010001011111111110011110111111110010111111011011101110111111111111111111110111111111111111111111110101101111011111011111111101111111110110011001111111111111111110111111111110111111111101111111011110011111111111111101111011111111111111111111111111111111111110111011111
0111111111111011111111011111111111110011110111010111111101111111111011111111011010111111110111111111111101111110111111111111111110011111111111111111111011111111101001010110011111111011111011111011111101111111111010101111110110111111011111111101111111111111110001111110101011111010111111111110101111111100111101
1111011111110111111111110111111111111111110111111011111111101111111101111111111111111110111111111111111111101111111111011011111011100111100111111111111110001111011111111011111111111111111110110111111111101111111111111111111111110111111010011011011101111010011011111111101111111111011110111110111111111111111011
1111011111101000101110100111111111111111011111111111010110111111011011111011111011111111100111011110110111111011100011101111101111111111111111110111111111001010111111110111111101011111111000111111011111111111111111111011111111110111110111111111001010001111110011010110111011111011110011101111111101111111011110
1110111111101001011111111111101011111111011111111111011111011111011101110111111111111111111011110111011101111111111111101111101111111111011110101111110111101110101011111101111111111111011111011010000111010001100111111111111101001110101101100011111101111111111111011111111111110111111111111111111110111001110110
1110111111101101011111111111111111111101111111111011111100111001100111101111010111110110111110111111110101111111110111111110101111111111111111111010111111111101110111011101111111111111110111111111110111111111111111111111111111111111100011110111111011110111111111111011111011111111111111011111111011111110101111
1111111011111111111101111111111111011111101011110101100111111100111111111001111101111111111010101111111111011110111111111101011111111111111111111011111011111111111111111111101011111111111111111111111111111111111111101111110111111011110111111111111110111111111111111111110111111101111111111110111111101111111101
1001111111110111001011111111011111101110111011111001111010111011111111111111011110111100111110111111011110111001111011101111111110110101111001111101111111010011111111111111111111011110111011110110111111111010111111001111111111111111111111111111101111111001101110000111100011111111111111111111011111111111111101
1111011111101111111111011011111000011111110101111101011111110111111111110011111111110111111111011111111111111111101011110101110111111111011111111011111011011011011101111010111110111111011011111111111111111111111101111011111111111111111101111101111111110111111111011110111111111101111111111110111111100111111111
1111111101111111110111110011111011101111111011011111010111001111001101101011111110111010111111011111110111111100111111111111001111110111111111111111111011111110100110101111110111111111101111111001000111111011101111110111111011011110111111111111011111111111101111011111111111111111111011111101010111001101111111
1110111110001111111110110110111111111110101101111110111011111111111111101111111101111110111110111110111110111100111111111110111111101101111111111111111111111100111011111101110011111111111111111111111010111011001111111110101111111111111111111111101111110111101111111100101000111111011111011111000111011111111111
0011110111101011111111011111110111111111011010111101111111111011001111111111111111101101111011110111110110111111111011111111010110011101111011111110111101111111011111110111011011011110111111101011110111101011111111110111101110101111000111111111101111111110111111111101111110111111011111111101100111010111100110
1011111111110101111011111111111001101111111111111111101111111111111111111111111111101111011110111101110111111111110111111001111011111111110100111001110111111111111110111111111111001111111110111101110111111111111111111111111111101111111111101111110111111010111111111111111101011111111111110011011111011111101111
1111110011111110111111100010110101111111111101111111001111111111111111111011011101111110010111110111101111111110111111111101111101111111101111111111011111011111111111111101101111111111111111111111011100111101110111111011111111111111110110111111111111111111101101111111110011101111111111111111101111111011011111
1111111111111101111011111110011111110111111111111111011111111111111111111111001111110111111111111111111011011111111111101110111111011111111011111011111111111111111111111111111110111111111111110111111001111111110101110011111101111111111111111111111100111111111111111001011111011111111011011111111110111101110111
1110111110101101111110011111110101111011110111101110111111111111111111111101111111111110111111111111111111001111111111011111111111111111111111111111011110101101111111111111111111111101111111111111011111010111111111111111101111111111010111111111111100111111111111111101110110010110101011011111110111011111111010
0011110101111111101101101110111101111111111111111111110111111111111011010111111101111111011111010111111101111011101100111111111110111110111111101111010011111111011011111101110111111111110110111111111101101111110111111101011111111111111111111111111111101110100100111101101111110000111111111111011111111111111111
1111111001101111101111101111011111110111101111111111100101111111110111000111111101101111111111001111111111101111111100111111111111110111110111001101110110110011111111001111111110001011101111111110111110001111110111111111111111110001110111111111011011111111111111111111111111100111111101011111111111101110011111
1111010111111110111101011111111111111111011111011111111111011110010111111111111111111110111111111110110111011110111110110100111001111110111111111110110110101111101011001111111111111111110101111101111101111010110001011100111111111110111111111111111111011111101101111100011111110111111111111010111011111111001011
0111110111101111111111101111111011111110111111111111111111100111111111111111110111111011110110111111111101111111001111111111111111111110011111111111111111111111111111111111111101111111111011111111111001110111111011111111111111111111111100111111111111011011111110101111111100011111111111111111111111101110111111
1101101110111111111111111101111111111101111111111111111111111111111010111101111111111101011011111111001100101111011111010101111101011011111111111111111111110110111111101111111111111011011110101110111101111111111011111011111110111111111011101111111111111111111111111111111111101100111111111100101111101111110110
1110110110111111111101110111111111101111110111100110110111111101011111111101111110111110011111111111111111111011111011001011111011111111111111111111110111111111101111111110111110001111111111111111111111001111110111101111111010101111111111111111111111010111011111111111101111110110111111111110101111001110111111
0111111111111111111110011001111111111110111111111111110111111101110011111111111101111111110111111111011111111101001111110111111111111101110110111111001111111011010011111111001111011111111110111111111011111111111111111111011111111111111111011111011111111111111111011111111101111111101111111111111111111111111111
0111101111111111111111111111111111111111111111101111111101110011111111111111111111111110111111111111111111111011011111111111111111111111111101111110111011101111111111111111110101111111111110011101111111111111011111001111011111111001111011111111111111101011100111111111111111111111111011111111011111111111111101
1111011111011100111000111011111101111111011111111101000111011111111111111111011111110111111111111110110111111111110110110011111111111111111111111111111011101111111110111111111011111111111111110111011111101111111101111101111111110111111111111111101011101111011111111111011110111111101111101101011111101111111111
1011111111111111101110111111111011101001110111111101101111011111111111111111000111011111111011111111111111111111101101111100101111101111111000011011110101111111111001101111111011111111111111111111111011111011110111100110111111011110111011111111101111111011111111000111111111111111111110111101111110110111111011
1111111111111111101111111111110111111111111110010111011100111101111111110111011111011011111011111111101111101111110111111111111111011111101111001111111111111110111111100111111110111101011111111011011111111100111111111111111111111100111111111111111111111111111101111110111111111111111111111111111111111111110101
1011010111101111111111111111111011111110111110111111111111111111111111010110111101111100111110111111110111011100111011111111111110011001110111101101110111111110111111100111111111110011111011011101111101111111110111111011111101101111111111011111001101110111110011110110111110111111111111101101111101111110111001
1111111111111101111111111011111011111111011111111111111110111111111111111010011111011101111111111110111111111110111111111111111111111111111101111111011110110101101110111110111111101101111011111111111111101111111111111111111111111111111111011111111111111111111110111111111111011111111111011111111101011100111111
1111111110111110111111111110111101101011110111111101111111111111110010110101111111101111110111111111111011111111111111111111110111111111111111111011011111111101111111111111111110110111111111111111111111111111111110111111111111101011111111111111011011111011111110011010111111111111111101111111111111110111101111
1011111101111101011110110111111111011111111111101011111101100110110111011101111111011111111111101111101110111111111111110011110111110111111111111001111101111001111011111111110111111110111010111111011111111110001011110101011111111110110111111111111111101111111111100111111110111111111101111111111011111111111011
1001011111111101111111110011111110111010001101111111111011111111111111110111111111111111111011011111011111111111101110111111110101111011111111111111111111111110111111111111111101011111111101111110110111111111111111111111011111011111111011111111101111111111111111111111101101111111111111111111101011110111111110
1111111111111011110111101111001101111111111011111111101111111111110111111111111111101111011111111111111111111111101111010110101111111110111101101111111111100111111011111111111111111111111111011111111100110111100011010011111111111111111000101111111110111111111011111111111111111111111111111111110111001111111101
