111111011111111111110110011111101111111001111111101110111111111111111111111101111111001111111111011100111001111111111111111111011111111111110101011110111001111111111101111110111111011111110111111011111111111111001011010111111110101110111111111111011111111111111111011111
111111110111101111111101001011111110011111111011111110011111001111111111011100111111110110101111111101011011111111111111111111111101111110111011011111111111111110101111101111111111111111011111111011111010011110101111111111111111101111111110110011111111101111111011111110
101111111111101110110111111011011011111110111011110111111011111101111111010111111111101111111011101111111111101100111111111111101111011110111111011000101011011111111111111011111111111100010011110111111111111100111110011111110111011110111111100111001111111011110111111111
111111111011110111111010100111011011101111100111001110111111011110010111011111110110111111111101111110111011111111110011011111111011111011011111111111101111111111011011111111001101001011111110011111101110111110111111110011111101100111111011010111111111111100111111111111
111110111101100111001010001111111111111111011111111111111111111111010011111011111111011111110111111100111111010111011110111110111101100111110011111111100011011111111011111001110110101111111110111111111011011111111101011001111111011110111111011101101111111111110111111101
110001101111111111111111111110111111011011101101101011011111011111011111111011111101111101111111111111111111111100111111011111111111011111111110100110101111011111111101111111001110111010111110110111010011111000111111111111011111110100110111111111101111111101010101111111
110101101011111011111101101111101111111011111010111111111111011001110111011111101001111111011011101011011111111011111111011111111111111110101111111111111111111101111111111111110101111011111101101111011111110111101111111110000101111110111110101110101110111101110111101111
111111110111111101111111101111111011111111111101111111101010111110100011110011111110101111111111001101110110001110110111111111111011111110111111111111111101111111111011011111101111110001111111111110100111100111111111110010111101111011111111101111111111110111111111111011
111111111111010100100111101011111110011101011111111100111111111101010011110111111110111111100111111110101111111101110011110111111111111101111111101110111101111111111110101111111111111111110111111111101101111111111111111111101111111111001101011111011111010100010111011111
011111011111011111011111011111101011111110011110101111100110011110111111111101111111110111110100111111111111110111111011111111011101111011111011111111101111110111111111101111111001111111111110110111011011111110011111110111111111011111110111010110101111101111011111011110
101111111110101010110111111111111111111111111111111111101011111101011111011111011111111111111101010101011011111111111111111111110111101111111111111111111111011111111111111111111111110011101110111011101111011111111111111111011110111111111101111111101111101111011111111111
001101111111010111111110111111111111111011111111011100011111111111101111011011011110111111111111111101111111111111111011111111111111111101111111111111111111011111111111111111011111111111111110111111111111011111111111111111111111011111111111111101100111111111100111111101
101101101011111110001110111111111010111111111111100111111111110111001110111001111111111111111101111111111111111111111111101000111111111111110111101011111111110111111011111101111111110111111111111011111110111111100111101111111111100111001111111111011111111111111111111111
110111111111111010111011111101111111101111011111111011111111111111111001111111111111011111111111110101011110111111111011111111010111111111111101101111111111111111111101111011111011011111111111110111111111111111111111011110110111111111111111111111101111111101111100000101
110111111111111111111111111111111111011111111111111011110111111111001111101101111110101111010101111111010111111111111110111111111111111110000111111111111111111011111111011111111111111111111111111111111111111011011111111111111111011111110111101111111111111011111111111111
111011111101111011111011101111111111111111110011110111011010110101111111101111110111111111100011111111111011101111111110111111111011111111011111011111011111111011011111111111111110111111111100111111111111111011111111110111011111111011110111111110101011101111111110111101
111111111111111111111111110111101001111111111111110011111101111101111111111111101111111111111111110111111111111111111111111111101111111111011101110010111111101111111111111111110110111111111111101111110111111111111110110110111111111111111111100001111111111111111111011111
110110001111111111011111111111011010111111111010111101111111111111101010111111111111110111011110011111011111111111111111111100111111111110101111111111111111111100000111001110011111111111100101101101010101101111111111111111000100111111111111111101001111111011111101110110
101111001111111111111111111111111111111111111101111001111110111111111111101111111111011111111111111111110110110110111111111111111110001111111101011111111111011101111111111001110111111111111001111111111111101111111010111111111111011111111111101111101111111111101111111111
111011111111111111111111110001111111111111111111111111111101110111110111111111111111111011111111101011011111111111101111111111111010011111111001100111111110111111110111111111111101111111011111111111111111111111001111011111111111101111111011111111111111011111111110111011
111111101110111111111010111011111111111111111110011110111111010111111111111101110111111111111011101111101111111111111111111111111001111111111111111110111111010111101111111101111111101111111111111111111111111111010111011111111110011111011111011111111111111101111111111111
110011111111110111101111101011111111011011111011111111111101111111111011111110111111011111111011111011111111111111111011111111111111111111111111111111111101011111111101111110101111111110111111111111111111111111111111111111101111111101111101111111111111111111111110111011
111111111111111101011111101111111111111101011101111011111111011111111111111111111111111011111011101111011110111111111010011111111011001111111111111101111111111111111010111111100111111111111111011111011111101111111111111111111101111111111111111111110111111111111011111111
111111111110111111111111111111011010111101110101111111101010111111011111111111111101111110111111111111111111111111111111111111111111111111101011111111111110111110111101010111111110111111111111111011011111101111111111101111111111110111111111010111111111111111110111111111
111011111110111010010110110010111111011111111111111111111111111111011101011111011111011000111011111111110111111110111001000110111110111111111111011011111010111111011001111011111111111111111110111011111111111111111101111111110111111111011011111101011111001101111111011111
101110011011111111111100001111111111101111111111011111110111111110111111111111111111110111110011111100110011110100111111111101111111101101101111111111111111111011111111111111110111111111110101110111101110111111111110011111111011111111111111111111111111111000101111111101
111101111111111101111111111111011111111111110110110111101111110110110111111110111111101111111011111111111101110111110101101011111011111110111111110111101111111111111110111111111111111110111111101111111111111111111110110111111111111111101111111111111110111011111111111111
011111011111110110111111111111111110111111111111101111111111111111100111111111111010111111111110101110101011011111111110111111111111111111101101111101111111011111001111001011111111111011111111101111111111111111111111111111011110111111111111001011111111111111111100111111
011111110110010111111111111111010011111011111110111101110111111000111111011111111111111101111111111111111111111111111111110100110101111000111111111110111011111111011111111110011111111111101111111111111111111111111110111111101101111101011101111110111111011111101111111111
111111011110111111101110111111011011111011011111111111100100111111111110111010011110111110011111111111011110010111111111011101101110111110111110001011111110111011110111111111111101111011101111011111111111111111111111110101111110101111111111111111110011101110110111111011
111111001000100010111111111111110101111111111111111111111110101110111101100001111111111111110111101111111111101000011111111111001110011111001111111100110111111001111101111110110111111111110111111111101111111111111111101111111011111011111110101110110111101111011111111111
011111111111110111111101110111101111111101111101111111101010111101011111111001000111110111111011011111111111001011110101111111111011111110111111111101110110111011101101111111011111111111101111110011011111111111111110111110001110111111111111011111110101110110110111111111
110111111111111111111111111111111111101111100111111111111111111110111011111011111111111111111110111111111011111111111111111111111111011111110111010111110101111100110001110011111111111111111011111101111111110111111111001101111111111101001111111001111111111011111111111110
111011101110001110111111111111111111111111011101111111111110111111111111111111111011111111001101111111110110111101111111110100110111111110111111111111011111111110111111111101111011101101111011110011111111111101111111101001111011111111111111110111110011111111111011111111
111111111111111111111111111011111111111101111111111101111111111111110011110111111111111011111110111001001111111111111100011101101111111011110111110111111111111101111111111111111010101111111011111110111111111110111111110111111101111111111111111111111101111111011111111110
111111111101011110111011011111110110111101111110111111110110111111111111111011101001111011011111111111110111111011110111101101111111111111111110111111101111011111111011111110111111110110101110011111111011101111111101101111111111111011111111111011101111111110111111101011
111111111001110111111111111111001111011110111111111110111111111111100111101111111111111110101111111011011110100100111110111010110111111110100111011111111110110101111111111001111111111111111101111111110001111111111111100111111111111100111111111011111101110111011111111110
111111101111111011111111111111111111101011111111111111101110110110011111101111111011111111011111111010111101111111111111101111010111111111111101110110001010111111111111111111110111001111111111111111101101111111011111101111111000101111011111111111111111111110111111111010
110111111101111111111111110011111110111101011011111111111111111110111111111011110110111111111111111111111111010111111111111110111101111110111111111101111111100111111111111011111111111111111111111111111111011101111110111111111110111110111111101011110110101111111110111111
111111111111111110111011111111111100000111111101101111111111111111111110111110111111111111011111111110111010100101110111111001110101110111111111111111111111011011111111111110111111111111011111110111101111101111111011111111101111111110111101111110111111101111101111110110
111111011111000111111111111111011111111111110111101111111110111111111111111011111111111111111111101110111111111111110111111111111011111111111111111010101101111010011111101110101111111110111111110111111111111111011111011111111101111101111011111111111111111111111111101111
110111111111111111101111111101111111111110111101111011110101111111011011111011111111010111110111111111111111111111111111111110111011111111111111111111111101111111111111111101010111111001111101111111111111101101111011111011111111111111111101011101111111011101011111111111
111111110111111110111111110100111111111101011111010101111111111101011111111111111111111111111100111110010100101111111001011111110111111011011110011111111111111111111111110111111011001011111111111111111011110111111111111011011011111111111101110111110110110111111111011011
110011111111111111011110110011110111111111111111110111111111111101111101111111111111111101111111111101111111110111111111111111111111011111111111101111110111111110011101111111111111111111110111010010111101101111111111110000101101111111111111111110110111111011110111111111
101111111100111011101111101100111111101001110111011111100010101111111111110110011111111101111111011111111111111111101010111111111111011111111111110111111111111111111111111111011111001011111011011111111110011111101111111001111110011111111111111011101111011111101010111111
101101101111111111111100111111101111111000111111111111111111111011111111111011111011111101111100111110111111111111111111011111111111111110111101111111111111011110110111111110111111111111110100111011110111011101110110111111010111111111101111111110111011011111111111111101
010111111111111011101111111111111101111111111011111111111111111011100110111111111111111110111111111001011110001111111111111111110111111111001111101111111001100111101111101111001111111111111111111111110111011111001110110111111110111111111111101100011110001111001111000111
111111111111111101011111110111110011111111011101010100111111111111111110101011111111111110010111111111110010011110101110111111111111110001101011111110111111100110101111111110111111110011111011111011110111010011111111111111111111111111111011001111101101111110111111111111
001101111101111111111111010011010111111011111111111101111011111111111101111111101111111111111110111110111011111110111111110001111111110111010110111111111111110101111011111111110101111111111111101011101011111111111111111110101111111111111110111110111111111100101110111111
011110110111111111011111101111111011101111111111111001111111111111111111111111111111111111111111111111101111111111111110111101111110110111111111110111111110111111111011111110101111110011111110111101101111111111110111111111111111101001001111111111111111111111110011111111
111111111101111111111101100111111101111011011010011111001101011111111111101111111111011011111111011111101101100110111111111111101110111110011111111111011011110111111110111101111011111110110110010111111111111111111111101101111110110011000111101111011011101111101100111111
011110011111110111111111111111111111111010111111111111100101101111111001111011100000111111111110111111111111111110111011111110101101110101001011111111011111111111101001101110111111101111111101111111111111111100111111111111111111100111110010101011111111101111011111111101
100111111111111111110101111011111111011111011011111011011111010001111111110111111101011111101101111001110111111110111011111101111111110111011100101111111110111111101101101111111111110101111101111001111111101111111111101011101101011111111011111110110111011111100111110011
100111011111101010101101000111111110111111110101101111001101010111111110101111101111111011111111110011011111101111111101111111101111111111111111111011110101111111011111101111111111000110111101110111111111111011111111110010111110101111111111101111111111111111110011111101
111111111111111111111111111111111011111011111111011111011111111111111010111011001111111111011111111111111111111101111110111111111111111111111111111111111111110111111111111111111111111110111011010111111111111101111111111111010110011110111101111111111111011111111110111110
111101111011011011101111111110101111111001011111110111110101111111011111111111111101111010011111001111111101111001111101011110111011111101101111011001111111111111110011111110111111111111111101011111111111111110110011011011111101111100110110111111011111111111111001111111
111111110111110111111110101011111110111110111111111111111111111111111111011111101111101010011111010111111001111010111111011111010101111111111001101111111111111101111110111011111111011111110111110111101011011110111110101111111101111100111110111111111111111110111011111110
111111110111100111101101111111110111111111111011111111111101101110101111110111111111101101110111110111111110111101110111111111101111101111111111111111111111111011111101101101111011110111100111111111011101110010011110101111111011110101111011111101111111011111101010011011
111111111111111011111111111010011111111111111111111110111011101010111011111111110101111111111111011111111111111110111111011101101111111111111111111111010011111111010101110101100111111111111111111010111111110101111111011101111101111111011111111101101110101111011111111110
111111011101111111101101011111111101110010110010111011111111111110101100111011111111111101101110111111100101111011111111111101111110111101010111111001111101111101110111111111001111110111111111111111111100111110111111100111111111111111101111111111100101111111111111101100
111111111011111111111101111111111110111011011011110111011111101111101101100011011011101111011111111101111111111111101011101111111110100101111111110111110101111111111111110101111111111111110110111101111111111111111101111111111110111011111111111011111111111111111111111111
111111111111111011011111110010011011111111101111111111110111111110111001111111111111110001111111111111111001110101011111011101111111111101111111111111111111111111111110111101101110111111110111111101111111111111111111110111111110010111101111111010011111111111111111101111
111111111111111111111111111111111111111011111111111111111101111111101111111111111110111111011111111101111011110011101111110111111111001011111111011111111111011111001111110101111111011111111101011011111111110111111011111111111111111111111111111111111111111111101111111111
111111011111111010111111111111111101111111101111111111111011111111011111111011011111111111111111111111101111111101111111011001111111111111111111111111111111111111111101111111111111011111110111101110111111111011110011111111010111111111111111101010011111111111111111110110
011111101011111111111110111011111111111111111111111111110111111101111111111111101111111111111111110111111111111111101111100111110111111111101011111101011010110111111011111011111111011111111111011011111111110111011001111111101111111111111111111100111011110111001111001111
110111111110111111111001101111111111011101110111111111110111100111011111111111110111111101111111001111111111101111010111111111111111110111011111110111100111111101100101100111110111110111101001111111111011001111101110111111011110111111111011101111001111111101111111111111
011111101111101101111111111011111111111111111111111111111111111101110111110111111111111100011011111011111111111111111111101111101111001111111111011111101011111010011111111111111111111111111111011110111110111111111111111111110111111101111110011111111110110111001111111111
101010111111111110110110111100111111111011101110111101011111100111101111001110111111111101011111110101111101111111110111111111111111111111111110111111011111110000011111101111011111110111100111100111110111111110101110111110111110110111111110111111000111111110111011111101
111111111111111111111110101111111101111111111111111111101111111111111011111110011111111111111110111110011111011111111011110111101101111101111111111111111111111111110111110111111110111111011111111111111111111111111111111011111111001011111111111011111111100011111111111111
011111011111111010111110111111111111111111111111110111101111111100111001110111111111111111111011011101111100011111101011111111001111111111110110111111111111111111101111111111111111110101111111101111111111111111111111111111111111111110011111100011111111111111001110111111
111111111111111111111111111111001101101111111111100111111011101111111111011100111111111110111011111111111101111111110111111111111111101111111100101011101100111101010100101011011111111111111010111110110111011101111101110111111011111111111111110111111101111111110111111111
010111110111110111111110110111111111111110111111111111101110110111101111111111111001110111110111101111111111101111110111111110110111111111111110111111111111110110101111111101110110111101111111011011111111110111111011110110111111111101101111111111101111111100111011111111
111111111111111111111011011111111111111101111110101111111111110111111111111110111110101011111111111111111111111111111011001101110111111101111111110011111101111111111110111111111011101011111111110111111110111110111111111101111111001111111111101101111111111111111111110111
110111111111111001010111111111111111111111111111111011111111101111111111111100111111111101111111101111101111111111111101111101100111111111111111111111110111111100111111111111111011111111111111111111110111101111111111111111101111001111111111111111111001111111111111111111
111111111001101111111111111111110111110111111111011111111111010101111111111011101111111110111000111111111010111111101111111110111111101100011111111111111110101101111010010011111111111111111110110111100111111111101101111111111111111001111010111111011111111100111101110011
110111011111101111011101110011011111111101110011111110011101111111111111111011011111101111111110110111100111011111111111011111011111111111111100111111101101111011110100110111101111111111101111111111011111011111111111111111110111111111011011011111111011111001101111111111
111111111110110100111111111110111111111111111110111101111111111011111101101111111111111111111111111111111111111111001111111111110101110110111101111111111111111111111111101111111111111111111111110111110110111111100111111111111111111111110011101111011110111111011110110111
111011110110111111111110010011110111101111011111111011111111101111111111011111111101111111111001111111011111110111111111011111111111101011111111111101011111111111111011111111111110111101111111111111101111111011101111111110111111101111111111011110111111011011010111011110
101011111111001111110111101111011101111110111110111110100101111111110111111101111111011111011011111111111110111111010011111001111111111011111111011001011110111011110111010111111111111111101111111111101111110101011111011111001100111111111111111011111111110111111101111011
101111101110111111111111101110110111111111111011101111111111011110011111011111110111101111111111110111111111111101111111111111111111111111111111111000111101101111111111111011011111111111110110111110011111111111111110110111111101111111101110111011111101111111111111111110
111111111111111110111011111111101101100111111011011111110011111111011111011111111111111111010111111111111111111110101111111111111011111111111111110111101111111111111001111111110111111011011011111011111111101011111111111111111011111101111111111111111101111111010101111111
111111111111011111011111111110110111111111111111111111111101111110111110101111111111111101111101111111111111111011011110101111111101111111111111111110111111111111101011110111111111111010111111111111111100100111111111110011110111011101111111111111111100101111101111111011
101111110011111111110111111111011110111111111111111111111111111101110101011111111111011001011111111111110111111111110111111111101111111101101101111111101111111011111100111111111111100111111100110111011111011111111111111111111111101111111111111111111111010001011111111110
111111111110011111011110111011111111111101111111101111011111111111111111111111111111111110111111111011110111101111111011110111111111110111111111111111111111111111111111111111011111011111111110111011111111110010111111110011111111111111111111011111111010111011111111111101
111111111111111001111111111110111101001111111111111111111111101111111111101101111111111101101111110111111111111110111111111111111101011111111111111110111011111100111111011011111011101100111111011111110101110111111110111111111011010101001111011111110000000111111111111111
111010000111111110110011111111101110111011101111111011110111011111110101111101101111111111111111111111110111111110111110111011101111110111111110111101111111010111111111111011111111001111110111111111111111011111010111111111101111111110111101111101110111011011110110111011
011100111110111010101011011011111011111110111111111011110011111111111110111111111111110111110111101111111111101100110111111111111111111001001111101110111011111111111111101111111101111101111111111111111101101111111110111111111111111101111110010110111100101100101101111111
110111110011110111111111101110111111000011101111110111111111110101101011111101111111100111011110110111111110111111001010111001011011111101111100011110111111111111111111001011100101111101111011111111011111111111111011110011111011111111111111111111111111011111111111111101
110111111111101011110101111011111110111101010111111111011011111111110111111111111101111011111011111110111111111111111110111111011111110111111111110111110111111111110101111101001011111111111111111111111111111111111111111110111111111011111111111011111011111111111011111001
011111011101111111111110111111110101111111101111111111111011111110111111101111111111010101001111011111110111111111111111111111101110111010111001100111001111111111111101101010101111111011111101111100111111111111101111001110111111111111101011101111101110110110110101111111
001010111111111111111011101110111110111111111111111111111110101111111111011111111111110110111111111101111101011101111111110111110100111111011001110110111110110111011111011011111110110101111101111111111110111100101101111110111110111111111111110111111101111111011111101011
101100111111111111110111111101010101011101011111111110111111101001111111011111111111101110110011110011110010111111111111111111111111110111011111111111111011010101011010111111110110110111100111111111011010111111110111111111111101111111111111110111101101111111011101001110
111101110111111111011110111101111111011101111111101101011011111111111111111111111011110111111111011011011111111110111111111111111111111111111111110101111010111011111011111111111111111111110101101100101111110111111111111111111111110111101111111111111111111111111111011111
111011111111111010110011011111111111111111001111111101110101111111111111101011111011111111011111111110111111111011010111111100111111110011111110111111001111111111101111111111111001111111111000111110111111111010111001101110111110111010101011011101111111111011111011111011
111111111111111111100111111111111111111111111111111111111111111111011111110011111111111111111111111111011111101111000010111110011101110111111111111111111111111111101111011111111110101101110111011111111111110101111111111111110111111111111111111101111111111111111111010111
111011111111111111101111011111001111111111101111110111101100101111111111111111001111111111111100010101111101110111111110111111111101101011111111111110110110011111111111100111010111111111111110101111011111111001111110001111011101111111110101010111001111111111111011100110
011111111111111111101101111111100111111111110111111101011101011011111111101101110111111110111111011101111011111111111111111111001110111111111111110111110101111111111111011111111111111110001111001110111101111111111111111111101111111111101011111111110111111111101111111111
111111111011111111011111111111110110011111011111101111111111111111111111111101111111110110111111011111011101010110111111011101101101011010111111011111110001111110101111111111111111111110111110111111101101011111011110111111111111111111111011111111111111111111011111111111
011010111101111111111110010111111111101101111011101111101111111111100111111110111111101011110111011110111100111111011111111111111111111110011110111111101111111111101111111111111111110011011111011010111011111111111111101111111101111101111111101111110110110111111111111101
111111011110111001111101101110101110011111111111111111111111111111111111111111011111101111111111111101001111111111110110111101101111111111111111111011011111011111101111110111111011110101011111010111011111110110111111111111111100111101111111111101111111111111111111101111
