10011101111111111111001110111101111111111110011111111111111111111111111111111111011101111101111111110111010111111101111111111111110111111111111111100111111111111111101111111101110111101110111111110111111111111111111111111110111111111111011010111111110111111101111111111111111111011110101101111111011110111101111111010111111111111111111111101111111111111011111111010111111111111110011011111101111111111011111111111111111111111111111111111111111101111111111101011111110111
11011101111111111111011101110101111111011101011111101111111111111001111101111011111111111110011100111111101111111011111111111011111110111011111010111111111111111101011110111111100111111011010011111001110011011111101001011111111111111111111110111111011111110110101101011111111111010111100011001111111110111111111111110111011111111111110111000011111111111111111111111101111101111111110111111111111011111111110111010101111111011111111111111111101111110111111111111111110111
11111111101111110101010111011111111111111111110111101101111110111110111101110110111100111111101111111011111111011111011011111111111111111111111111111110010110100011110111111110111111111111111011111111111110110011011110101111111101110111111111111111111111111111111111111111011111111101111000111110111110111111111011010101111111101110110111111111011110111101111111011100101111110101111111111001111111111111111111110111111110111111111110111111111100111111111111101111111111
11111111111100110101111110101110111110111110111010001111111110111111111111111111111111111110111000110100111100101111100111111011111101100011101111111111011111101111111111011111111110111101111111101111101011011011101110111111111111111101111111101111111111111111010101111011001111111111111111101111011101111100110001111111101111010111101111111111101111111111011011111111101101111111111110111111111011111111010011111111111111111111111111111110101111111110111011111111111111
11011111101111011111011111111111111111110111111111111110111010111111111011111111111011111111111110111111010111111011111011111111111101111111111110101111111111111110110010111111111011111111111011111101111111111011111111101101101011111110110111101111111111111111111110011111011111110111110111111111111111101011111111110111111111111111111111011111111111111111111111111111110111111111111111010100111111111111111111111111111011111111111111111101110110110111111101010101111111
11011111111111111111111000111111111111101111111100111111111111111111110110101011010111111101111111011111111110111001111111111101111111111111001111011111111111110111011010111110100110101101111111111111111101111011111111111111101111111111011001111111001111111111111111101111111010001111101111111111111110111011111110111101011011111111111111101111111111111111111111110111111011111001111111111111111111111111111110111111110110111111010111101111110111111111011111011101111111
11111111011111011110011011011111111011111111111111101011110111111111011110111111111111011111110110111111101111110111111111111110011111111011101101111110110011111111101111111111111111111101111111111111111111111101111010111111111101111111111111011010101111111111011111111011011010111111101111101111111111101111111111111110111111111011111111111111011111110111111100111111111111111111111111011101110111111111111111111111101111111101111111111101111111111111111111111100111011
11111111111110111011111110111111110111111111111101111111111101111110111111111011111101111110000111111110111111001111111111100111111111111111111111011111110110111111111110111101111101111111111111011111111011111110111111111111101011111100100110111011111111101101111111111111111111111111111111111110011111100001111111101110111111111111011111111111111111101111011011011111111111011110011111111011111111010111111111111111000111111111111111111110111110111111111111111010111101
11111111111111111111111111111011111100111110111011111111111111111001111111111100000111111111111011011111111110111111111110101011111100111111111111111111111111111111110010111110101111111111111101111110111111111111111111011111110111011110111111101101111110101111101111101111111111101101010111111101111110011111111111111110111101111111111111100111111111001011101011111110111111111111111111111111111111111111111110111111110111110100101110101111101110010111111111111111110111
10011111111111011111111111111111111110101110111111111001111111101011011110101101111111001010111011101111101110111110111111011111011111111011111110110111111111111111011101111110000011111111110111111111111010111111111111101011111111111111111111111101111111111111111001111111101111111111111110111010111111011001101111111111110111111111111010011110101101111110011011101101111011110111111111110111111111111110111011111111111011110111111111110100111111011111111111011011111111
11111111111000010111100111111001111001110111111111101111111101101111111011111111111111111111101011111111011101001011110101111101111111111011011110111111111111111111001110101110110110111111100001101101111111011101101101111101101101111010111101110111111111111110111111111011111110101111101101111101111111011111111111011110101111111111111111101110110111110111111011111011110111110111111111100111011111011011111111011111111101111111111010111111011111001111111111110111101111
11111001101111110111011111111111011111110110111111100111110111111111111101111111110111111110111011111110111111011011111011111101111111111111111111111101001101101111011111011101111100011110111111100101011111011001111101111110111101111010101111111111101111101111011011110111111111110111111111111111111011110111111100010111011101001100111001110011011110111111101111111111111111101010110111111101111111111100110101111001110110111010111110011011101111010111111011110111111111
11111110111101111111011111111111111101111111101111100111011101011111100111111111111011111101111111111111001111111111110111111111111111111011111111111001110011110111111111111111011111111111101111011101111101111011011111111111011110111111111111111111111111110010111111111111111111111111111111101111111110111111111111011100010111111111111110110111110111001111111111110110110010111111111111111011100111110011011111111011110111111101100111110110111101011111100110111110111111
11101011111011111111111111111111111111111011101111010011111111011111101111101101111110111111111101111111111101111111110111101111110111111111011110111111110110011111100111111111111110111111011111110111011101111010111110110111111111110111110111100111110011111111111111110111111011111100111011011111111100111111100111110111101110111111111111111111100101111011111100111111111110111101110110111111111111111111111101011111111100100111101111111101111111111101111111101111110101
11111111111111011111111011111111111111111011111111110111110101101110000111101111111111111111110111101111001111111111011111110011110111111110111111111111111111111111111111111111110011110111111111111111111110011111101101111101111111001111110111111101111100011111111110110111001110111111111100111001111110111111111011111011100110111111111111111110111101100101101111011111101111111111111111110110111111111111111111111111111111111110011111001111111101110111111101011010110110
11111011111111111111111011100111111000011111101111111111111101010001111111011000111101101111110111111111111111010111001110110101010111110110011011011001111111111111111011110101100111101111010111111011111111111111110110011111111011111111111111111101111111011101111011111111010111011111110011111111101011111101111110111101011101110010111011110111011011111111111111111111110111111101111101011100111111111111111110111111111011111111110100111100101111101111111111111111111111
11111111101111111110101110111011110111111110110011111011011111111111111111111111011111110111011111111110101001111111110111011111011111111001110110100110111111111111110111101011011001111111111111111111111111101011111101111001111110111111111010010101111101010111110001101111111100111011111111111110111110001111011111111011111111101111110110110100111111111111111010111111101111111110111111111101001111110111010111011111111111111111001101111011111011111110110101101111110111
11110111101110110011110000110111111101011111111111111111011101111111111011011101111111110111111111001111111111111010010111011001110010101010110111110111111111111111111110111111001111101111001001111101010110111111101101111101111111111101111111111111111011001111010111111011111110011101111111011111111011111111111111111111111101011111111111111011111101101111111111111101111111111111111111111111110111111111011111111101110111111111111111101011011110111111101111111111111111
11111111111011111101111010101001111101101101011011110111111111111100111110111011111111011000111011001111111111111111111111110111111111010110111101011111110111011111111111011111111111111011110101011101011111110111111010111010001111101111011100111111001101111111011111011111011101011111111101011110011101111110111111111111111110011111011111111111010111111101111100111110111111111111010011111111101111111111100011111111111110111111011100111111110110111111110111110111111011
11111111011111111111101111101111011101111111111101101111001011111110110111111111101111111111111111011111011111111111101100111101111110111111011111111111101111111111111000111110110100111111101111101101111111111101111111110111011111110100101111111011111111111111111111111111111111001111111111111100111111111111011111111011111111110111110101111111011111011111111111111011011101110111111111111011110100111111111111110111110100011110111111101101001111111111110111110111111111
01111111111111111111111111111111011111101111111111111111111111111110111111101011111111111101110111101001101101011111111111111111111111101111111111011111110111110111111111111111111111111111111111011111101111111111011101111111111111111011111111111110111101111111100111111111111110111101101111110111111111101101110101101111111111101101010100110111110111111111111111111111111011111001111111111111011011111111111011111111111111110111101111111111110101110011000111111100111111
10011111111001110101011011110111111111101111111111011111110111111110011111101001111111110101101110111111111111011011110111111111101111111101101110111111101101111111101101101111011011110101110011011111111110111110100011101111010110111100111101111100111111111111111111110010111111111111101111111111111001111111111110001111111111111111011101110011011101111111110111111111111111111111111111111111110011111111111111111100011111110001111011111011111101111111011011101011101010
00111111111110111011011111110110111011011111111111111111111110111111111101000111111111011101101111111000101111011011111111101101111111111100011111111101111111101111110111111011111111101111111111111110111111111111101111111011111111101111110110011111110101101111111111111111111111111000111111111111100110010001111101111101111111111111111111101111101111111101101111111111101111111011101111111110111111110110110111011111111011111110011111101111101111111111111111011111111111
11011011100110011111001111110111111111111111111111111111110011011111110111111011101110011111111101111101111010111111101110111110111111111111111111101101110111111110111110111110111111111101111111111111001000111111111001111111111111111111111101001111111011101101011111001111011111001111110111111110111111011101111111111111111011111111111111011111111111111111111111101111101101101111111101111111111111111011111111111001111001111111111011111111111111111110101111011111111011
01111011111111111111011011111111111111111111011111010101111111111101111101111111111111111111110101111111001101011111111111111111111011100101001110011111111100111111011011111111101111110110101110011101111110111111111110111010111110110111101001101111011110111110111111111101111011001111111101111111111001100010010100111101111101111101111111111110111111111011111101111100101110111010111111111100111111111111101111011110111101111111101111111110111011101011111101111101111111
11101111111010111111111111111010110111101111011101111111110101111100000111010110111001011111111111111111100111111111110111011111011111111111111011110001111111101111111101111101111110111110111101111111111101111110111111111111110111111111111011011111001111111111011111111111101111111110111111101111110111111101111111111111101111111100111111111111111111110011101011110111111111111111111011000011101111111111111101110111111111111011111111110111101101101111011010110101111100
11111101101111111111100111111111111111111111111011111111111111101101111111011110111110111111111011100111111101111111101111111111011011111101111101101110011101101111111111111111111111111101010111111011101011011110111111011111101111110011110011111111111111101111111111111111010111011111101101101111110101111011111001110111111111011110111111101110111110111111111011111011111011111111111111111111111101111111011111101111110111110110111111110111001111101111111101111110011111
10111111111111110111101111010111111110110111110110111110111111111110111111111111101111111111110111111111111111111111111011011101111111111000111101101010111111111111101111011111111011101011111111110011111011111110111111111111110111110111110110011000011100111111111111111110101111111111111011011101011110011101111101011101101111011101111111111111111111010111111101001111111111001011111110110111111110011101111011111111101110011111101111111111111001111111110011011110111111
11111111111111101111111011101110101110100011111011001111111100011111110111100101111011100111111100111111111111111111001101111111010111111011001110111111111111111110100111111111101101111101110100111111001010111110110010111111111111101111011111011011111101111111100101111111011111110111000111111111111111111111111111111111111111111011110111111011111111111011111111101111110111111101101111111000111111111011110001111101110111111111101111111111111111111111110111111101111101
11111101111111111111111101111111111011101111111011111111111011111111111111111111011111111100110111111111111111111111111111111111111111111101111111111011011111111110110111111111100011111110111111111101111111111101111111111111101010111011111111111110110111111110111110111111111111111111101110111011111111011101011111111111111110011111110111111111111011111011110111111111010111111111111110111111111111111011111110100101011011111111111111111111111111111111110101111111111111
01111111101010110111110110111111111011111110111001111110101111111000111010111111111110111111111111111111111101111111101111111010111010111101111111101111111111111111110110011110011101111111011111111110111111001111011011111111111111111111101111111111011111101111111111101111011111011101111000101111111110101001111101110111101101111110100111111111111101110110011110110111110110101111111111111111111101101111111111101110111111111111111110111111100110111111111011111111111011
11111111111110110011101010111111111101101111111111111011011111110111101111111111111111100011111110011101111111111111101111111111111111111111111111011111101111111111101111111111111111111111111110110111101101111111101111111111111111111011111111111101101110111111111111111110111111111110111101111011111111111111111111111111111111111111110011101111011111111111101111100101111111111111011011111011111011111111111111111111111110111111111111101111111110111111111111111111111111
11111110001111111101111101011111111111011111011111110101111111111111111011101101101111110111101111111111101111111101111111111111100111111110110101111110011101111111100011110111101101111111101111111011111001011111011110111101111111101111011111101111111111011111111111110110111011001110010111110111010011101001011111110111101101111111111011011111101110001101101111001110111101111111101110101111101110110011111111111111011111111111111111111011111101011011011111110111111111
11111111111111111111110111110101111111111111111111111111111111111011111111111011111011111111111111111111111111111111111111111111111101111111101111111111101110011111111111111111111111111011101111111111111110111110111110111111101111111110011111111111111101101111110101110111100100111110111111101111111110111111101111011110110011111111011111111101111101110111111111101111111011111111111111110111111111101101110011111011111100011111110110111011111111111101011011111111111110
10110111101111101110011111111111111101111111111011111101101111011110111110111111111111111011010110110111111111111111101001111111011111111111111111011011111111011010111111111011111110111111111011111111011100110010111101111011110111111111111011111101111111111111111101111111111011110111111001111111011111111110111111111101111111101111111111110110111111011111111110111111111110110011101011011101111011011101111111111111111111111110111111101101011111111111111101111111111111
11111110110100111011111111110110111111110011110111110111011111111111111111000110111011111110111111111111111111011110111001111110111111011111101101100111100011111111111111101111111111111010011111111111111111111111111111111111101101111010111110111110111111101110111011110101111110111101101111111011111111111011111111100111100010111111111111111111111011111111101010110111110111011011011111111111111111101111111111110101111110110001000001111111111111111111111111111111011111
11111111011100111111101100111111111111101001010111110111111110011111110111011111010110111111111111111011111111111111111101101111111111110111111111111111111111111111011111111111111101111111111011111101111011111011110111001111110111110110011110110111111011111010111111111101111111111111111111101111110111111111111011011011111100101101111101011011111111111111101111111111101111111111011111111010111011111110111111101111111111111111111111011111111011011111111111101110111011
10111111010110011111111100111111110101111111111111111110111111111101111111111101111011111111111111110111111111111111100111011111111111011111111101101111111111001111111011110101111111111110111111011011111111111111111111101111111111100111111010111100001111111111101111111110111110111111111011111110011111101111111011111110111101101001111111010100111111111110101011011111111101010111111111111110111001111011111111111111011111111111111111111010110111110111011100110111110011
11111101111111111111111111111011111001111001111111111110111111110010110101011101101111111111111111100111011101100111111111110111110111111011111111111001101111101101111111110111111100101111011111011110101110111000011110011101110110111111011110110111101111111011011111111011110011101111110111101111111111110111110111111111001111111100011110111101010111111001111111110101110111110110101101111011101101111010111010111111111111010011111111111011111111110111101111111111110111
10111111111111111111111111101111011111111111111110101111111111000111111011111111110010111110110111111111111111111111111111110111100101111101110111111111111111111111111110111111101111111011111111111111111111110011111111111111101101011111111111111110111111111111111111111111111111111111011111111111101110111011111111111111011111101111111111111111111011111111101111110110111111111111110110011111111111111111101101111111111111110110111111111100111111111111111111111111010111
11111011110111110011011111111111101011111011111011001011111101111111111111111111111111011111111111001111101101111001111110111111111111110100011101110101111011011101111111111110111111111110101111111110111001011011111011111101111111111001111111101101111111111111111101110111111111101110111010110111110111111000110111111101111111111110111011111101111111111110111111011101001110111100011111111111111011111101111111111111110011111111101111101100101111010111111110111111011111
01111010001111111111111111010110101111011110111010111111110111111111111010110111110101001101111111111100111111111111111101110010011101111101110100101111000111111000101011110011111111111111111111111101110111111111101111111111111111101111110010110111111111111111110111001111110011101111110110110111111110111011010111111111011101111111111111111111110111110111110111111100110111111010111110111111111011111111111111111111110111111111111111111111111111111111111111111111111111
11011111111111011111110111111110101111111111111111011111111111111111111111101101111011110111111111111111110110111111111111101111111111111011111101101011111111111111011101111111111110111011111110110101111111111101110011111111110111111111111110111111011111100111110111111111111111101111111111011001111111111011111111110011111111111011111111100111111111111111111111111111111111111110111011110101111111111111111111010111110101111111110111111111110111101110111111111111111011
11111001101111110110101010111111011111111111111110101101111010111111110111111111111101111111111111111111101101110111111011011110111110111011101111111110111110111111100110111011111111011111101111111111110111110011111011111101111111110111111011111111111111111111110111110101011110101111111111111111111011111010111110111111100111001011111111010111110111110110111110111111111101111111011110001111111111101111111110110101011111111111101111101011011111111010111111111111101111
10111111101110111111101111111111111011111111111011111111111110011011111111111111111111011111011011111011111111011111111101101101111011111111111011111111111011111011111110111101111111111111010101101011110111111111111111111110001101111111111111011111111111011111111111111101011111101111111011111111111111111111111101001111111111111111110111111111111011111111111111011111111111111111111111111110111111001111111111111101000101110111111111111110111111111111111101111101111110
11110111100101110111111100111111111111111111011111011011111110111011111111101111111101111111010111101111110111111011011101111111111011001111111111111111111111111101100111111101111101111111101111111111011111111001011111111111111111111110011111111111011101111111110110011011111110101111111111111111111111111111111111101111111111101111111011111111111111111111111101111111110111111111111111111011111111110111111111101111111011011111111111111111111111111011111111111011111111
11011110101001101111101011111111111111111110101111101111111111110011001101111111111011001111110111101111011111111011100111111101111110111110111011111111111111001101111111101111101111111111110111011111111110110110111010111111111111111111111110111011111101111111111110001011101111101111111101111111111111011111110110111111111111111111111111111110111001110111111101111101111110111111111111111101111111111111111111110010111011111011001111101111011111111111111111111101111111
11101111111111110101011110111111011111111111011111110111110111011101111111111101010101111011001111111110111111111111010110101111111010101111111111110111000110101111101001011111111101111110001110111111111111111011101111111001111010100101001111111011111111110111111111101111101111111111110111111110111100101111111111111111111111111111111011110101111101000010111111011111111111010111111010111101101111110111111111011111101111111111110111010110110101111011111111111111101110
11111111111111111111111111011111111111111111110101100101101111111110111011111111111111111111011111111101110111111111111011111111111011011111111111101010111111111111111111111111111111111111111011111110111011111111110111111111111101111111111010111111111011111111110111110111111111111111111111111101110111111110111111111110111101011111111111111111011011011111111111111111011111111111110111011110110110111011111110111111111111111111111111111111011111111111111111111110111011
10101101111111111111110111111111111110110101111111011111111111111111011111101011111101111111111111111111111111111111011111111100111101011111100111011111111111111111010111111111111110111101011111111111111111101111111111101111111111001011111010111110111010111111111111111101110101101111111111010111111111011111111011111111110111111101011101111111111111111111111111101011111101111110111100111111111111111110111100111111111111111111011111111111111101111110110111111101101111
11111111101111111111111111111111101111111111110111111001110111111111111111111111111111011111111110111111111011111111111111001111101111011111011111001111111111111111111111111011111011111111110111111111111110110011111111101101110110111101100111111111111100111111111111011101011110111011111011111111111111111111100111111011111110111110111111001011011111111111111011011111110111111110111111111101111010111111111111111111101011110111111111111110111111111100111110011011111111
11011111111011111011011111110001011111011101101111111011110110101101101111110111111001011001111111011111011111011011111111011010111101101101111111111110011111110010011101110101111111111101111111101111111111111111111111111111111111111111111110111011111111011101010100011010011111111101011111111011110101011011111111111111010110101101110110011111111111111111100111111101111111111111111111101011111011111111110101011111110111011111111111111111110111111101011101111111111111
11111111111101111111111111111101110111111001111001111111110110111111011111011111110110101111111111111111111111011111111101111111111111111111001111111110110111101111111111111011111111111111111111111111111111111111111111101111111111111111111111111111111011111111111111011110101110111111111111111110111111110011010111111111101101111111101111111111111111111111111111111011111111111111111110111111111111111111111011011111011111110010100101100111111101111111111011000111111110
11111100011111100111110101111101111111011111101111111111111111001111011111111001111101111111111111111111111111111100111111011101111111111111111111111111111111001111111010111111111111101110111010101111111111111111101111111111111110111111111111110111111111111111111111011111110111111101111010111001011111011111111111111110111111111111111111110111111101010111101111111111011110100111111111111111110101011111011111111011110111111101111111111111101001111110111111001101111111
11111111111111111111110111111101111111101111111110101111111111111110010110011011111111111110111111111111111101111011111111111111111111001111100111111011110111111111111111111110011111101111010111111111111111011111111111111111111111111111111010101101111111111111010111111101111111111111101101011111111111111011110101111101111110111111111111111011101111101111111111110010011111110111111110111110110111000111111111011111011100011111111111111111011111111111111110111111111111
11111111110110101111111111101111111111111010111111111111111011111110101101101111110111010111001111111111111111101101111111110011111111110111010101111111111111111111010111111110111101111101111111110110111110111111010111111111111111111111111111101111111011001111011111111101111111111111111101101111111111111011111111111011111111111111101111111111001111111111110000111111111101111011111101111111111101111110111111011011111101101110111011011110111110010111111011101111011101
11101111110111111111111101111110111110101111011111001101111111111101111111111111111111111111110111101111111011101111001111110111011011011101111001111111111101011110111010110111010111111111110110101111110110111111110111111010111111111111110101111111010011111111111100110011111011111111111101111111111101110111111101101101111111000111111111111111111111011111011111111110001110111111110111111011111111110111101111101101111101111101011111010111111110111111101110101011111111
10111111101110011111111111111101011111001110111111111111111111110111101111111111011011011110101101111111111111111101111111111101111011111111111001111111011111111111101110111011101111111111110111111011101110111111111111111111111011110111011110111011110100011111111111101111110111111101110110111111011111111111110111011111110111111011101110111101011011111101111111111101111011110110011111110111111111111111111111001111111111111111111001111111011111011111001011111101111111
01111110111111111111110111111110010111111111111101110111101011111111011111111011111111110011000011111111111111011011111111111001111111111011111100110110111101111111111111111111111111110111111111111111111001110111111101101110110101111000101111111010001011111111001110101111101111111101111111011111010011111110001101111101111110111111111110111111111111111110111111111100011011111111111111101111111111111111111111111110111101111110111101111110101101011110111111111011111111
11111101011111111110111111111111111111111100110111110111111111110101111100111011111111111011111111111111111011111111111011010111011111111011111111111011111111111101111110001101010110101011111111111111011011001100011111111011111011101000110011111101111101111111111111110101111111111110011111110001100110111111010111111111111111111111111110011111111111111101111111001001101111111111111110100011011101110011011000111010111110110111011010111111111111111111011111111101111110
11010110111111110111111110110111111011111110111001110111111111011111111011111111011111111111111111111110111111100101101111011001111111111111111111101110111111010111111110011011110111111111111101111100100111101111100101101001101110111111101101111111111111101111111111111101101111011110110111111111111111011110101110111111111011101111111110111000111111011011110101011111111111101110111111111111101111011111111101111111101100110111101111011111011111111110111101111110111100
11111011101111111111101111111111101110110010101011111111111111111111111111011110111101111111111111101111111110110111111111011101101111111111111111111111110110111111111101111111111111111101111111111111110111111111111101111101101101111011111111011111011111111111111110011111111111011111111100111111111111111111101111111011111111111111111111111111111101111111111011111111111111111101111111111111111111011111111111111111110111101010111111111110001101101111111111111111110111
01110011111111111011001101111111101111101011001111101111111110111110101110111111111110111111111111011111110011111111111111010111111111101111111111111111111101001111111011101111111111110101110011111100111111111111111111111111111101111111111101111101011110010111010101111111111111111110101111111101111010010101011110110011100011001111111111111111111111111111111011011111111011111111111111111100011101111110111011101111111111101111110011111111000101111111011111111101110011
11111111111111111101111111111111111111111111111101011111111101110111111111111111110011101101101111111011111011111011111110111011110110111111110111111011101111111111111100111111111111111111011111110111111111111111111111111101111111111111111111111111111011111111110111111111110111111110011101111111111111111111111111111111111101111111100111111111111111111111111111111010111111111111111111111111010111011110011111111111110111111011111111111111111011111101111111111011111011
10011111011010110101111111111111111110111110111110111111111111111111111111111110101111111110110110110111010011111111110111111110101111111111111111011111111110111111111001101111111111111110111111110101011111110110111111111111011111111110111111111111101111110111110111111111111111011110110101111111111111111111110101111111101011111111101111010111111111101101111101111111111111111101111111011111110101111110111111111101111111011111111011011111111111111111111111011111111111
11111101111011111010111111111010110011111011111111011101111011111101011011111111110101101110111111110110111111110111011111111111111101111111011110111111011111111111101111011111111110110110111110111101101111010111101111111011111011101110011110111110111111101101111110001111111101111111111110111110111111101111111111011111100101111110110001110111111111111011111110110110100111111111111111111111111111111110111111101011111011110011011111111111101110010111011101111111110101
11111101111111110111111111111111111111111111011111111111111110111011011111111100011100111111100011101111111111111011011111111111111111111111111111110111101011111110111111011111111111110111111111111011111111111111111101111011111111101111101101111111111111011011111010110111101111111111111111111110110111111000111111111111111111111111101111111111111111111111111001111111111101111011111110111011110111110111111101111111110111111111011011111110111110111011111011111110111010
11101111111111101111101111101111100111111111111111111111110111111110111111111111111111111111111111111011001011111111111111111111111101011111111011110111111111111111111110011111011111111111111111111011111111111111111111111111111110111111111111111111110110111111111011111111111011111111111010110111100101101111111111111111111111111111111011111011101111100011111111111111111111011101111111111111110111001111111110101111111111101011011111111111111111110011111101111111111111
11111101110011011011111111111011110101011110111111111111111111111011111111111110111110111111101011001111010111011111111101111111011110011111111111111111111101111111111111111110111110111111111111001111111011111111001100111011111110111110111010111101111111111110111111111111111110110101101110110101111101111111111111111111111111111100111111111111111111111111111101111111111111111101101111111111111111111111011111111111111111011011111111111111111111111111111111100111111111
01111111111111011101111111111111011101111101111011011011110111110011111111111111111111111111111111001111111011110111110101111111001111111111100101101011111111111111111111111111111101111101111111111111110111101111111111111011111111101111111101110101111101111111111101111111111111110111101110101101101101110111111111111101111100111111100111110111111011111111111110011111111111011111111111111111111010110101111111111111110011111101111101111111011011111111111101111110111111
11111011011101111111111111101111010111110111111111111110111111111110110011111111111111111111111101111111111111111111011111111101001111101101111010101111111111111100111111110011111111111111110111111101111111111111111111011111111111000111110111111111101111011111111111111111111111011111101110110111111101011111111100111111110111010111111110111011110111111110111101111101111111101111111111111110110011111111111011111110101111111101110111111111111111111111011111111011110111
10111101111110111111111111111011111111111111111111111011111110111111111111111011111111001111111111111111101011111011011110111101111111111001100111111111111111111111111111011101111110111111111111101101111111011111111111110111111111111111111111110110111111111101111111111111111111111111111111011111101111111011110111101111111111111111111111111011111111111101111111110011111101111111111111111111001111111111110101111011111111110110110111101111011101110111111111111111011101
11111110111111110111111111111111111111111111110111110101110111111111111111111101011110110111111111010111100111111111111101110011110110111111111011111111010001110111111111111110111111111111111111111111011111011110110110111111101111111111101101100101111111111101101111111011001110011110111110111111101110011111101111011111111110110111011111101111111101001111111111101111111110111110011111011111111101001111011111111110111111111011111011111111111111110111101111111011111111
11111001011111111100111001010111111011111101111110010011111011001101011101111110111111111110111111111110110111111111111011111111111111010100101101101011111011110111111011111011110101101111111011111111111101110111111111111111111111000111111110111111111111001111001011101111111011110111110111111111111111001111111111101111101101110101111011011101111111111001011111101011101111111111111111011111111011111110111111111111110111111011111111111011111111110111111111111110101111
11111101111111111111111111111111111111111111010101111001111111111011111110111100111011111101111111111111110111111111111111111101111111111101011110111111111011111111111111111111111101111111001111111101010111011111110101100011101111111111111111111110111111111111110111110101111011111111111110111111111111111101111110101111101011111111111111011111111111101111111111111101011111011111010111111111111110011111111111111011111110111110111111110111111001111101110011111111111111
11110111011111101101110111111111101101101111111101111111111111011111101011101111101011111111111111111111111101110110111011111111110111111111100011101101011101111101111111111111110111111111111011111011110111111101101111011101111111111101111101111111001111111111111111111111111111111111010111101001111111111111111111111101111111110111111011111110110111111101111000111111111111101111111111110111111111111101111110111111111110110100111111111111101011111110001110111111111111
11111111101111111011111111111111011111011111010000111111111110101111101011111111011111010001110010111011111110111111011100000111111111111101101111111111111111111011111111101010111111111111111010111111111111101111110111011111111111011101111101111100111111111111001011111101111111100111110111111111111101011111111110110011001111111111101011111101111111111111111111001111011111011011111111101101111111010110010110111111011101111111111111001101111111110101111111101111111111
11000101011111110110111101011111111110110111111110101110111111111111111111111111111010111111011011110111101011110011011110111011111111111111111111110101111111111101111011111101011111001111011111101010111101111111110111111011111111111111111111111111011111111111010110110111111111110111111111110110111111111011111111111111111111111110111111111111101111111011011111111111111111110110101111011111101111011111101111101101011101111111111111111111111111111011111111111111011011
11011001111110111111101111101111111110111110111011011110011110111111111011011111111111111111110111101111101111100111101100011011110101101111111011110111101111101111111111110111111111100101111111111011111111111110111011101111111101011110111111111110111111111111101111101111111101111111111111110011111111101111111010111011101111111101111110111111111110011011110101111111111110111111111111101111111111111111111111011011110011111010111111111110111111110111111011011110111010
11111111011111101011111111111111111111111111111111101111111010101110111101111011111111011111001111011111111001001110111111100111111111011011011111111100111101111111011111011111110111010111111110111011101111001011101111111001111111111111111111101101111001111110111111011101111111111111111111111111111111111111111111111011011011001111111111011111111111111111111011111110110111101111111110111110011110111011111111110101111111101111111111110101111111111110110111111111111111
11110111111111111110111110110101101111111111111011100110111111111111111110001110111111111111110101111011101110111111111111111111111111111111111111111111111011111111101111111110111111111111101111111111111111011111100110010111111101111111111111101111111111111110111111111011011111101111111111111111111110111111111111011111111111101101111111111001111111111111011111111111111111101111111011111111111101111111111011111111111111111110011111011111111111111111111111111101111110
11111111111111111111010111111111111101011111110111111111111110001101011111111111111111111111111111111111110111111111111111111111101111110111110111111011111011110011110111111111101011111111101101111011111111111111001111110111111110111110111111110111011101111111111111011111111011111111111111011111111111111101101111101110111101110111111001111111111111111111111101111011111111111111111101110111111111111110111111111111110110101110111111001101111111101111111110111111111111
01111111111111010111111111111111001111111001110111111011111101111111111100111111111111111111111011101011110110011111101111010011111110111011111111101111111111110111111111101111001101101011111111110101111111101111010111111101101111001111100111001111100111110111001111110111111100101111110111111011111110011011111011101110111111111011101111110011011111110011010101110111111101011001110111111111001111010111111110111111111111000111111001111111111101110111111111101101111111
11111111111111111111111011111111101101111111011010111111111111110111111011011111111111111111111011111101010111111010110111111101110111011111101111110111110111110111111111111101101110111111111011111111111110101111111111110111111111011111111101111111111010011111111111111111111011111001111111111011111011011100111110111110111110111111111010110111101111101001111100111101110111100111101011111000010111111111111111111111111111111111111111111111011111110101111111111111111111
11111101111111011110111110110111111111110110111011101111111111111111111110111111110101111111101111111111110111011111111100111011111111011001111111111111111111111111111110111111110111110111111111111111111111111111111111111111111011110011111111111011110111111011010111111111111111011111111101111111111111111111111011111111011111111111110111111111110110111111111111111110111111111111111111111111100001111111111110111111110111011111101111111001111011111111111111111101111011
11111101111011111101111111111111111111111111111111111111011111111101111111110110111110001111111111110111111111111101111111111111011111011111111011100111111111111111111100111111101011111111101111111011011111101111111111111110110111111110111010111011101110111111111111110111111101111111111100110111111111011111110111111110111111101111111111110111111101110111111111111011111111111111111011110111101111011111111111111111111001100111111011111111101010011110111111111110111111
11111111110111111000011111101111111111111111111011111111000111111111101111110111111111101101111101101101111111111101111111111111111111101111111101111111111111101111111111111011011111111111110111111111110111111010011110111111011011111101111111111110111110111110111111111101111101111111111110111111111111001111111111110101101111011110111111011111011111111011011111111111111111111110111111111011111001101111011101111110111111111111111110101111111111111111110111101101111011
11101011111111101111111111011101111111011111111111111111111110111111101011111111111111101111111110010111111110111111111101111111111111111111111111100111111111001111110101111011111111111111011111111111111001101111111111111111111111111111111111111111111111111111111011111111101111111111101111111111111111111111111111101011111101111111111111011011111110111011011111111011111111111111111011101110111111111111011111101111111111111111111111111111111101110111000101110111111111
11011011111001101101111111110111111010110110111111111111110101101111000111111111011111111111111111111111111010111111111111111110111101111111111111111101110111101110110110101111111100111110111111110111111111110111111111111111111111011111111111101111111111111011111111111111111110111111011111111111110111111111001111110111111110111111111111111111101111111111111111111111111101111100101001110111011111011101111111111111111111101101101111111110111111111111111111101111101111
11111101100111111111111111100111101101111111101111111111111011111111111111110011111110111111000111101101101101111101011101110111110111110111111000011111011111111111011111110011101001111111011111011110111111100111010100111111011111110011111111111111111111111111111011101111101111111001111111111011111011111111111111111110111111111011111111111111111111011111111111110011111111101111111011110111111111011110100011110111111111111111110111111110111010111011111111110111111110
11111111011011001111111111011111111101111011111011010111111001111101111111111111111111111111111111101101010110100011111111111111100111101111111111111111110111111110111110111011111110111101101110111111111111111111111110111111111111111101101111111111111111111111101111111010111111011110011110111101111111111011011111101110111111001111111111101111111111111101111110111101111111111111111110110111111101111111011111111011111101111111111111111111111111111111111110010111111111
10110011111111111101111111111110110101101111011011111101111101111111111011111111110111111111111101110111111011101111011111111111101111111111111101111011111111111011111111111111111010111011111011111111110011101111111011111111111111111111110110111111101111111111111111110111111101111100111011111111111101110110111011111111111101111111101001111011110101111111111110111111011111111101111111111110111011111111111101111111110001111111110101101101010011111111111111011111111111
11101111111111011011101011111111111111101011010111111111111111111111111001111111101111111000111111111111101011100101101101111110111011110101101110111111111111011111111111011111111111011011011101010111001111111101101111110110111110111101110111111111111111111111110101111110101111111111111111111111111111101111111100101110111111110110101111111111111111010111110111101111111011111101010111111110111110111111100101101101110011111111111111111111111111011111111111101011101111
11100111111111010011111111111110101110111111011101101011111111111111111111111111101111111101111111111111110101111111111110111111111101111110001101111110111111011111011111110111011111111101001010101111111111101110111111011111110111111011111111111101111110111011111101101111101110111111011101111111111111111111101011111100111111101111110110111111101110111111111111111111110011100110111111111111110011111110111111111011111111111101110011111111111111101001101011100111111111
01111101101111101111101111111111111010111111011110111111011101111111111011101111111111110101111111101111111011111011111111111111111101011111000011111101110110111010111110111101111110001111111111111111110111111111111111111111110110111111111101110111110111011111111011111110001111011111111111111111111111111010011111110101101111111110111011111111100111101110111111111111111111111111111111001111111100101101010101111011101111111111101111111110110111010111011111111111101011
10101100101111111010111110111111110100111011001011111111111111110111111111111110111011101110101011111010111011111111111111111001111101101111110111111111111110111101101010101111001111110111101111011111110111111111111011011111111111011001101110100011001010011011101111100111111011101111101111111011111110111111111101110101111111111110111111111111110111111111100111101111111111111111101111111101111111011010101101101111101111011111011111111111111111111111111111111111101111
11111111111111101111001101110111111011111111101111111111011110111111111001111111110111111010110111101111111101101110111111111111111111111111111111111011111111111101101111111111110111110111011111111011011011111110111101111111101101110101111110111101101111111111111101111110111001111110011111111111011111111111011011111111101111111111110111110111111100111111111001011111101110111111111111011111111111111111101111111111111111111111111111101111101111111111111111101011111111
00011011111001111111110111111011111111111110101111111111110011101111110111111111111011101111111111110101111101110111111011011111111011111111111111110110111111111111011111111111110011111011111111001111111110111111101010111101111101111110111111111110101111100101111110011111111010011111111111111111100110111111111111111111111101010111111101001110111111011101111111111010111111111101011110111110111111110111111111010111111101111001001011111111101011111110110111111111111111
11111011111101111111111111110111111111101111110111111100111111111011111111111100101111111110011011101011111011111011010111101111110110101101111111101111111111111111111111001110110110111111001111111111011111111110110111110111111111110111110111111110110110110111111111111011101111011111111111100111001111101110101110101101111101111111111111011111111111111111111111111111111111111011011011111011111111111110111010001111111111011111111111011111111011111111110100001111111110
10110111111111101101111111110101110111111011111110111111111100110110110111111110101101111110111111111111101110001111111111000010111111111111101111111111011111001111100111111110111111111011111111111111111111110100111110111111111111011111111110111001011100111111111111111110010101011111111111101101111111111011111110111111111011101111111111111111010110111111111101111101011101111101111111111111111111111111111111101111001111010100011111110101101111111100111111111111111111
