1111111110111001111111010111111101101111111111111110010111001111011111111111011111101110101111011011111111111111011101010111111101111101111111111111101111111111111111111111110111111111111010111111111111111001110011111111101111111110111111111101111011111101100100111111111110111110011110111101110111111110001111011111101011111111001111111111111111111111100110101011111111
1111111011111111111111111111111110010100101111101111111100110111111101011111111111111111011110111001101101010111111110111111111111111010111110111011111111111111011111011111011111110011101111111111111111111111011111101111101011111111111101101111110111111101111111111011011111111100011111110011111111110011111010101111111111111111101111111100111111011111111110111100111011
1101111111111111111111011001111111111101111111011110111110111101101111111101000010011011011111011101111011111111111111111001101111011101110001111111101011111011101111111101111101101101111111011100001111111011100111111110111111111111111110111111111010010111100101111111111110111111110101011111111011111111101111111110011010111011100101111111111111111111111111011101011010
0101111111111100111111111101101110111110111111111111111101011111111111111110001111111011111111110111111110110011110101111110111111111011111111111111111111111111111011111010111011111101011111101111101111110111111111001111011110001111111111110010101110111011101111110110111111101110011101110111110001011001101100001111011111011111110010101111110101111101101111111010111111
0100101111111111111111111111111111111011111111110111110101111110111111111111111011111011100110111111111111011011101101111111111111111110111110111101111111111111111111111111111110101111111111111111111111111111111011111111111111101111111111111111111111111110111101110011111110111111111110111111111101101111110111111110111011111011111010111111111111011111111110111111101111
1111111110111110111100010111111111111111110110100111101010101111111101111111111111101111111111100111111111111111111011010111111111011111011011111011101101111111111111110101111111111111110101111111111110011111111011101101011101111111110111110111111111110111011011111101111111101111011011111111111111110111100110111001111011101011111111111101111111101111001111110111111111
1111111111111001111111101111111110001111111011111111111010011110011010110111101111111111001110111110100110111111011111111111110111111001011111111110001011111111111111111010011011101101110100001111111101011111101011011111111111101111101111111111101111101111111110101111111111111111111111111011101110111111111111111101101111011111111011110011111111111111111101110111101101
1101111011111101011011111101111010111111111101101111011111101011111110111110111011111111111011011101111111111111111111111111111111111111110111111011110011111111111011111110111110011110111111101111111001101110101111111111001111111111111111111100101111101111111111101111111111101111110111011101001011111111111011111111111111111011111111111110011110111111110101111011111111
1101010111111101011111111111100111110111111111111111111111111111111101111111111111011111111111011011110111111101111111010111111011101011111000110111111111111111111111111110110111111111011101011111011111110011111011111111111111111110101111111110111101111111101111110111001111101111011111111111101011111111111111111111111101011111110111111111111111111111111101111101111111
1110010000011110110111111111111111111110011111110111111101111111101111111111111111111011111111111111111100111111111011111111111111110110111111111111111111101100111110101111111011100011011111001111101110110101111011111101111110111111111111110111110111111101011110100111111111111110111001111110111111111111111111111111110110101011111110011111110111011111011111111111111111
0111111101111111111101111111101111111111111101111011011111111111101111100111111100111111111111101111111111101111111111111011101111111111101111110111111110111111101111111100111111111111111111101111110111111110110111011101111111110110111011111111011111111111111111111111101111110111111111111101111111011111101110111111111111110111101101111111011111011101011111111101111111
1111011111111111111111001111111111111111101111111111111101111111111110111101111011111111111111111110011111111111111111101111111101111111111110111110111111110011111111011110111110111110011011111111110011111111111111110111101100111111111000111101111111111011011011110111111111111111010111101101101111101111111111111111111111101111111111110111101111111101111111111111101111
0111111110110111111101111111111101010111111011011101111101111111110111111111111101101111001101111111101111111110111011111111110011101111110110111111111011110111111111111111011110111101111111111101111110111101111101111111101010111111111011111111111101111111111111111111111111111111111011111111101111111111101111111111111110110111110111111111111111111111101011111011001010
1111111111111111111111010111111110111101111101111110111011111111110111111101101110011101111111101111101111011111110111111111111011101011011101111101111101011111110111100111111111001011111101111101111111111111111111111111111111111111111111001011110110101111100100111111001111101111101111110111110111111111111110111111111110011111111111110111101111111111111111111111111011
1111011011110111111101101101111110110011011111111011111111111111111111111111111111111111111011111111111111111110111101110011001101110111101101111111111111111011101111111110111111111101110111111111110111010101111111011011101011111010110111101111111111011111011111111010100011000111011111111110101111111111111111001101111111111110111101100111011111111111101011011111111111
1110111111111110101011101011011110111110110100111111101011111111111111110111111110010010111110011111100111111001110111111110110111111111111111011111101111111111101111111110111011111111110011011111011001100111111111111111111111110111111011100111001011000111111101111111011101111111111111111100111111101111011011101111011101011101110011011111111111111111101111111111011111
1111111101101111111111111101111111101110111111111101111111101111111111111111101110111001111010111010111011001110001011110111111111011110111011111111111011101111110110101101101011001110110111101111110111010011111111111011001111101111110111111011111111111111111111111111011111001111111111111111111111011111111101111011111110110011110111101001111111101111111111111101101111
1111111111110111111111111111111110111111111101111111111111111101110111111111111111101111111111111011111111111111111111101111111111101111111111111111111101111111111111110111101101111100010111110110111110011111011111111111111111111111101111111111111110111111111011111101110111111111111001111111011111111111011011111111111111011101110011111111111111111111111111111111111011
0111100101101111111011101110101111111110111111101101111011011011111111111111111101101101111111111111001110111110110111111111011101111111111101111111110111111011101111111111111001111111011111011111101011001111111100111111011111111111110011111111111111111111111111101111011111100001111111110101101011111111111111111111111111111111111111111111101110111111111111110111011111
1111101011110111111110111110111111110110101111111111010111101111011001011111111110111110000011111111001111101111111111101111111011110111111110111111111110111011111111111111111110011111111111011000011101111111001101111111110111011011111111011101111111001011111100111111111101001111111111111111111111111110111111111011111111111111111011111111111111111001111111011101011111
1111011111100111111101111110111111111111111101110111111111111110111111111111111111111111101101111111111011111101111101011101110011111111111111111111111111111111011111111111111111011101111111111101111101101110011111111111011110111110111111101011111101111111111111111110111011111010101111111111011111111111111111011111011111011111111111110111110011111111111111111111111111
1111111111011111111111101111111110111111111111111111010111111111111111110011111011111111111111101111110101000111101101111110111111111010111101111111111101011101111011011111101111111101011111111111111111110111111101111011101100111111111111111111111111110111111101101011101111110011101111111101011101011110111111111010110101111011111011110111111011111111111110111111011110
1110111111111111111111100111111101111011110111011111111111111111111111111001011011111111011111111111011111111111111111111111111111110010111111100011110111011111111101110111011111111111011111101111110111111011011110111111011011101101111111111101111111110101110110111111110111110111011110110101010101000111111111011111110111110110011111111111110111111111101001101111111111
1111011101111111111111111111111111101111011111111110111101111101111111011110101111011111110111011111110111111111011111111111111101001111111111111111011111111111111111111111110111111111111111111111111110111101111111101011111111111111011111111111101111111101111111111111111111111011111111111111111110010111111111110010111111111111111111111011101011111111111110111011111111
1111111110111111111101110111111111111111111111011101110111111111111101111111111011111111111101111111111101111111111111110011111111111111111110111110110011111111111111111110110111111111111111111111111111111010111111111101101110111101111110111111111110111111111111111010111111111111111101111111110110101110111111111111111011110110111111111111111111111101111101111110111111
1011111111111001101011111111111100111111111111111100011101001111101011110110111111111111101111111111111110111111101011110011011111011111111011111111111111011111110011001111110111111110111111001111111011111111110111110111111011110111111111110101110111111111111111101110111111010111101111111100100101111111000111111010110011111010011011111111111111011111101111111111111011
1111111111111111101111111111111111111111101111111111111111110110111111111111111111111111011111111111101111111111101111111111100111111111111011111111101111111101110111111101111111111101011101111101111111111111111111011011011101111011111111111111111111111111111101111111111111101100111110111111110111101111111111111111111111011110011111111001111111001111111011111101111111
1111110111110101011111111111011011111111011111101110111111111111110111111111111110111111111111111011010111111111111111111111011111111111111111110011111111110111110111111111111111111111110111111111111111111000110111111101111100111111111111011111111111111111101111111111111101111111111111011111111111101111111111111111111001111111011111111111111111100110110111111111111111
1111110111111111111011110111101101111111111111111111101111111101111111111111111111111111110101111110011101101111111001101011111110101111111111111111111101111111111110011111111111111111111111111111011111111111101011001111111111001110111101111111010111011111111111111111111111111111111111111111011011111110111111101101110111101101111111111111011111111111111111111111111011
1101111101111111101111111011010111010110101110111101111011101111011101110111111111110110110100111111111111111111010111111111111110001110111111011101100111111111101111111101111111111111101111111001110111101111111111111110110111011100101111111101111111111001111111011111111111101110001111111111110011110111111110111110110111110111111111011011111110100101001111111111111111
1111111110111101111000011111111111111011111111101110111101101111110101011111011111111111111100111111111111010111111011010111111111101111101111011001100110111111111111101111110110111111111101111101010010111111111111111111011110110011111111011111101111111111101111111111101111111111111111110111011111110011111111111111111111111111111111101100111111111111010111111011111011
1111110001111111111011011111101111011111110111111111011111111110011111001111111111110011111111111101101111010111101011111111111111101111110111111110110111111111110101111111111101111111111111111011111111111110111001111101010111101110111011011101011111001111101111111111101111111111010111111010110011111011111101111111110111101111110111011011111111111110111111011001110111
1111001111111110111111111111111011001111111011101111111011111011111110111111111111111101111110011111111111010111111011001111110101111111011111111111111111111101111111111111101111111111110110111111111111011101111111110010111111011111100111100100111111111111110101111111111101111110011110111111111111110111111111111111110101111111111111111110011111111011111111111111011011
1111011111101110111111111111011110111111111001110111110111110111011111111111111011111101011110111101101111111011111111011111010110001111111111101111111101101111111111111111101111101111111111101101000111110101111111111111111101011111110111011111111111101111111101111111101101111111110110111111101111101111111101011111011111111111111111010111111111101111110111111010111110
1011111110100110111101101111111110110111111111110111011100010011111111111110111011100110111011111111111011111111111111111111111011110111110111111111111110111111101111011111111111111111110111111011111111011111111111011011111111111111111001111111001011011111111111110100111001001111101101111111111011111110111110111111111101011101001111011101111011101111111101100111111101
1111111101111011111101011111111101101111111010110111111011111111111111111010111111101111111101111111111101111111111111110101111111111010111111111111111101111111111010111100111000111010111111111111011011011101010111111111111000111101111010111011111011111110111111101111010111111111110011111011011010111111110110100001111010111011110111111111011111010111101011011101111111
0010111111111111111011110110111111111110111011111111111111111111111111111111011001111101011011111111111101111111111111110111101111111110111111111111111111111111110111111111011111101110111111001111111111110101111101111111101111000111111111111111111111110111111111111111111111111110111011001111111111111111111111001111111111110111110111111111001101111011111111000101111101
1101101111111111111111110111110111111111101101111110111111101111111010111111111111110111111111111101111111111011111011101011111111111011111111111011111111100111111111101001110110111111101101111111111111111111011111101110111011111111111011111111101001111011111111010110111111101111111111111110111011111110111101011011111111111111111111111110101111111111111111011101111111
0111011011010001110011111111111111011110011101111111111111111110111111111111110111111111101111101011101111101111011110111101101111111011101011111011101100111111110011111110111100110111111011111101011110111110010111101110011111110111111011111111111111111111101111111100111010111111001111110110101111111011111111111111011011111111001110111111111111111111111111111011111111
1111111111111111011111001111000011111110111111101111100111111001100111110111111011101010111101111111010111111111111101101111110101111111111011111111111101111111011111111101111111101111011101111010101001110101011111010111111111110111001010111111111111111111011111111111111101000011101110111111011011111111111110111111110111011111110111111011111110001110110101111110011101
0111011111011001110111111100111101111111111111111011111100011111111111011101111111111111111111111111111001111111110111111100111110100011111111111111111101101011111111111111111110101110110111111011111101110110011111111111011110001111100110110111011111111111011101100111110111110111110110111111111001110110111100011101111100111101011101011110111111111111101011100011111111
1101111111111111101111010111101111011111111111111111111111011010101111111111111011111111111111111101011111011111111110101110011111111011111110011111111011110111111111011111111110101110111111100111111111111111111111111111111011111111111111101111111111111111111101111111111011111111111111111111111111111111111111111111110111110111111111011101111111111111111111111111111111
1111111111110101111011110111111011101110111111101111111111011111011111111100011111111101111011101111111101111011111000011111111110001111111110011111111111001111111111111111111111011111011111011111111111110110111110111111111111111111011111011111101111111010111011111111111111010111111111111111111110111111110111111111111101111111101101110011011111111111011011110111111111
1111101111101101110111111111011111000010111111111101111011101101101111110011111111111111011001111111111111111111011111111101110011111110111110110111111111111110111101101111101111111111101010111110111111101011110101100001101111111111111001111111101110110111111101111110111111011111111110111110011111100111101011101011011111111111111110111111111110111111111111111111111101
1111111111110111111111111101111111110101111110111111001101111111111111111111011110001111111111110100110111011111111111111111111111111111111101111110101111111111011011111111110111011001011111011011111111111101111111110111111111111111111111101111010111101011111111101111100011011111111111001101111111111111111111110011110101111111011111111011111111111111111111111111111111
1111111011111111111110101111111111110101111100111111111111111011111111101110111111111111101011111111111111111101011111111111111111111111011110111111111111111111111111111101111111111111111101111101011111011111111111111101111111011111111111011111111111011111111011101111110111110111111011110111011111110100111111110111111111111111111011111111111111111111011111111111111101
1110111110111111010111111111011111101111111101111111011111110111011111111111111111110101111111101101110111001111111111101011111111111111111111110101101111110111110111110111110111011111101111011111111101101111111111111101111111110110110111111101110111100110101111100111111110111111111011111111000111111111110110111111111111111111111111011111111111111111111111111111111101
1111110111011111111101110001111111111111111101111110111111101111111101101011011111111011111111111111111111111111111101111101110101111011111111111111111111111111111111110111010111111110110110111111011111111101111010111111111111111111111111110111101011111011111111111111111101111111111111111100101111111110111111111111111111110010110110111101011111111111111111101111111111
0111101101011011111110111111111101110101011111111111111111111001111010111111111111111111111111110011111111111111101111111111111111111111111101111111111111111111011111111111111111111111111111111111011111111111111111111110101110101111011101111111111110111111111111111111111100111111111111111111111011001111011111111101110111111101111111111111111011111111101101110111111111
1101111111111111111111111111111010111111111111111111101011111111111111111101111111111111011110111110111111111111111011001111111111111011011111111100111111111111111111111111111101011111011111110111011111110111111111011111110111101111101111111111111111111111111111111111011111111111101111111111111111110111111111111101111011101110111110011110011111111101111111101111101111
1111110111111111110111111111111111100111111110111111011110110111110111011110111111111111111111101111111111111111111111111011111111111111111111111111110011111111101011111101111111111111010011110111101011111111111111110111110111111111111101011111110110101111111111111111111101110011111110111111010111111111111110101111111111110111111111111111111111111111111111110101111111
1111111111111101111111111111111111011110111111111110110111111011111110101111111111111111111011110111110111110011111111111111011101111011111101111111111111111111111111111110110111010011111111111110111101111111111111011110111111111101111111101111110111110111110111011111111101111111100111111011101110111101111101111111011011111111101111011111111111111111111111111111111101
0111111111111111111011111101011101111111111011111111111111111111011111111110111111111111111111111101001111111110111111111111111101110111111110111111110011111111111111101111111111111111101110111001111011111111111111111101111011110111111111111111110111111111111111111111110111111111111111111111111100111111111111111111110111011111111110111011101011111101111111111111111111
0001111111010111100111110001111111111111111111111110111110010111111011111111101110101111111110110110111101111111000011001011110111011011111110110111111111110110110111011110101111101111101111110111111111111111111111101111111111011111111111011111111111110111101111110111110111111101111101111100111111111111110011110110101101111110011111111111111100111111011111111111011101
1111111001111011111011111111011111101111111111111111111111111111011111111111111111111110111111111111111111010101111000111011111110011111111111111111101111111111111111111101101111101011110111111110101111111110111111111111111111101111110111111111111001011111111110011111011111111110111011111111011111101111111111111111110111111110111111111111111111111010111110111111110000
1111001011110110111101110010111010111111111111101010111111111111111011111101111101111110110111111000111110011111111111111111111111111111101110011111111111111100111011111111111111111101011111111111111111111100001101010111111110100011010111010111010101111111111101111110111111110110101111111100111110111111101111111111111111111110110111110111111110111011111111111111101111
1111111111110111111110111111111111101010111101111111111101111111111111111111101101111111111111111111011101111111111111111111111011111111111111111110111111101111111111111111111111111111111101111111111111011111111111111011111111010110111111101111101111011101111111111111111011111011110110010111101111100011111110111111111111101001111110100111011111101100110111111011111011
1101110101111111101111111101111011101101011110110110111111111111111110111111110101111111111101111110111101111110101111010110111111111111010111110010111111101111110111111110011111111101100011111111111111111111011101011101011101111111110111111111101111101011111111101010111111101011011111101101111111111011110111111111001011111110011110011111101010011101111011101111100101
1001011111101111101111111111111111111100101110111111111110111110110111111111111111101111110111111111111111111111111010111011011111111111111111111011111011110111101111111111111111111111111111101011101111111110011111111101011111111010111111111101001111111110011010111100111011111101101111011111011110110111110111111011111111001111111111111111111101110001111111111111111111
1111111101111111111111111111111111111101011111111100011110111111101111111111111111111111010111111111111101111111111111111111110110111111101111111111101111111011111111111111111111111111110110111111101100011101111101111111111111011110111111111111111011111101111110101111111111111110110111111111111101011011111111111111111111111100101111111101111111111111111111111111111110
0110111111111101111111011010110000111111111111001111111111111111011111110110111111111011011111111111111111111111111110111101101011111111010111101011111111100011110111111011111011001111001010001110111111011111011111111011111111111001111111011110111011111110111101011011111011111011111011111110110011011101011101111111111011111110101111111111111111111111111111011111111111
0110111011111111001101111111111110111111110111111111111111111011001111111111111101111110111111111111111100111111111001111011111101111101111111110110011011100011111111111111111111111111111111011011111111111111011111111111101111101111111110111101111111111101111111111111011111101111111011110110011001111111110111110010111010111111111110111011011110111101111110100111111011
1111111101111100111111111111111011101111111110111111111010001000011010111101111111110111011101111110110111011011111101111101111111011111101111110110101111111111011111111111111111101010001111111101110101111110111011111111100010111111111111101101110111111111111011111101110111011110110111101111111111010110110110101101111111111101111011111001111111111101111101111101101100
0111110011011111101011101100111110100111110111111101101111101111110011111110111110111011101110111011111111101111100101111111111111101011111111111111101111111111111111110111111111111110111111111111111111111111111001111111111111111111101010111011001111111110111111110011111111111111111111111011010111010101011111101110111101101111011110111111111111101111111111111111111111
1111011011011111101011111111111111101100111111011011110111111111111111111111111101111101111011111111001010011110111011111101110111010110111110111111111111010111110101101111101111111111111100101010111100111111111111010111011101011111011111111111011111011101111101110111111111111110101111111101101101111101110011001111011111111110100111101011011111111111111110111101011100
1011110111101111111110111110110010111110111010101101111101111111111111111111101001111111011110110111101000111111111111111110100111111110110110111111111111111011111101111111111111111111111011110111111111001101000111111001111111111001111111111011111111111011110111111101110111110111111111011111110111111111111011101111100111101100010111001111111010011110101111011011111100
0110111011111111111111111111111111111111110101011110110111111111110111111110001001110111111111111001011111111011100111111111110111111111111101111111111001111101101100111111111011111111111111101111111011111111111111111111111110111011111111111111110111011101111111110111111111101111111111111111011011111111011111111111111111111101111111111110111110011111110011111111011101
1111111111111111111101111110101111111111111011111110111011111111111101111111110111011110111111101010111010111111111111111111011101101111111111111111011111111111011011111111111111111110111111111111101101111111101101111111101111111101111101011111111101111001010111011111111110111110110101110011111010111111111101110111111111111111011101111011111111111011101111011101111111
0111110111111111111110111011111111111111111111111011111111111111101111111110011110111110111101110111111001111110110111111111111111101111111111011111111111111111111101111111011111111110111111111111111111111001111111111101111111111111111111111111101111110110111111111111011110111001111111111111111111011101011111111110111111111111111101111111111111111111111111110011100110
1111111110111111010110110001111111110101100111111110101101011111111111111100111111111111111111111111111111011011111110001111111010111111111111110111011111110111111100111111101111111111111011111111111111111111011111111011111111011111111111111111111111101111011111111011011011111110111111111111110110111111111111100110111011111111011110111111111111111101110111111011111111
1111111111111111111111111001011111110110011111111111111111111111011111111111111111011111110101010111111110010111111111111111111111111101111101111111101111011110111111110111111110101111111111111111011111111101011111111001111111011111001111111111111101111111111100111111101111111111111001111001110111111101111111101111111001111011001011011111011111111110111011111110111110
1101110111001111001110111111111111010010111111111111110111111111111111101111111111111111110011111101111111110110110111111111111111111011111111101111111111111101101111001111111101111111110110101111111111111111110111111111111111111111111101111111111110111111011111111111111011111111111111111100111110111111111011110101101110111111111111110111111111111110101111111100110111
1110011111111111010100111111111111111111111011110111111111101110101111111111111111111111111011111011111101001100101111110111101101010011101110110111111001111101011111111100110011101111111101101111011111101110111111011111101111110010101110111111101111101111111110100101111101011111111011101110111100111110111111011111111011101011111111111110111111111111111011110101111011
1111101101111110111111111101011111111101101101111111111111111111111111111111101101111101111111111111101111111111111111111110011111111010111111111111111011111101111111111101110101110011111111011111111111111110001111111111111111111111111111111111111110111111111101111111111110110111111011011100101111111101111111111101111011111111111111111111011011111110111111111111111011
1111111011111110111011111101111111111111111111111111111011101011101011110111111101011111111111111111111111111111111111110101110111011111111011111111101011111101111111111001111111001011001001101111011001101111110111101111010101101111111111110111111111011111111111101111111101011111111111101111011101011111111111101010101111111111111111111110100110011110011111111111111111
0111111110101111111111111111111111111111111111110110011111111101111011111111001111011111011010111110110111101001111010111010100111111111110111101111111011111111111111111101111111111111111001111111111001011110111101011101011111101101110111011001111111111111111010000011111111110111111111111011010011010111111101111111001110111111111101111110110110101111101111111111101011
1111111111011100111111101111111111011111111110011111111111111111110110110111111101110011101111111101111001111011111011011111100111111011111001101111101010111011111110111111111111111001010111111011111111111011101010111111111111111111101110111111110111111111101111111101101111110111111111101111111111111111111101111110111111111011111001111111110011111111101111110011111111
1111111111111111111111101111111111101101111101101111111111111111111111011111111110111111111111101011111011011111111111111111011111111111011111111110110111111110111110111111111111011111110110111111011101111111111111111001111010111100111111111111111111111101111110111111111111011111111111111111111101111111101111011110111111110111111110111111011110111111101101111111111111
1101111111111111111111111111011001011111011111111111011111011111111111111111111101110110111110111011111101111111111101111111111111111101111111101011111111111111111111111111011111111111011111111111011111111111111111111011111111111111111101111101111111111111110111111111110111011011111111111011101111011011101101111110111111111011111101111111111111111111111111111111111101
1101111111111101110111010111111111110111111110111110111111111111111111111111111111111111111101111111111111111111111111011111111101111111110111111011111111101111011101111111110101001111100111101110101111111111111111111111111110111111111110111110111111111111100111111111101100011011111111111111111111011111111111111111111101111111101111111111111111111111011111111110001111
1110111111111111101111110111111111111101111111010111111111111001110111110110111111001111011011101010101111011101111111001111111110111111101111111101111111111101111110111011111110110111011111111110111111101111110111111111111111111011111111111111111011111011111111111101111111111010111111111101111101111111111011111110101111111011011110101110111100110100111111111111111110
1111111011111111111111011111111111111101101111100101111111111111111111111111110111111111111101111111011111110011111011110111111110101111111111011111111111111111101111111111111111111111111111111111111011111011111111110111111111111111111100111111110111110111011111101111101111111111111110101110111111111111111011111111111101111111100111111111111110111110111111111010111110
1110011111001111111111111011111111101011111001110111110111111101111111011111111101101111111111000111111111110110101111111100001111101111111111111111110101111001111111111111001110010110110101111101111001011011110111111110111011111111101111110111111111111111111010111011100111111111110101111101111110111111100111111111111100111111111111111011111011111101110111111101111111
0111111110101111111111101011111111111111111111111101011111111111111110111111111101110001111100101111111101111111111111111111101111111111111111111111111111111110110111011111110111111111111011111111111111111111111111111101111111111111101101111100111111111111111110011011110111111111111111111111111111011111111011111111111110110111111111110111111111111111111111011111110111
1101111111111101110011111111111110101011001111111101111111111111111111111111110111111111111111111011111110111111111111111111111101001111111111111111111111011110110100110111111111110111101111001110111111111101111111011111111011111111111111111111011111111111111010101111110011011111110110101111011111011111101101110110100111111111111011111111111111011110111100101010111111
1110101111111111101111111011111111111011101010110100011111111111010111110111111101111001010100101110011101111100000111011111111111001101101111101111111101111111111110111111111111011111101111111111011111111111110111110100011111111111111111101111111101011111011111111101111110111111101111011110110110111111111111111110111111011110110111111111111111111111111111111011100111
1101111011111011111111101011111111111111011101111111101111111111011011111111111111111111111111111111111110011010111111010111111101111111111011111100111111111010111111111110110111001110111111110111111111111111111111111111110111110111111011111101110111111111110111111110111111111111111111111011110111111110111000011111111111111111111101111111111111110111011111111111101111
1100111110111111111111111111110111111011111111011111011111111011111111111110111111101111111111111011111101111111111110111111111111110111111111011111100111111011111101011110011011111111111101111101011111111100101111001111011111011100011111111101100101100111111110111111111011111101011111111111101011111111111111111111111011010111111111111111111101111101111111111111111101
1101111101111111111011111101111111011110111101111110111110011111111110110011111111110111101111011111011111001111011111111111101111111111001101111001111101111111111000100110110011111110101101111111110111111111100111011011111111111111111111111111011111011111111111111111101111111110101111111111111111110111111111010011111101111111111111111111011111110111111100010111011001
1011110111011110111111111111111101011111111111101101111111101111110001111111111111111111110111111111101111111111111110111111101111111111111110111111011111111111011111111110111111111111111011111011111111111111011110101111110111111111111111101101111111111111111111011010111111111011111111011111111111101111111111111111111111111111111111011111111111011011101111011011011111
1011111011111110111011111111101110110000111011110011110101111111110111111111111111111111011011111111111111111010111101111110111111010110111111111111111011111111111101111111111111111011111111111111111111010111111111111111111111110111111100111011101011101111111101111111111111111011011111101111100110110001111101111110011111111110111011111111111111111111111101101111111001
1011111110111111111111100101111010111111111110111111111111101101110111111111111100111111111011111111111111111111111111111111111111111011111111011111111101111101010111111111101111111111110101111101101111111111111111011111101111111010101111100111111111111111111011100111111111111111101111111111111111111111111111111111110111111111101101111111111111011111101111101011111101
1111111111110111111111010111011111111111111111011111011111001111111111111110111011111111111111111101111111111011111111110101110101111001111111101111110011111111111111101111111111111111111111111011111111011111011011101011011111111111011101111011110111111110111101011111111110111101011111111111011111111110011111111101111011111111111111101101111011111010111111111111010111
1110111011111111110111111111111111111111111111011111111101111111111111111111111101111111111111100101110111110111111111111111111111111111011101111111100111111111101111101110011111111111110110111111011111111111110011111111111111110111110111111111111111110101111111111111110111111111111111111111111110011011111111111111111111011101111011110111111110111111111111111111111111
1110110111111111111110111111101111011111111111011111111011110111111111101111111011111110011011111011111111101110011101110101111110111110101111111101111100101111111011111110111011011111111101111110001111111111110111111111101111111110111111111100111101011111111111111111011111111111110111111110111011111111110111111101111111101111111110111111111111111101111011111111110111
1111111111111110111111101111111111110111111101111111111110110111111101011111101011111111111110111111111110111111111101111011100111101011111011101111011110111001001100111111011111101111011100011111110011011011111011011110011111111010111101111111111111110111111111111110101111111111111111011111010011101110111011101111111101111110111111111110111011111111101111001011111111
1111111111111110111101101111111101111110111111111011101011111110111111101111111001111111111011111111010111111011111111111011101111111111111111111101110111111111011011111111100111111111111111111100111111111111111111101111111111111101111111111111111110111011110111101111111111111111111111111111011000011110111110111100111110111111111100101111011101001101110111111101111111
1100011111110110111111001110101111111111110110111011111110101111111110010111111111111011111111111011111111001110111111011111101111111111111111111111001011011111111111011111111111101111111111111111111111110101011011101011111011110111101111111111111111111001101111111011100011011111101111111001111111111001011110101001111111110111101111111111011110111111111111111111110111
0111111111111011111011111111111011111111111111111111111011111110101111110111111111101111111111111101111111111111111110111111111101111111111110111110111111111111111111111111101111111011111111011111110111111111111111101011111111111111111111110111111110111111101011101111100111101111111111111111111111111111111011111111111111111011111110111100011101111111011111111111110101
1011011111111111111101111111101101111111101111111110111111111111111111111011111111111011111111011011111111111010111111111111111111111011111111111001110111110111110111111111110111111111111111101111111111111111010100011111111011111100011111110111111111111011111111110000111111111101111111111110111111011111111101111111101001000100011001111111101110111111101111111111111011
