101111101111111111111111111110111101111111011111111111111010111110111111111111111011010110011111111110111101111111111111111111011111111111111111111011111111111111011010111110110111111001111110111110111011101111111001100111111110111011101011011111001110111111111111111111111111111110110111110111111111001101011111111111011111101111011111001111111101101101111011101110111111110111111111110111111111111111101011101110111111111111111001101011111001101111101001110111011111101111111111
111111001011111111111111111111111110011111111111100110110111111111111011111111111111111101111111111111100111111110111110001111010111111011110100111111001011110111111111111111011111101110111110101111111111011111111110011001110111011111111111101011111111111111111010111111011110110111111101011111011001100111111111111100111111110111111111111100011010110111111111011001110111111111110111111111111011101010011111111101101011110111011111111111001111010101101110111111101111011111111011
101111111111111111111111111111111111111011011110011111111011101011111111001111111111111111110011101110111110111111111111110110111101110101111111110111100111111111111111111111101111111111111111111011111111111111111111001111011111111111111111111111110001111011100111101111111110111111011101111010010110111110101111111111111111111111111111111110110110111011111111101111111011111111011111111100111011111111111011111110101111111111111111101101111111101111111111111101111111111111011111
100101111111011111101111111011111101111110111111111101111101111111111111111111111101101111111111111111101111101111011111111110111101110111011111101011110111111111111111111111111111111110111010111110111110011101101111011111111111011111111011111111111111010111100111110000110101111111111101111111110110110111111111110111111101010101101111111111110111111011110111111111011101111111101011111101111111111101111011101111110111011011101111101111111101010011111111101111101111101110111111
110111101111111111011111110111101101111111101111011111111011111111110111111100111101111111111111101111101111111111111111111111110111111111101111111111111111101110111110110111111110111011111111111011111111101111111111111111111111111110111111011011110111111001111111011111111111111111101111011011011111111111101111111111111111110111111011111101111111011111111110111111111111111111111111111111101111111101011111101111111110111111111111111111111111111011111111111111111101101111111111
101111111111110101111111111111111111111111011111111110111111111111110111111101101111001111011111111111111111111011101011111011011111111111111111111011011111111011111111110111011101101111111111110111111011011110111111111111111011111111111111111111101101111111111011111101111111111111101111110111111111111101110111111101101111110111111011111111101111111111111111011110111101111101111111110111111011111111111111111011111111111111111110111111101111110101111101111110111111111111110111
110111010100111111111111111111111111111011111111111111111111111011111101111111101111111111110110111101111111111101111111111111011111110110111111111111111111111111111111010110111111111110101110100111011111111111111111111111111110101101111111111101111111111010111011111101111111111111111101011111111011111111111111101101111111101111111110110111111110111011111111111101111111111011111101011111011111111111111111111110101111111101111111011101111110111111101111111111111111101111111111
111111111111110111111111111111111111110001011111111011011110111111011111111011001101111111111111111110110110011111111111110110111110111111111101001111111011111111101001111011111110111111111011111101111100111111111111110111101011111100100101111110101111111111111110111011011111011101111111111111111111111110111011111111111011111111111111111011111111111110011111101111111111011111111111111101101111111011111011111111111011011100100111111111111010011111101001111111111110111111111111
111111110111111111111001111111111101111111111111101111111111111101011111111111111111101101111111111111110111011111111111011111111010111011101111101111111101111111111111111111111110111111111111111111111111111101111111111111111111111110111110111111111010111110111111111111101111111101011011111111111110111111011111111111111111110011111111101111111110101111101111111001110110111111101111110110111111111001101111111011111111111111101111011110101111111111111100110111110111111111011111
111111101101111111111001111111110111111111110011001101111010111101001101001110101111101111001111111111111110111111111110011010001011111111111100101111111110111111111101111110111110011111111111111011111111101111100111111111011110111101111111000100111111101001111111001110101111111111001111111111101011111111010111101111111111111111100111101111111111001111111111101111111111101111110011101011011111101111111111100101111111111111111101111001110111111111110111111110111100101111011111
111001011111111111111110111111111011111111011111111111001011101111110101110101111111101111111101001111111111111111110101111111111111111111111111111111111111110111111111001111110111111111110111110111111111111101111111111101111101111011111111110111111111111111111101101111111111010111111111111111111111111111101111011111001101101111101111111011111111111111111111110111111111101111111111111111110101111111111110111101111110001111101101111100111111101111111111111111111111111101111111
111011111111011111111111111110111111111111011111110111011101111111111111110111111110101111110111110111111111111011011111111111111111110111111111111011101111011111101110111101111110110110111111111110111111111111010110111111111111011111101111101011111011110111111111101110111011011010111111101111111111101111111101101011111111111101101110111111111111101111111001111011110101111111111111111111111011111110111011111011011111111111011111111101111111111111011111010111111111111100111111
011101101111101111111111111101111111101111111110111111111101101111110111111111111111011011010111111100111111111111110011011111011111111111111101101111110011111111111011111111110110111101111101001111111010101111111001100111101011111111111111011111111010011001111111101110110011111111111111110101111110111100111110110110111111111111001111111010111111111011111110110101111111101000110111111111111100011111110111110111011111001101011111011101111111111011111001111111111011111111011111
101101111110111111111111111110111111111111111111111111111111111111011101001111111101011111001011111111111011111011111111111111111111111111111111111110111111110011111011111111111111000011100111011111111011101111011111111111111111101111111111111111111111101111111111111111110101011111111011010010101111011111111110011100100111011111111111111111111111111111111001010101110111111111111111111111110111111111111111111111111111111101101111111111101011111111111111111000110111101111111110
111011111111010111110111000111111011111100110011100111111110111101111111111101111101111111101110111011111110011111111111001111101111111001110111110111111111111111011111111111111011111011011111111011110111111111111110011111111101101111111110110111011111111111110111101111001110111110111011110111111010101111110111110111111101101101111011111110111011111111101111111111101110111111111110111011111010011110111111111111111011111100011111111111101101111110011011111110011101110111111011
110111101111111101110111110111111111111111110111100010010100101111111111100111111111111101001111101111111110011011111111111111111111111111101111101111110111111111101111111011111111101011101010111110010011101001111011101111111011111111101111111011111011111111110111111100111010110011111011011011111111111001110111011101111110110011011111111111111111111011111111111111110000100111110101111101011111101111110101111101110111111111101010111111110011101111111010111111010111111111111111
001111111111111111111111101111111101110111011111011110111111110011111110011010111101111110111100111111110011111110110011111111111110111111101101110101111101111111111011111110110011111110111111111111111100111111001111110111111111111101111111111111111111111111111111110111101111101111011101111011111111111011100111111111111111111111111011001111110011011101111011010010011011111011011110111110011111111101101111111111110101111111111111111100010111111001011110100111111111111111011111
111100110111111111111111111111111111111001111111111111111011101110111111111111111100101111110011111111111111111111111011111111111101110111101111111111111111110111110111111011111111111011111111111111111011111111111111111111111111111111111111111111110011111111011111111111111111110111110101111111001101101111111111111111110111111111111011111111111111110111111111101110011111111111111111111111111111111111011111111111111110111111011111111110111010111111111111111011011011111011110110
111111111111111110111111111111011111111111010101111111111111101111100010101110111100111111111001111111111111011111110110111110111111111111111011111111100111111111111011111111111111111111111111110111111110111101111111110111111111111111111110111111111111111111111011101111011011111101111110111011111111111111111111111111111111111111011111011100111111111001111111111110011111111111110111111101101111111111111111011111011111111111111111111111011001111111110101111111111111111101111101
111111011101110111111111111111111111111111111111110111111111111101111110111110111111111111101111011110111111111111011111111111111111101101111111111101111111111111110011110111111101111111011111011111111110111111111111011111111111111111111110111101111111011011010111111111111111111111111111111011111111111101111111111110111011111111111111010110111111111110111110111111111111111111010011101110111011111111111111111111110110111111111011101111111100011111111101111111111111111111111111
011011111101111110111111001110111110011111111111111111111111110101110111111101111110110111101111111111101111110111111011111111111001111101100101111101011011111111110101011111111011111111111111111111111110111111111011011111100011011111111111101111111110111101111011111111111111110101110111111111110111111111111111111111111110000011011101101111111001110111111111110111110010101111111111011111111101111111011011111111111011110101111011111111011111111111111111111001001110111111011010
111100011110111111111111110100101011001111001111011110110101111111111011110111111010111111110111111110110111111111111110111000111111101101110111100111110111111010011111111111111111101011111111110011111111111111111111111111011011111110101111111111110111110111111111111110111111101001111111110111110110111111001011101111111111101111100111111111011111111111101111101111111110111111111111101111111111111101111111010111111011110101111111111111110111111101110111011111011111111110111111
011100111101111111111111111001111011111111011101111111111101111111111011010111111111111011111111110111111111111011011110111111111100010110111011111110011111011011001111101110101111111111111111001110111011000111001111011111111111110111101111111111101111111011011111111110100101101111111111111100011101101111111111101011111110111111111011110110111011100110001111111001111110001111111111111111111111110011111101111111111011111011111011111011101010100111111111101011111111100111101011
101111110110111111111111111101111000010100110111111011111110111111111111110111111111111111111110111111111111000111111111111111111110110111101111111101101101111111101110011110111011101111111111111101111111001111111101101111101111111111111011111111010111111111111011111111110111111111110011111111010110111111111110001110111111101011111111111110111111101110111111101111111111111110111111111111110110101111110101111101010111111111111101111111010111101111111011111111011010011111111000
110111111011011111111111111111111111110111111111111111111111101011111111111111110111111110111111111110111111111111110111111101111111111111111011111111110111111111111110101111111111111111101110011011111111111111111011011111101110110111111111111111110111111111111111101111111011111111111111111101111111011111111111111111011111011111111110111011111011101111111111111111011111111101111111110111101111111111111111110101101111111111111111110111111111111110111111111111001110111111110101
011101011101111111011111101110111110111001110011111111110011111110111111111011001111111111110111111111011111111111011011111110101111011110110111111111111111111111111000111111011111110111111010111111111111111111111101011111111110111110111110101111111111011111101101101111111111111111011111111111011101111111111101101111110111111111111111111111011111110011111111011111101111011011011111111011011111101011010101111111111111011011111101011111011111101111101111110011111101111111011101
101001111000111111110101111101111111110111110111111111101011111110011110101010011111011010111011111101110111110111110011111111111111111111110110111111101111110101110111111111111110010111000111001111111111110111110111111111101110101001111111111111110011110100101010111101101111100110111111101111111111111100101111011111111100111111110111101110111111110111011101011111111011111110011111111111111111101110111111001010101111111110111101111110111100101111111111111111111111011111011111
111111111111111111011110111111111111111111011111110111111111111111111011111111111010111111111111111111111101011111111011111111111111111111011111011111111111111111111101110111110111111100101111111111111111101110111111111111011111110111111111011110010111110111111110011101111111010111011111111101111111111111111110101111111111111110111110111111101111111111111111111111111111111010111111111111111101111111111101001111111111110011111111111111111111111010111111111111111010111111111111
110111110111111111101111001111101110011111111111111111110100111000110111111111111111111110101111011111101111111111111111111111111111111111011111111111110111111111110101011111011000111101110111111110101110111111111010101110011111100011111011001100110011111111111110111111011111111111111101111110111111111111111111111111111111101111101110111011110111011111111111111111111111111111111110111111110111111111111101111110101110111111001101111111111111111111111101111011111111011110110111
110011101111111111111011000111111010111101110011111011100111111001111101111011111111111111111101111111111111110011111110111111111111111111110110011111111110111110101101111110111011011111101111011011111111111110111111110111111010110111111011111011111111110110111111111011001111100111000011111111011111011111111111111111111111011110110111010011111111111111111111111100110111110010110111011111111001111111111111101111111111110111111101111111001111111011111011001011111011101111111111
011011111011010101001111101111011111111111111111111110111011111110011001111111110011111110110110111011111011011111111011011011111101111111111111111101110100001111111110101111111111111101111110101111011101000101111110011010110111111001111011111111011001110011111101111110111111111111100110011111111101011111010101111111111111001111101111111111010110111111111101111111111111111111110111111101111110110111110111111010011010110111110110111111001111111011111110011011111111111111111011
111111111101111101111111111011111111011101111011111010011110011111111111111111111110111111101110101110111110110111110011110111111111111101111111111110110010110111111111111111111101111101111111001111111110110111010111101111111111000101111111111111111101111101111111111111111111111101101101111111111111111111110111111111110110110111111110111010110011111111111110110111111111111111111111111111111111111111101111001111111111111110111111111111111111111010111111111101101110100001111011
111111111111111111111000111111111110100111110000010000111110100111111111111011101001111111101101111010010011111011111001001111001001111011111111111111111111100101111111111111110111111111111110111111110111111101101111011111110111101111011110111111111100111011011111111111101111111100111111111111111111111111111111111010111110011111101111111101111110011011011111111011111111101111101001111110110111101101111101111111111000111011111111011111111101111100110111111101101111011111100111
111111111111110001101111111111111110111111111111111111111111111110110101010111010111111111111111111111111111111111111111111111011111111011111101111111001111111111111011101101001110011011111111111111110111011110101110101101011010111001111111111110111111111111011111111111111111111110011111111011111111101111110111011111011111111111111111111111101111111111110111111111101101111111101111111011011001111111111111011011111101110011100111111111111111110111101111110111111111110011111111
001111011101111101111111001111111111111111111111111111111111111011111111111111011111111111111110101111111111111111111110101111111111111110111111111111111011111011010011111110011111001111111111111111111111011111011111111111111111111110111111111110111011010101111111111111111111111111111101111111111111110111111111111111101101110100111111111110111111111111111110111111110111111111111110111111111111111111111111111111111111111110111101110111111111100111111011111111011111111111110111
111111111111101111011011101111111111111111111101111111111111111111110111111111111110111111000111111111011101110111111111111111111111111111111101111111111111111101111111111011111111111110111111101111111111111111101111101111111111110111101111110110111101111110001111111111110111111111101111111111111111111111111111111011110110111111111111111111101111111111111011111010111111111111111111011111111011101111111100111111111111111111111111111101111111100011111111111111111101111110110111
100111111111111101111011110111110111001011111111110101011011110101010110101111111111101111110110111011101111011011110010111011101110111111101111111111101111111111111111101111111111010010111111110111111011111101011111111011111101111111110111010011111111111111110111111111111001110111111111111111110110111000111111000111111001111111111111111011110011011111111111011111111011111111111010000111101110010111101101111110111111111101011011111110111101111111000011110110111110111111011011
111111101111011101111010101111111111111111101111000111011111111111111110111011110111101111111111011111011101111111111111111001010011111111101111110111111111101110011111111111101111111011111110111111011111011111111100111011101111101110111001111110111011111111011111111101111111111111111111111111011011001111111111111111111111111011110111111101111111110101111100111011101111111111111010101111001111101101111001111111111101111111111110111001111110111111111011111111111100001101111110
011111110111111001111011111111101111111111111111110100111111101011100100011111111101011111101111111011101101111010111111110011111111111111110111111101111111111111101011111111011110110011111110111111110111111111111111111111111111111111101110101110111111111101111110111100101111111111001111101110011001101101001111110111111011110101111010111111100110110110111111111111111111110111101010111110111111111011110101101011110100111111101111111011110011111110111111110111110011111111011111
111111110111110111101110100111111111111001111111110111111111111111111110111111111111011111111111111111111111011111011110111011111111111111111110110111111111111111111101111111011101110011111111001011111111111111111111111011101111111101110101111101111011111110110110111111110111111111111111111111001111111011011111111111110111101111111111111111101111110111111111011111111011110111111111111111110110101110111111110111111111111110111011011111111111011011101110111111011011011110011111
010111011110111110111111111111111101110111111111110111100111111110111111011111111110111111111101110011111111011111111011111101111110101111111110111110111111111111111111111110111111111011111110111001111111111111111111111111110111111101011111101101110100111110111101111111011110111111111111111111101111101011111011101111111101111111011111111111111111111111111011111010111111111111111111111111011110010010111111111111111101111111101111110111011111110111111111011111111011010111111110
111111111111111110111101111100111111111110110111111011110111011101111111111111111110111101111110111110111111001111110100011111111111111111101100111111111111111111111111101100111111111111111111111111111111111111111111110011111111110111111111101100111111111111111110111101111111001111011100111101111111111011101111100111111110101111101011111111111111101111110111111111111101111111110111111111111111111111111111101111111111001111111111111111111110011101111111110111111111111101101111
101011111011111111111111111101110111111111111111111111111111111111111111111111111111111111111111111111110011111101101111111101111101111101111111111111110111110101011101111011111111100111111111111111111111110111111111111111111111110101111101101011111111111110010011101111101101101111011101100011110111111110110111111111011111110111111111111100111111011011101011111111111111111111110111111111101111101111110111101101111011111011111101101111011111110110111111001101111111101111111111
111111111010110101101111111111110111101011111111101011111110111111111111111111100011100101111111111111111110111110111011101111111111111111111111111110111111110111111111111111110111111111111111111111101111101101110111111101001101111111111111111011111111101111111110111010111010111111111111111110111011010111110111111111101111111110101101111111100111111111111111011110111111110101011011111101110101011111011110111011111111010111101111111111111111111111101110111111111111110111111111
010111111111000011011111110010111111111111001011110110111011111111011100111111111111111101111111111011111111110111111111011010101011111100011111010111111010111111111111111010111001011001101100011110111111101111111111101111111111111111111101101111111111111110101110101011111111111111100111111111110111111111110111101111010111111111111111101011110101011110111111001011101101111101111111111110110110111111011111111111111111111111011111011111101111111110011101110110111011111111110111
111110111111111010111111110111011110111111111111111111001111111011000111011111000101111101011111111111111011101110101110111010111111101111101101111101111111001011111111110111011011011011111101011101010110110100111111111111111011111110111111101101101111111101001111111111110111011111111111101011011111111111111110101111011011101111110111001011111010010110111011111011110111111111111111111111111110111111011111111111101111111110110111110010101111111101101110111011100011111111101001
101111111111101111110111011111101111111111111111111111111110111111011101101111111111111111111110011111110111111110111111111101111011111110111101101111110111111110111101111110110011111111111111111111111110111111011111011111011101111111111110111110110111111110011111111111111111111010011101010011111111111111110111111111111011111111111111111111111111111111111110111001110111101100111111111011111001011111111011111111111110011110111111101110001011111111110111101110111001011000111111
111110011111110111111111110111111010111111111111011110111111011111110101111111111111111111111111111111011011011111111111110001101111111111111111101101111111111111111111111111111101111011111111111111111111111101111011111111110111111111111011111011111111001110100111110111010110111010111111111111111111111101010110111111011011111110111001111111111010111111111111111111111111111111111111110110111111111100111111111111111111101111111100011111111111111111011111110101111111110111111101
001101111111011110111011111111111001111111111111111111111011111111011111110111111111111111111111011011111111100010100110011111111110111101011111111101000111011101111101011111101111111011110010111011111111101011101011011110011110110111010110101111111111101011111111011110111001100111111111111101111001111111001101111111111011111111101010111111111111110111111111001111111111110111111111110110001111111110100111110011111111111101011111111111100110110111111101100111111111110111011111
111101111011111111001111111111011111111111111111111111111110111111111111111111110111011111111111111110111111110111111111111111011111111111111111111111111111111111111100111111011110111111111111111111111111111111111111111111110111111111101010111101001111111011111111011111110110111111011111111100111111111101111111101111111111110111111111101111111011011111101011111110111011111111111111111111111101111111111111011011111111111110110111111011111011111111011111111111001111111111011110
111111111110111111111111111101111010011111111101111010111111111111110111111111111111110111111101110111111110101100001111101111110111111111110111111111110111111111111111111101111101101111111101011111111111110111111111111111101111111011111110111111111111111111111111111111010111111011111111101111111111111111110010100111111111111111111111101111110011111111011110111111111111111111111111111111111111011111110111111111111101111101111010010110011111101111111111101011111111101011101111
111111111111111011111111110111110101111011111111111110010111111111011111011110110110111111111110111111101111111011111111111111110111111011111111011111111111011110111111111111110111111110111110111111111111111111111111101111111111111111111111111110011110111101111101111110101011111111111111101111110111111011111101100111111111111101111111111111111111111111110111111011111111011111111111111101011111111101111101111111111111111111111111111111111011111111111110010110011111111111011011
001110111101010111110010101111000110101011111111111101010111111001101111000110001111001111111111111111111011111111111010010110111111111011111101111111101110111111110111111101111110111111111111111100111110110111011111111011111011110111111111110111111101110011111011111010111001111111011111110111011110101111111111101111111101111011101111111101111111001011111111110011111111111110101001111100111111111111011111111111111111101101111110011111111101111011111011101111110111111110111011
111101110111101111111111111111110111111001111111111011011111101111111011110111011111111011101011111100111110111111111011001111111101111111110111111101111111111111111111011111111111101101111110110111111111111111111111111111111011111111011111111110111111111110111111101011111111111111111111110011011111111111111111111011111111111111111111111111011111111111011110111111111111011111011111111111111111111111111111011111111111011011111111111111111111101111011111111111111110011110111111
111111111101111111011111011111101011111101010111111111111011110010111111111110011011111001111111010111011111011011011011111011110101111111011111111111001110101111111101110011111110110111111011111100111111110110110110101111111111111111111111011111111111111111010101111111111111111010111111110111111110111101111110011111101111101101111011010111111111111111110111111011010111111001111111100111111101101000011111111111011111011111011111111111010101111110111011111111110001010110010111
010111110011101111111111111100111111101111111110110111111111110011111001101111111111111111111111111110111111101111111111111001111101111111101111111111111111111111111111001011101101111110111111111111110111111110101011011111101111111111111111111010011111111101111111111111111111111110111111111101111100111111111110111111111111111111111111111111111111111111111111111011111111011111111110111111111001011111111111111111011111111011111111111111111111011111100111111111111111111111011111
111110111111111111011011101101111110111111101011111101111111010111101111111101110111111111101111110110111111111101110111000111111111111111011111110111110101111011011111111111100011111101011111110111111111111111011111111101111101111001110111011111011101111111101101100111111111111111101101110110011110111111111110111111111111111011111111110111111111110111111111111111101111111111111101111111111111101111111101101111011111011111111101111111101110111011011111001101111111111011111111
111011111111011101111111111111111111101101111111011110111111110111110001111111111111111111111111111111111011111111101111111111111111111011111110111111111100101111101111111011111011011111111111011110111111101111110111110101111111010101111101101111101111101111111111111110111111110101111101001110111111111110111111110111111111111111101111101111111111111101111111111111111101111011111111111111111111111111111111111111111111111110111011111011111111111111111110111111111111111111111001
111111011101111101001111001111111111110101110111111101111011011111110111101111111011111011111110111110111111110111111111111111011111111111110111111111110111010111111111011111101111111111111111001111111011011110111011111111111111111111110111111111110111111111111110011101111111111111101111110111011111111111101110110111111111011111111011010111111111111111110111101111111101101101101110011101110111111111111011101111010110011100100111111010110111111011111111111111111111111111111111
111111111110110101111011111000101111110101111111110101111110111110111101101111111111011111001111111110111101101111110100111110110011111111011111101111110111101011011111111111111101101111111111111111110001111111010110111011111011111110011110101111111110111101101111111110111111011110111110111111111110101101111011101111111011111111011111010111111111111011111111110111111010110111111111010011111110110110011111111001111011011110111101111111110011111011111111100010111111111001011111
111111101111111011110011111110100111101111111100110111111111111111111101111111101111111111111111111101111111111111111101000111101111110111011110111111111111111100111011101110011011111111111101111111111111111111111011011010111111010111111111111110110111111111011111111111111111111001011111111000111111101111111110111110111110011011111111101110110010111111111111111110111110101111101111111111111111101111101101011110111111101111110111110001101011111111111101110111111111110111111111
111110111101111101110101110011101011111111111110011111111111101111110101111101111101111111111111110111111110111111111111111011111101111111111111111111111111111111101111101111111101111011110101111101011101111110111100110111110011011111111111011110111111111111111111111110111011111111111111110110101111111111011110111111111101111111111111111111111111111101111111110101110111111111101111101111011111011111110111110001111111111101111110110011111101111111111111101101111111011111111111
111111111010111110111111101111011111111110110111011111011110111111111101101111011111111011111111011111011111111010111111111011111111001110111111011111111111111111111111111101101111111010111011111111011101111111101111111101101111011111101111010011111111111011011111101011111111111110111111111110111111111111111101101111110111101111111011101111011011110011101011111111111111110111011101111111101111110111101111111101101111111001111111111110111111111000111111111111101111111111111111
101100111111111110011011110110111110101101111101111110111110110111111111111111111110111111111111111010111101111111111111110111101011110111111101101101101011111111111111111111110111111001111111111010011111111100111110111111111111111000111110001111111111101110110011111111111101111111111111111111111110111011111111111101111000111110111111111111111110110011111111111011111111101111011111111111100010111110111011111011111111111110111111111111110101111111111111101110111001111111101111
111111101101011111011011011101010111011111011010111111111111111011011111111111111111111101101110111111001101111011111111111110000111110111111111111000101111100110110111011111111010111111110011111010111111101110111110111111001111110111111101110011011110111110111111110011111111111111111111111111000111111111000110111101011110110111011101101100111111111101111110111111111100111010010010110011111011111111111111011111111111111111111011110110011111111111111110111111110111101110111100
111101111111111111111111111110111111110111110111111010111110111111001111111011010111111101011111111111111111101111111111111111111111111111111111111111111111101111111111111111101111111110111110111111101101111111111001111111011111111111111111111011101111011111111111011101111111110110011111110111111111011011010001111101111111111110111101111111111111111111111101111111111111111111111111111011011111111111111111011111111110111111111111111001111111111110110110101111111111111110101111
000111111101001111110111111101111111111111111111101111010111101101101111111011101111110111010111111110111111101010110111011111111111110111011111110101101111111111111001111111111101111111011111111011111111111111111111101111010111111111010111111111100011111111001011111111111111111111111101111111101100111101101111100101111111111111111111111111111101111111110110111111111111010111001111111111111111111111111101111111111111111111111110111110111101111111010111111011110111111110011111
111111111101101111011111111011111111011110111011101111010111111111110111111101000111111111111111101111111111110101111111111111111010101110111011111111111100111111011111110111111111111111111111111100111110110110101111110100111110011111011111011111111101111111111111010011111111111010110111111111111011111111111111111111111000111110111111011110111111101101111110011101100111010111111010011101010101111111111110011011110111111111111111111101101101111111111111101110111010010011010111
111111111111111111110111111011111111111111111110011111111111111111111111011111111111111111111111111110111101111111011011111101101111101111101111111101100111111111111111111111011111100101110111101111111111111111011111101111111100111111101111111011111111111111111111111111111111111111110110111111111111111111101110110101011111111111111111111111111110011101111010110111111011111110111111111111101111101111101111111111110101110111111111111111111111110001111111111111111110111111111111
111111001101111111111111111111111111111001111111010111111101101101110011101111111110111111010011111001111100111110011110111011111111101111111111100100101011111111110111111001111111111001011110110111101111011111101110111111111101011111111111111111111011101111101111011111011100101100110111001111111111111101011111111111100111111011110111011110111111101111111111111110111111101011111111111111111111101110101000111111110111111100111100111111110110111111111111111010111111010101111111
111111111111010111001011111111111011111101011111111101111111111111111101111111111011001111111111111111111111011111111111101011111111111111001111111111111111011110011101111001101111011111101111111111110111111111111111111111111111111011111111111111111111111110101110001111111111011101111111111111011101111111111111001111111111111001111111111111111111111111011111111111111111111111111101111111111111110100111011111111111111111101111110100111110111111110011111111111101111001111110111
111111111011111111110111111111111111111111011111110111111111111111111111010111111111111011111111111111111111111101111000101111111110111110111111011111111101001101111101111001101011101101111111111111101111011111111111011011111011110111111110111101101111111111110011101111000111111011001011111111011110111111111111110111101111100111011110111111111111101111110111111111111110111101111111111111111101111111111111111001111111111110111111101111110101011111100111111011111111111110111011
111111111111111011111111111111111011111111111111011110111111111111111111111110111111111111111011011111111111111111110111111111110110111101111111101110111111111111110111101101011111111101111111111111111111111111110111111111111111111011111101111111111111111011111110111101111111011111101111011111110111111011110111111100111110101111111111111111111111101111111111111111111101101101011111101111001111011111110011111111111111111111111010110111110111111111111101111111011111110111111111
111110111101001111011011111111111111011011111101001111111110110111111111011101111001111001111111111111101101101111110110101111111111110101111111110101111110001110111110111111011111101110110001101111111111010111111111111111111111111101110111111111111011111111111101011111111111111111111111100111110101111111111101111111001111110011111011111111111011110111111101111111011111111111011110111111000111110100111001111101110101100101011111101010111011011111111101001110111110111111101111
110111111101100111111111111111111111010011111111110001111101110111111111101110111111101111111010111011111101111111001101111110111111110101111011001011110110011110111111111111111111101111110111111111111111111111111110010111110110111100111111001111101111111101111111111111111110011011111110011111011111011111111001111111110011111110111110111111001101111011011111111011111111111101111110111111110111111111111111111001110111111111101111011110110111101001111111111111011111110111001111
101111101111111101111111111011101111011011111111111111110110011111111101101101101111111101110111111011111111011111111011111011101111101101111111110111011110101101111101001111111011111111111010111111101011111011111111111101000100111111111111101111111111111111111111111110111011111010111111111111111010111101111101011101011111011111011110111111110111111110111011011111111111111001110111111111011111111111111101001111111111111011111010111111011110111111111111111111111111111111111111
111101101101111111111111111111001110101111111111100110110111111111101111111111111111111111111111101111111111111101111111111101111111101111101111101111110111111011011111101111111111011111111111111111110111111111101111011111111111111111111100111111111110111101111111100111111111111111111111111001111111111011111111010111101111111111011111111101111101111111011111111011111111011111111111111111111100011111111111111111110011111011101111011111111111011111111101111101111111111101111111
111111111111111111111111111111010111111110111111111111110010011111111111111111111111111111111011011011111111111011111111011011111111111111111111111011111011101111111111111111110111011111111111111111111111110101111110111111101101111111110111111111111111111111011111111111101011111101111111101011111101111111011110110111101111111111111111101111110111111011111110111111111111011111111111111111110111111111011101101111111011111111111111111111111111111110110111110111111111111111111101
111111110111111111111111111111101110111011111101110110111111111110110111111111111111111111011111111111111110111111011111110111111111111111110111111101111011111111011110111101011111111101111111111111111111011111011111110111111111111111101111001111110111101111111011110110111111110111111111011111011111111101111100111111110111111111111110111011111111101111111011101101111110111111111111111111111110111111111111111111111111010111111111111111111111111111111111101110111111101110111001
111111111011011111011111101111001111101111111011101110100101111011101011101101101110110011111111111101111111110111111111111111101111001111101111111110111111111010111111111010110111110111111111111111111111111111100111110111101111101101111111110111111111111010111111111110111111111101010111111101111111111100000111111111101111111111110110111011111111110011111111111110111111111111101111111111111111110111110111111101111101101111101110111011111111111111011111111111010001001100111111
111111110111111111011111101111111111111110111110101101111111111010111111111011111111110011011101111111111111111111111011101111111111111010111111111111111111111111111111110111100111111111011111110111011111111111111011111011000111011111111111101111111110111111101110111111111011111111110111101111110111111111111111101110111111001111111111111011001101011111110111111111111111011100011111111111111111111110111111111011111111111111111101111111111111111110111101001101111111111111111101
111111011111110111111101111111110111101101111111111111111111111001110111111111101111111111101110110111101111111111100011111111101111111111111111101111011111111111111111111111111100111111111111111111111111111111111110011110111111111111101111111110001101111111111111111111111011111110111111111011101111111011111110110111111111111110111111111110111111111111101011111111111111111011101111111111110101111111111101111101110111111111111111111101111111011011111101111111111111111111111011
111011111111110111111011101111101101110111101111111111111011111111110111111110111111110111111111111111101111101111111011111111111110111111110110111111111111111001111111111111111111111111110111111111111111111111111011110111111111111011111111111101011111111111111111111111111011111111111110111111111101111111111111111111101101111111111111111111111111111111001110111111110101111111111111111111111111110111111100111111011111111011111111110011011001111101111011011011111111111111110111
111111111111111111110111110111011111111111111111111011111111011111101111111110111111111111110110110101110101111111011110111010111010100101101011111101101111011111111110110111111111110110101111011001111111101110110111111111111101111111110101111110111111011111111111101111111111011111110011111111101111111111110011101011101110111111111110111111111111110111111111111011111111111011110011110111111111111111101111111111111111111111111001111011111111111011111111111110111111011011111111
111011101110111111111101111111111111111111111111111111011111111010111101111111111111111111111111111111111101111111100111111100011110011101111111111101111101111011110111101101111111111111111011111101111111110110111101110111101111111111101111111111111111111111110111011111100111111111011111111100110111111101011101101011111101111011011111111011110011111111111101011111111110111101101111101011111110111111110111110111111111111010101111111000110011111011111101111111111111110111011111
011010101111111111011101011111110101110111101011011101111101111011111111111111111011101111111111011111111111101111101111110001111011111111011111111111111111101111111111111111111111101111111111011111100011010111111111111011111111110111110011111111111111111010110111101011111111110111101111110111111111111110101111111101011111011111111111101111110111111011111110111111101001110101101111100101010000110111111011110111111110001101011110111001001101111111011011111001111111110011101110
111111111111111111101111110111111110111110101111101111010111111111101101111110111001111011001110101001011110111111111011111111101111111111011111101111111111111111111101101111111111111111111111111111111111111111101111111111011101111101011111111111111111111111111101101111111100101111111110111111111111111111101111101111111111111010110111010110111111110111111011011111111111111110111110110011111110111111111101111101111101111111111111101111111111010111111111110011111111111110100111
111111111111101011110110111111011111111111011110110001110011101111101111111101111111111111110111111111111111010110110011111111111111111100111011111111111111110111010101011111101111111111011111011101110110111111111111111111111111111111101111110111111111111011111111111111111111110101110011111110111111111011110111111111100111111110110001101110111111111101111111111101111010111110111011111110111111101011111111101111111111111111111101111111111111111111011111111111111111011111100101
111111110010111111010110101111001110111111010111111001111100001011110111110111111111101101111111010100110111111110111111110011011111111111101011111011110011111111111110111111111111011111011011111111111111111111110100110101111111110111111111111111111110111110111110001011111111111101011101111101111111111111111111111011111110111111111011101111011101011001111001110000111101001101011111101101111111111101111111101111111111111110101111101111111110111111110111011111111110111011110111
111111010111111110111111111101111111111111111111011111000111110111100111111111111000111111111111111001010110010111110011011111111110111111101111111101111111101011111111111110111111111111110110111111111111111001111111111011011111011111010111111111111111111111111011110101111111011110111111011111111111111110111111111111111111111111111011111111111011110110110110111111111111111111111110101011011111011111111111011111111100111111111110111111110101111011110011111111111001110111111111
101111111111111101111111111011111111101111101100111111111101111110111111111111110011011101111111111111101111011111001111001111100111111111111111111111111111111011011111001110111111111111111100111111011100111111111101101111111111111111111111111111011111111111111101111111111111010111111111101111011101010111111111111111111110110101111111111111111100111111101111100111011111111101110110111111011111111011001111111111101111001011110111101111111101111110111111111101110101111101110111
101111111110111111011110110011111111111111111111111110111111111111111111111111111111110001111011111111101111011100111111101111101111110111111110111100111111101011111100111001111111111111111111111001111111110110110111110011011110110101011110111111111011011111101101111101111111100101111111111111101111011111111101111111111110001100101110110111111101111111101111111111111101010100101111101011111111111111111111111111111111111110011110111111111111110101011111011111111111111011111110
101111111111111111111111110111111111111100010110011011111110011111111111100010111111011111111111011111101111010101110111111111111111111100101111010011111111111111101111110110111111101111111011111111111000011111110111110011111111111111111111111010111111111111101111111011111110111111111111111111011111111111011111011011111111001110111110111111110011111011110011111111110111111111111110110111111011111110111111111110111111101101111111111011111111101111111110110110011111011001101110
101111111011110111111101111111111011111010111111101110111111101111101111111111111111111111111111111011111011111101101011111111111111111011111110100111111110111111111111111111110111111101011111111111111111110111111111111111111111111111001111111011111010111111111111111111011101110110101101110011111111011111011110110111101011111111011111111001111111111111111111100010111011111101111111111111111111111111110111111101110111111111111111101111110111111111011110011111111101111101111111
101011100111111111111110110111111110110011111111111111110001111111011111111011011111011110110101111111111111110101111101111111111111111110111111111111111111111111001111111111111110111111111111111101001111111111101111100111111011110011111111111111111111101111111111110111110111111111111111011101111111111011111111111111111111111111111111101111111110111111111101110011111111111111111111111011011111111111101011111101111111111111111111111101111111111111110111111111111111111110111111
010101110111111111111110011111101110011111110011111111110011101101111111111111111111111111111110011111001110111100111111001011111100111110111111011111111111111001111111001011110111001010100010101011111100111110111110111111100111111111101111111110011101110111010111101111111111010101110111111111111111101111011111111111110010110010111011110111110011011100111110111110111111110111101111111111111110111111101110111110111111111111011111110110011111111111111011101111111101011100111111
111111111011111111111111111110111111111111111111101111000010010101010101111011111101111111011110110111111111110111011111111010011101110011111111111111010111011111111111110011011110111111111111011111111010111111110111111101100111011011110111111101111110101111011011110111110110110111111110110111101111111101011111111111110111011111101111011111111010011111110111000111111101101111111111101011111001011111111101111011111111111101111011110011111101011011111111001111111110111111111101
001111111111111110111111111111111111111111111101111101001011111111111111111110001011101111111011111111111101101111011111111111110111011111111000111001110111110111111111111111011111111111011111101111101111111101111101111110101111111111101111111110111111111111111101111111111011111111100111111111110111111101111111111111111111111111111111011111111111011110111110011110111111110001111111011111111001111101111111111111111001111111111111110111011110111111111111111001101111111111101011
101111111111111111111111101011111111101111111111101111111111111111101111111110111001111011111101111111111111111111111110111111111111111111011111111111110101111111111111111111101111011111111101111110111111111111111111001111111111111101110110111101111111111111110111110111010111110101100111111111111111101101110111011101101111111111011101111111111111101110111111111111011111111111111111111101011111111111111111111111110111011111111001111111111111001100111111111111011111101001111110
111111011011111110011100111110110111100010111100111110111011001111111111111111111011001111111111011101010111010111111110011111011111111100111011001111111100010111111111111110011011111011111011111011111111111111111111111111111011011010110101001111111111111111100111111111111110111111111111101111111011011111011101011111111011111111111110011101101111111111111111111111010111111101111101010111110111110011111111111111111101110111111001111111111111111111111111111111111110101111110011
