11111101111101001111001111111111111101111111101111100111001111110011111111111100111111101111111001111111111110
11111110111111111111101111111100111111011101011111101101111101110111111101111001111110110110111111110101100101
11111110111110110111111111111011011111110111111111111111111011111011011111110011110111101110111111111110110111
11011110111111101011101011111111111011111111111011111011111111001011100011111111101111100111011111101111101111
10101111011110111011111110111111011111110011111001111110111111101111111111111110111101111111101111111111011111
01111110111111110011111111011111111111110011111101101111111101101111101111111111111111011011110111011111111111
11111110111111111111010111111111101111011111111011111011111111011111111111111101011111011011111111101110111111
11111111111111111111111101110111111111111111101011111111110101011111110011111111001111111101110111111110111111
01011101100111011110111111111111111111101111111111101101111111101110001111101111111011101011111111111111111101
11111011111111111110111011011111101111111111101101111111111111111111111111010111111111101111001111111111111111
11111101100011110111111100100111111111110101111111011111101011111110011111101111101111111111111111110101111111
10101110101111111111111111111010011111111110101010111101101111110111111111111011010111111011111011111111101101
11110111111110111111111111011111111001110111111111111111110111101111111011111111111110111101111111111111111111
10011111111011111111111111101111001110110111101111101111111111111110111111111111011111011011101110111111101011
11111111110111110111011111111111101111111011111111111000111011111111101011110110111011110111100111111111111110
10111111111111111110110111111110011001110111111101011111111111101110111110111111011101111101111010010111111111
11111111111111110110101110111111111111111111111100111110101111111011101111111111011111110011111110110100111111
11101110111110110111101111111111100011110111110101011111111111011111111101110111001111111111110111101101111011
11111111111011111111001111111111111111110010100101111111011111111111111111111111111001111111111111111111011111
11111010101010111111011011111110111111011111111111111110111111111111101111101111111101111110111111111111110111
11110111111101111111111001101111111011111111110111111111110111110111011111111111111111111111111111110110111111
11111111110110101111011111111111111111111111111111011110111110011111101101110100111101111111110111010111111001
11111101111011111101111111111101100111011011011111111111111111111111111111011101011111011111111111111111111111
11111010111111111111111011101111111111101111011011111101101101111010111110101110111111011111111111111011010101
11111111111101111110111101101111100010001101101111111110111111111111111111011111111111111111111101111110111111
11111111111111110111100101001101101111111111111111111111010111111100111010111111111111111111111001111010001111
11111111111100101111111111111111101100100111111111101111101111111111111111111110110110100110111111011111011111
11100111111110111111111111011101111111111110101011111111111111110101011111111111111110110111011101110011111111
11111111011101111111110111101110010001111101010011111111101011111111111111111111111001111011111011111111011110
11111111111111101111101011111111111111111101111011011110111101111101111101111111111111111011101101111011111011
11110111111111011001110100111111101111101111110111111111101011111010111010101110111111111101111011101110111111
11101111111111111111010111111111111111111111111111110011111111111111111111101111101111111011001101011010111111
11111111101111111111011111111111111111111111010111111111111111111101110111111111110111111101111110101101111110
10111111111101111110111111101111111111111111111111111111111111001111110111110110011111111111111110100011111111
11011111111110001111111111111110110111111001101011111101101101100101111111111111111111001111111011011111101111
11101111011110111111010011011101111111111111010111110001111111111111111111101111111111111111001111111111111111
11111111111111111110111111011111111110111011111011111100010111100111110111111011111011111111111111011111111111
11101101011111111101101111111011111111111111111111111100111110111001111111111111110111111011100011111111111111
11110111001111111011111111111111100111110101111111011011111100011111111111111110101111011111111111100111111111
11011111111011111111111111011111111111110110111111001111110111110111111101111110011011111111111111110111110111
11111010010111111111111111111110111101111111001110111111110111111011111010111111111011111101110111011111101011
11111111111111111111110111111111101111111101101110111111111110110101111111111111111101111101111000111111111111
11111111111111111011111110111111111111111110111111101111111111111111111111111111011011111111100110111110101111
11111111110101101111111111111111111111111011111101101111101011111110110110111111111111110111111111111111111011
00111111111111100010011111111001101111011111111111111011111111011110111111111011111111111011111111111011111111
01110111011011110111111111110101101011111110011111110111101111010111101111111111111111111110111011111110111010
11011111101111111101100111111010011110001111111111111111110111110101011111111011111111111101111110100101111111
11111001111011111111110100111101111111011111100111111111111100011111111111101111001111111011111111111111110111
10111010111111111111110111101111110111101111111111011001111111111111101111111111111111110101111100011110111111
11111111111100101111011111111111111101111101011111111111110110111101111011111111101111111111101101110111111111
11111011111111111101101110111111101110111101111111111101111110111111111111111111101111111110111111110111101111
11111111111010111111101101111010111111011111111111101111111111111110111110111111011110101111111111110111111111
11111111111111100111101110111110111111111111111111101110111111111011011110111110111111111101101001111111101100
11111101111111011111111111111110111111111101111111111111111111111111111111111110111111111111111011001011011101
10111100111111110111111111111111111101100111110010111111111111101101111111110111110110111101111011111111110111
10111111111111111111110011111111011111111011111111111110111111111011111011111110111110111111111111011111111111
11111110111101111110110101011111101111111110111011111001111111111111111111111001111111101110111111111111011011
11111111011110111111111111011111111111110011111111111111111011000101011110111110011111111111011011101000111110
11011111111110111111110101101101101111111111101010001111011111011111101111111111111111111111101111011111111111
11011101111100111101111111111111111011011011110110111111111111111110111111111110101111111111011111110111111010
11110110111111111011111110110111011101101111110111011111011111101111110011111101010111101111111110011111101011
11010111111110111111111011111111110110011110111111111111110101111101111111111001111111111111111101101111100011
11111111101111111111111011101110111101011001111101110110111011111111111111101111111111111001111011011110111110
11111011111011111011101111111111111101111101110111111101111111111111011011101110011011101111111110011011111111
10111111001111100110111111111011001111010111101111111110111011111111111100011011111111111111111111101101111011
11110101111011101110111111111101111011111101111101111110110101001110011011111110101111111111011111111111111110
10111111111011111111111111111111111101111101110111110111101111101111111111111111111011011100101001111100111101
11111101110111100101110111110111111010100111110111111011111111101111111110111101011111111111110111111101010111
11101001110111101111011111111111111111111111110111111101111111111111111111100111111111111110111111110011111111
11011111111110010101111111111110111111010111111001011111110110110111111110111111111111111110101110111110010110
11100101110111011101111111111111110111111111111111110111111110111111101110111111111101111111011110111011110111
11111111101111111111111101111011111111111111111111111111111111110111111111011111111111111101010111110000011101
01101111101111101100111111101111111111111100011011101111111111111111111111111111111111111110111101111111111111
00011111101101111111111100111111110111111110111111111111110110111111111011111111111111010111110010111111111101
11111111110111111101011111100111110001101101111111111111011101111111111111001111111111110111111111101111111111
11111111111111111101101111111101111111111111111111111111011111101111111111101111110110111110011111111011111111
11111101111110110101111111110101111111111111110111111011101111011011111011111111111101111110101111111010100111
11110101101110110011111111111111110111110110101111111111110011110111110111110111101111110101111111111111111101
11111111111111011111110111001011110110011110111101111101111011011111111101101101111011111111111111111111110111
11111111111111111111110111110101111011111101111011100011110111111110011111111111101111110111111111111111011111
11111111111111011110111101111111101110001011111111011111111111111111111111111111111111111111111111011111101111
11111011111111111111111110110111101111110111001111111010111111101111011111111111011111111111111111111001110111
11110111010011111111011111111111111111011010111110111111110001111101111001110111111110111111111111111111111111
11111111111110111011111100111111111011111110110111111011111011110111101011111111100111111111110110011111101101
11111111111111111111111111011101110111111111111111111111111111111111011100111001111011101111111111101110101111
00111011111110111111111111111111111111111111101101111101001011011111011111111101011111111001111111111111111111
10111111101111111111111111111111111111111111111111111111111110011111111111101101111110010111101111111111101111
11110011110111111010111111111111111111111110111111111011111111101111111111111111101111111111111111110111111101
11111011111111101111111111111010111111111011111111111110111101011111111111111111111111111111111001011101111111
11111110111011111010111111111110111011111111110011111001111101011111111111111111011111011111111101111011111111
10100111111111111011111111111101110111011011111111110110111011111111111111111010111111111111111111011111111111
11111101011111101111111111111100111101011111110111101111111111001111110111111111111111111101101011111101011111
11111011100111111111101111111111111011111110011111011110011111111011111111111110001011110111111111111111111010
11111111100111111101011001111111001111111111010111111111100111111111111111111001111100111111111101111111111111
01111110110111101111110111111001010001111111101101111111111110011111111111101111111110011111111111111111111111
11101111111111111111101111101110111010111111111101111111011111110111111011111111111111111111110111101111111110
01111111110011001110011111111111111111110111110111111111111111111111111011111111111111111111011101111111011111
01111101111011111111111001011111111111111110111111111111111111011111111111111111111111111111111111110110111101
11111101111111110111110111111011000111111111101111111111110111110111110111111111011010111111111001111111101111
11111101111111111111111101111111111111011110011101111111101111111101001111111111111111111111111011111011101101
