111110110101111111111101111111011111111111101111110001111011111111111101111111111111111111110011011111111111110110110111111101111111111111111101001111101011111101011111111110101111101111111111111111111111111111011111111111111110111111111111111110111011111111110110110101100110111111111111111011111111101111111111111110011111111011101011100111111111111111110111111001111111111111011111111011101011111101011101111101011111111111111111110111111111111101
111111111111111111001011111001101111111111111111111011011011011011101111111111011111101111100111111101110111011111101110111111110111111111110111101111111111110101111110111111111111111010011101110101101011111111111111111011111001110101111111110100111011011011010111110110111010111111111110100010001111110110111111111111101111111111010110111111100011111111111011111110111111111111111110001111111001111110111110111110001110011100111111110011111111110111
100111111111101111111111111001010111111011000111011111110110111111111111111111011111110111111111101101111111101101110101111110110011111011111011111111111101010111101111010101110111101111011100111110111111111111011111101111111111110111111101111001111110111111111111111111011100111110111100111001101111110101111110111111111101111011111110111101110101111110111111111011111111111111111111101110111011111100110101101111011101111010011111111110111101111111
110011011111011100111111111111111111011101011111111110111111111101111111111111110111111111111100101111111111000110111111111111111110101111110111111011111111111111101101111010111110111101111110111111011111111111101011001111111111111111101111110111111111101111111111111011101101111100110010111111111111111111100111111110110101111111111111110001111111111011111011111111111111111111111101111111111011111111111011111111101111101110111111110110101110101100
111110111111111111111011111111011101111111001110100111111101110011111011101011101111001111111111111111111011010011101011111111111110110011111111101111111011101111011111111111111101111010101111111111111011111111111110101101111111111111111111110110001011111110111111101111111111110101110111110001111111111001100111011111110111010011101011111101111011111111100010011110111001111001111111010110111110111111011111011111111001101111011111111010101111111110
111111000111111111010111111101011101111110111101011111111110111001111111111111011111111111111111011111111111111111111110111001111110110111111111110111111110111110111111101111111111011101011111110011101101111111011111110111111010111101111111001111111111111101001111101001111011101111110110101101011101111101011111101011111111011111111111101110111011101110101111011011010011111111111101101011011110111111111101110111011100111011111011111111011111111011
011111111111001111010011011111111111111111111111111110111111111111111011110111101011111101011111111111110111101111111111111101101100111111111111111111111111111111111111111111111111111111111011101111111111111111111101110110111111111111111111111111111111011101010111110111111001111111111111111111111111110111111111111101100100111111111111011101111110111110111111011111111111111110111011011110111111011111111011011111111001111110111111111110110111111101
011100111110110111111101011101111101111111111111111011111111111111111111111111111101011111111111111111111110111110111100110110111111111111111111111111110101111111111111111111111111111101110111111111111111111111111110101111111111111111111111101111001111011111111111111111111011111110010111111111101111110111111111110111111111111111111111111111011111111110011111111010111010111111111111111111111111111011111111111011111111011101111101111111111111111111
011111100100101110110111111111111111110111010011101111111011111111110011111111111111110101111111011111111111001111111111111111111110001111111101100101010111011101100101001111001110100111101101111011011110111111111101111001111110111111111101000111011111111001111101111011111101000101111111111110011101011110110111110111110111110111001100111111111111111111111111111110111110111111111111111111111111111111111110110101011110011111111011111111111011111101
111111111111011111111011101011111111111111101111111111111111101110010111111110110111111101111111111111111110111111111111111111100101111111111011111011111011111000111111111111101111111111101111111111111011110011111111101110111011111111101111111110111111011111111001111111110111111111111111101111111110011101111111101111111111111111111111111111111111010101110111111111111111111111111011100110111101111111011111111011111101101110101111111111111110110111
011111111110110110111110011111110111010111101011110111010111110011101011011111011111111011111011111111101110011111001101111111111100111110111111111110110111111111111111111101110111111111111111111101101111111110101111111111101101111111110111011101111111011011111111111111111111110111111011111011111111111111111011111011000111111110110111111110111111111111111111111101111110111110111010111101110111010111111110111111111111110011110111111111101100111110
100110001111111110111101111111111110111110011001111111111111111011111111110111101011011111111111111011111111101111111011111111111111110111111111110111111101111111111011111111111001111111011111111011111101111011111111110111111111101100111011011111011101111110111010111110110001101111111111111110101011111100011111111110101111111111111111111101001101100110011110111111111011111111010111111101011111111011111111111111101111110110111100111011111110110111
011111111101110111111110000111111111111111111111111111111110111111111111011111111111011111111111101111111111011011111101110011111101111111111111110111111111111101111111111111111110110110101110011111111111111110110110111111111010111101110111011111011111111111111111011111111111101111111111110111111111110111111011111111101111011011111111111111011110111111111110111111111111111000111111111111111011111111111110111111111111111110110101111111101110111111
111111101110011111111111111001110011111111111111111101111111101010101111110101111101001111111111011111101001101111111111111111110111111111111110111110111111111011111110011111110111111100111111111111111111011101011111111111111110010111011101101111111111111011101111111110111010101111101111111111111110111110111111001101110101111101101111101111110110111111101111110111111110011110111011011010111101110111011110101111111111110111110111111111111111101011
001111010011111111111011111111111011111101111011111111111111111011011101111111111100111111111111111101110011111111111111011111111111111110111111011111011111111101111011111111011011111111111110110111111111111011111111100101111111111111111110111111111101110111111111111110011111111110111011011111110010101111111101111111111011111111111011110001111111111111110111110111001111111101111110111111110111101011111101110110111111111111111101110100110001001111
111111111011001111011011110111111000111111111111111011110111111111111111110111111110111001111101111101111111111101111111101100110010001111100111111111111011111111110011111100011111111111111111111101011111111111111011111011011011111101111101111111111011011111101011111111111111011111101011110011111111110111111111111111101101111111111111111100111110100111111110011111101011110111111100011111111111111110111111111110110111100011001111110111101010011011
111011111111101111111111111111111111101111111111111111111111111111111110111110111111111110101111111101111110111101111111111011111111011111111011111101111101111111110111111111111111110110101111011101101111111111111111111111111101111111011101111111011101111101101011111111111010111101111111111111111011011101011111011111010111111111111101110110001111111101111111101111111111010111101111111101110101111111011101101111111111111111011101011111111111111111
111111111111011100101111111111111101011110111011111111111111111111011111110111111011111111101101111111111111111111111111111111111111111101111111111111111111011111110111111111110111101111111011111100111110110100111111111111111111111110011111101111111111110111001111111111111111111111111111011111111111111010111111111111111111111111110111111111101111111111111110111101101101111101111101111111111111111111111101111011101101110111111110111111111111110010
111111111111111111111111101011111011111111111111101111111111111111111111111111011111111111111011110111111111111101101101111111111111111111111111001111111111111011111111111111010111111111111111111101111111101111111111111111010101111111011111111111111111101110011111111101111111011111111111101111111111111111111011011111111111111111101111010111111111111111111010111111111111101111111111101110111111011101111111111111111110111111111101111100110001111100
011101111111111111111101111111111111111111011111111111011110010111111111111111111110111111111111111111110111111111111111111111111101110011111111110101111111111111011111101100111111110111111101111111101111111111111111111001111111011111111110010111111111111110111101111011101111111111101111111111111111111111111101111111110110110111111111111111101111111111111111111111101111111111111010110111011011111111110111111100111111110111111111111111101111011110
111111110011011110101111111011101111010011011001101110010110011111111111111110011111111111101111011111101101011011111011111110111001111011110100101111111101111111111111111111111111111111100011111111111111111111111111011111111111111111111111111011000111101110011111111110111010111111011101111111111111111111111011111010011111101110101111111111011111110111111111111111100011101011111111110111110110111111110111011111101011101110110001110111111111111111
110100111101111101111011101111111111110111101111111111011111011111111111111101111011111111110111011111100101011111111111111111101010111110111111111111111111011111011111111101111111101111111111111101111110111111111111101111111111111111111111101111111111101111110111101111110111111111101111111111010111111111111111111111111100101110011111111111110111100111011011111101110010110101011111101111111101111101111001111110001110111111110111111111111111011111
111111111111111101011111111111011101101100110111111110111111111111011111111110111110011111111111111101010011111111111011111111111111111111111111110111111111111011110101111100111101111101101101110010011011111111011111111110001111111111011111111011111110010011101110100011110011111111111111111011111111111111101001110111111101001111111111111110011111111111100111011001001110111111111111011010011011110001101111111111111011111111011111111111011101101001
101111111111101110111111111011111111111111111111111110111111010011111111111111111111011011111011111011111111101111111011111111111110111111111111111110111111011111111111101111110101111111111011111111111111101111111111111110111111111110111101111111111101110101011111111101111111111111111010111011111111011011110110111101111111111111111111011111111111111111111110111111011111111101101111111101111111111111111111011111111111101110001111111111111111011111
101111111110111111111111111111111111101011111111101110111011111011111111111111011111011101100111101101011111111011110111010011111010101111011110111111110111111111111111010111100111111011011111110101111101111111110111111111111101010111001111011111110111101111011111100101111111111011011101100111111111111100111011111101100101111111101101010111111110111111111111111111111111100111011111101111111011111110110011111011111111100100111111111111111110011111
111111101111111011011111111011101111011110111001101111111111111111101101111101101011111111111001111111111101111101111110011011111011111111111011101010101111111101111101111111111111111111111011010100111111111011111111110100111011001111101111010111111001101111010011111101100111111011111010110111111111111110111000011111111110101011011111111101111111110111011101110101101111111111110111111101111110111111111111111010111110110101011110111111011011111111
110111111111110111111111111111111110111011111110101111111111100111010111111111011111011010101110110011111111110011111111000101111011111111010100111110111111101110111111101111111101111111100111110111111111111110111111111111000111111111111001111111111111111001011011110111101011100110111110011110111101011110010111001011111111111001111011111111101111001011011010011111001111111110111111111111111111101111110100111110111010111101111111111101111111111111
111111111101111111011011010011111111101111111111111011111111011011111011111011111111111111100110111101111110111111111111111111111111111110111001111100111111111111111111101111110110111111101111111111111111111101110011111011111111111111111011111111111111110111111111111111111001111011101111111110100101111011111111111111111110011011111111111101011111111101101111111011111111111111111111111111111111011110101111111111101110011111110101111111011101010111
111111111101111101101111001110111111111111111111110111110111111111111011011111111111111111111001111111100111110111001011111111111111111111101111111111011111100111110111111111111111111111111110011100111111011111011111111110111111111101111111111111111111111111111111111111111111111111111111111111011111111111111111110111111111011111110111111111110111111111111110101111111111111111111111110111111111110111101111111010101111111111111111111011111111111111
110111010101111111110111111111011111111111111110111101111111111111111111110111111101111110111111001110111111110111001011011111111011111111111101101101111111011111111110111111110111111111111101111111111111011011011101101110111111111111100111111110111111111011111111111101101111111011111111111111101111111011011111111111111111011011111111111101110101111111111010000111110111011101111111011111111111111110111111110111111111111011011100111111111111111100
111111111111111011110110111110111111111111111111111111111111111111111111111111111110011111111111111111111111111111111111101101111011111111111111110110011111111111111111111111111111110001111111111111111111111011111111011110100111111011111111110110111111111011011111101100101111111111101111111101111111111110111110011111111111111111111111111111111111011101111111110111011110111111111111111011111111111111011111111111111111111111110111111101011001111011
011011111111111111111111111111011111111111111111111111111101110011111111111111011111111110111111111101111111111111111011110101111111111111111111111111111110110111111111111010100111111111011111111111111111111110111111111100111111111011011111111111111110101111111111111101111111110010101111100001011011100111111111011101111111111111110111111011111101101111111011111011111111111111111111111011111111111111111110110111111110100111111011111111111111111111
111100111111110111111110111101111111111111110111111111101111111111111101111100111111111111111111110011111110111110111111111111111111111011111111111111111111111101110111101110111011111111111111111101111111111111111111101111111111111111111111111111111111111011111011111111111111111111111111111111111111011101111111001110111011111111111011111111111101110110111111011101111110011111001111011110111111111011011111111111111111111111111111101011111111100101
111111111111110111111111110111101111111110111111111111011111110111111110101111011110111011111111111111111111111111011111111111110111111111111101111111111111111111111111111111111011101111111101111111111011111111111110111110111110111111111110011111011110111111111110111101111111111111011111111111110001111111111111111110111111111111111110101111111101101111111111111111111111111101111111111111111111011101111111111111111100110111011111111101111110111111
111111111111110111111111110111011111111011111111001111111111111111110010110111111111111111001101011101011010010001111110010010111111011111111011111111010111111111110111111011111111111100111111111111101110111110111010111111110110101111111111111101111111111111111111101110111111111111101111111111111010110111111111111111101110111110111110111110111111001111111111111111111011011110011101011111111111011110110110111101111111111011110001111111101111000111
110111111111011011111111111110111011101111111011110111011111111100101111111111001011111111101111101110111111111011111110111111101111111011010111011111101110111010010011111101111101111011111111110111110101111111111111011111011111111101101011101011110111111101111111111010110010001111111111110111100100111111101100111111111001101011101111110011111011010111110111001110111111011101111011101111011101101111111100110111111111111001111111111111111111111111
111011111101111111011111111111111010111111111111111011101110011001111111111111111111110111111001111111111111110111100111111111101111011010011111111111111111011111110111111111110111101110111111111111011111111011110111011111111111111101111111111110111111111001111101110101111111111011111011111111111111111101111111111111111111111111111111111111111111101111011111111111111111111111111111111111110110111011111010100111111011011111111111101111111011111100
111011111111111111111011111111111011111111111111010111111111110111110111111111110011011010011110111111111111111010011101111101111111111111010111111111111111111101011111110111101101110111111111111111111111100111111111110011111111111100111110111111111110011111111111111111101111111111011111111111001111111110011111111111111111111111111111111001111110111111111111111111101111111111111111111011111111111110111101111111111101111111111111111111011111011111
111101110111110011101111111111011111111111111111111111011001101111101111111111111111111111001111001111111111111111111101110111111110111011111111111111011111111111011111111111111101111110111111110111111110101111111111111111111111111111111110111111110101111111001111011110111111111111111111111111111101110101110111111110001111011011111111011111110111111111111111111111111111111111111111111111111111011101111111111111111111111111101110111111111111111111
111111011110011011111111111011110001111111111110111111110111111111111111011101101101111111111111111111111111111111111111000101111110111111110111101111101111111110111101111111111101101111111111111111111111011111101111111111111011011111111111111000110111111111001111111111111111110111111111111111111111111011011111111101111011111111111111111111111111111111111111111111111100111011111111111101011111111111111111111101111111111101111110101111111111111101
011110111111111011111011111111111111111111111111110111111111111101111111000111111111111111111111111100101111111111101101111011110111111111111111101011111011111111111010111111111111101110101011110111111110111111101101111111111110101010111011110111011110101101111110110110111111111111101111011010111111111111101101110111111111101111111111111111101111011110011011100111111111111111111111110111111011100110111111101111011111111111111011111101111011111101
011110111111111111011010111110111111111001101011111111110111101111101111111111111101111110111100111111011011111111001111100010111110101111111111101111110111111111111101110110111110111100111011001111111101111101111111101111110101111011011101101101101111111111111111111110111101101101111111011111111111001111111111111111111011110011101111111111001101011010101011011010011111111111111101111111111111111101011011111101111111111011111111110101111111101101
110111110101111011110111111111111011111110111111101111111111011101111101111111111111111111111111111111111111111111111111111111011111111111111111100111111011111111111011111111111110111101111111111101111111110110111011110111111111101110111111111111111100111111111111111111111010011111111110111101111101011111110111111111011111011110100101111111001010110111111111111011111110111111111111111101111111011101101111101000111011111110111111111110011110111111
111111111111111111101111111111111101111111010101111111111001111111111111111110111011111111111101110011111111110010111111111111011110111101111011110011111111111111011111111011111110111101110110011111100111111111111101111111110111111101011011111111111011111011101110111111011101100101111011111101110111101111101101111111100111001110101111111111111111111110111011111110110101011111111111111111111011111111111101000110111111111101110110111011110101111111
100111111111111110111011111111111011111110111111101011101101111011111010111111111111111011110111011100011111011111110110111111011111111111111111111110110111101111101111110111100111110111111100111101111111111010111110100101110111010111111111110110110111111110111111011100011111100101111101011101110110010101111111011101101011111101111111111011111111110110111111101111111111111111111111111111111111001111110001111111110111111011100100111001111100011010
110001110110111100110011111011111111110011111111111111111111111111101111011010111010111111111111101111110101101111110111101001111111111111110111111110101111111111111011111111111111111011110111011011111110111111101011111111110101011111111101011111111010001111111101111111010111111111111110011111011111011101111111101110111111111111111111111101110011111111111101001101111111111111111111101111111110101110100110011110101110111111110011011111001100111111
100011111100111111101111111111111111101011111101111011111111111111101111111111111111001111101011111111011111111110111111111111011111111111111110111111111110111011101111111101111111111111011111111110111111111111111110111111111111110111111111101111111111111111111111111111001110101011111111111111111111110111110111111111101111111111111111111111011111111111010111110111111111111111110101111110111111111111111111111111111101011111111111111101101111101111
110110111111111011110110110111111011111111110111101110111111111110101111111111110111101100111101111111111111111111111111111111111111111101011111110111111111111111111111101111111111111111001111111111111111111111111101111111111111111111011111111111101111111101111111111111011111011110111111110111101011111011111101111111011111111111111010111100111110110111111111111100111111110011111111111111111111111011111111110011111111110111111101111110110111110011
111011101111111010111011011111001110011111110111111111001111111110111011111100111111111011111001111110011111111111111110011111111011011110111111111110111111101111111111011110111101101011111111101011101110101100011111111111111010111010101101111111101111110110011111011111011011010111110001100111110111111101111111001111111110100111101011111111111111011110111111111001011111111110011111111111111111111110111111110111111111111111111111011111111111111111
101111111111111011110111111101011111101111011111111011111111111111110101111111011010111011111111111011111111111111111111111110110111110101011111111111111111111111101110001110111111100010010101111011001111111111110111110111111111111111111011001100011110110111111101011111110010100101111111110111111011011111111101111111110111011111110101110111111111111111111111111111110111111111100111111011111101011111101111000111111111111110111011111111111111110111
111111111111111111111111111111111011111111111110111101111111011111111111011110111111111100111110101111111111111111111111011111111101110110111111111111111111110111111110111110111111111101011111111110111111111111111111111111111111111011011111001111111111011011111011111111011101111110111111010110111010111111101101110111111111110111111111111111111110100111100111110011111100111110011111111111110101111111011111011111111111101111111110101110111110111111
111111111111111111111111111111111111111111111111111101011101111111011111111011010111111011111111111011111111111110111111111111111110110011111011101111111111111111111110111101101111111101111101111111111111111111111111111001111111110111010111111111111101111111111111111101111111101111111111111110110111110111011111111111111111111111011101111011110110111011111111111111111111111111111111111111111111111111111111110010110101111111111111111011111011111111
111111001011111101111100011111011101111110111111100111111110110111111111101111111111111010101101111101100100110111111011111111011101011111111011110110101111111110111111111110110111101111111110111110111010111111111111011111111111111011111111111010111011011010110111111101001010111011101111101101111111111110110111111111110111111111111011111011111101111111110101110111111101110011101111111111111010011011100101110111111111111111101111111111111111111101
111111111111111110111111111111011000111111101111001111011111111110111111111010111011111111001111101111111111110110101011111111111101111111111111111111111111111111111110011111101111111111111101101101110111011111111110111101111111111111101101101111011110111011111110111101111111101101111111011011000101100111100111110111111111111111111011110111110111111111111010111111110111111100111100110111101111110111110011101111110111101011011111111110111010101111
110011101111010011111111111110111111110111110110011111111001110101111111111111101011111111111111111011111101101100100110111101110010111011011101111111111111111110110111101111111111101010110101011110000111111100111101100111010110111101111001111111111111111011011100111111111111111111111111111010111011111111111011110010101011011111111111111111101111111101111111111011001111111111111101111111111111111110010110001111111110011111111111111101111111101011
101111101111101111111111011011111110111011111011001010111111111111111101101100111111101011111100111001011111111011011111011111111110011111011001111111111111111011111111111111111101111111100111001111111010110111111101111111110111110111111111111110111111111111011111111111111111111110111111110111111101111111111111110111111111111111111111101011111111011111111111101111111111011111111110110111101110111111011111111111101111110001111111111111001110111111
111111111001110110111010110111111101101111111011001111101101000011110111111111111101110111111111011010110111010111111111101110110100111101011101110111110111111111110111111111110011111111101111111010110111111110111111111101111011011011111011010111111111000011111111111111101010111101110111011011011111101111011111111111110111111111111110111111111011110101011111111111111111111111111111111111111011111111111111101101111111111101111011111111111111111111
111111111010100111111111111110111111111110111111111111111111111111011111101110110101111101111111111111101111110111111111111011001011111111110111111111001111111111101111110011111111100011100011011111111111111001111101111110011011101111111101110011111111011101010111100111011010111111111111111111111111110111111111011111111111111110111111111110111111111110111101010011111011111111011111101011111101110101011110111111110110111111110111111111111111111111
110110111110011110010011111111111111011011100110110110111110010111111111110111101111111111111111100011110111111111111110111010111011011111111011111011111011111111011101111111111111101111111111111111111111101000111111111111111111111111111011010110010010111111111101011101101111101110111111011110001010111111101111101111011011111111111111111111011110011110111111101010111101110110111111111111111111011111111110101111111101100111111010111011111011011111
111111101111111111101111111001100111111011111101101111111111110111011111001111111111111111111111111111111111111110111110111110111111111111111111111111100111011011111111001101111111111111111111110111111111110111111111111111111111111110101111111110101101111111011111111110111001011101111010111111111110111111110111111111101111111111111101110111100011111111111111111111110011111111111111101011010111111111111111111110111111111111111111111111111111011101
011011111001111111111111111111111111111111111101011111111111111101111111110101111111111101100111111111101111111111111111101111011111111111111011111111111111010111101110111111111111010011111111110111101111111111111111101110111111010111111111111111100111111111111111101011011111110011011111111111110111111111111111110110111111101110110111101111110011110101101110011111111001011111111110111111111011111111111111111110111011111110111111111111111101111111
111111101111101111111111101111111000111111111111101110111111111111111011111101111110011110111111111110111101010100111111110011111101001111010111110111101111111111001101100111110111111111111111001010111110101111111111111111110111111111111111110011111111111011101110101111110101111111011100111111111110100011111110111111111111111011011101111111111111011001111111011100111100111010101101111111111111010100110111011111111110011111111111111000111111111011
111111001111111011111111110101101111101111111111011011111111101011011111111110111111111111111011111111111111111110111111111111110111111111111111011111111111110111101111100111111110111111111110011111111111011111111011111111111111111111011101110111011001110110101101111111111101111111111111001111111111101111111110111111101110111101111111011001111111011111111111111111111111111111111101110111111111111111111110111111111110110111111111011110111110111111
111111111010010001111111111111111101111111111111111111111111111111111111111110111110110110111111111111111111111111111111101111111111111111101111111001111111101101111111111110111111111111110111101101111111011111111111111111011101101101011111110101111111111111111111101101101111111111101111111011111011111111110111001111111111111111101111011111111111111110111111111111111110110110111111111111111111111110111111111011111110111101111111111101101011111101
010111111011111111011111001111111111011111110111111011101111111111111111111111111111111101111011101111111111011110101110111011111111111111111111111110111101111111011111011111111111111110011110111111111011111111111111111111111111111111111111111010111111011001111111111111111011111111111111111111111111111111010111100101111011111011110111111111111111101111111111111110111011111111111011111111111110101111011101111101111100011110111101001110111111101111
111111000111001111111110111111100110111111101111111111011101101101111111111011100111111111101110101111111110111010111111111011111111111111011111111111111111111111101011101111101011111101110111111001111111111111111111111111110111111111111110111110011111111101111111111010111111001111101110111111111101111111111111011111101011111101101010100111111111110111111111111101111111101111101110101111011110111101110111101110101011111111011110100110111111111010
111111111011110111111111111011110110101110011111110111111011011101101111111111111111011111111111011111111111111111111111110011110111110111111111111111110101111111111110101111111111011111111111111111110110111111111111111111001111111111111111111101111111111111110111111111111011111111111111111111111101110111111010110011111110111111010111110111111110010111101111101111111100110111111101111110010111111111111011001111111110111111111111111111111011111011
111110111011011101111111111111111101101111111111101111110111011111111111111111111111101111111111111111101100110111111101011111111111111111111111111110101111111011111111111111111011110010111111111110111111110110111110011111111110111101111111111111111111111111111111111110110110111011110111101100110111111110111111011011111111111111101111111011111111111111110111110111111110111110111111111011111111111110110111111111111000111111111111110111011111011101
101111111111111111111101001111111111111111111011010111111111011111110111101111111101011011111111110111111101110111111111011111111111111111111111111111111011101111111111101111110011011111101110111110111111111111110111111111011111111111101001110111111111111111111111011111011011101011110111011111111011011111011101111010110011011111101111111001111110111110111101110111111111111101110111111111110101111111111111111111111101110111111110111011111111111111
101110111111111111011111111100010110111011111011101011101111101111111111111101011111111111110110111111011111111111110110110111111110110111111111110111100111010110111111101011111101111111000011111110111111111101111011101111111111101111111111111101011010110111111111001100111111111110111111010011001011110001111011111011111110111111001111101111110111011111111011111111100110011101111111111011111110101111011111111011111111111010111011101111110111101110
110101111111111110111111001111111111111100111111111111101111111111101111101111111011110111111110111111111111011111111111111111111110110111101101111101101011011110111111111111111111111111111111011011011111111110111101111111111111110011111101111110111111111111101101111011111110111111111110110111111111111110101101111111111111010111101111111101111111011111101101110101111111111101111111111100110011111111110011111111101001011111111111111111011011111111
011111111111111111111111111010111101001000101110111111101111101111111111111111111111101111111111111111111111111101110011111111111111111101111110011110111111111111110101111101111111110111111100111011111010110111111111111110111101111111101111111111001111111010111111110111111110001011111110111111101011101111111111111111111101110111111001110100111111111011111111110111111111111111111111111101111011111111110111111111111111111101111111110100101111111110
001111010111110111111110111011111111011111111111111101111101111111111110010111110111010111111110111011111011101111111111111111111111111111110011111111111111110101111110001101111111111111111111011110111111111111111100111100111111110001110101111111111111110010111110111111111110111110010101111111101010001101111111111011111101110011111101010111101111111011110111111110101111111101111101111111111111111110111111111111111110111111111101111111011101110011
111111111111111111111111111010111011011111110111111111011111111001110101111111111111111111111101101111011111111101110111111111010111011111111111111111111111111110111111110111101101111111111101111111011011001101111101111101111111101111110111111111111111111111101111111111010111111111111111111110100111101011111111101111100111111101111110111111100111010001111111111111111110111011111111111111111111111111111111111111111110011011101111111110111111110101
110111101110101011110101011110111011111111111111111011111111101111011111111111111111011111111011111111111011101111111101111101110111111111010111111111111011111110111011101001111011111111111111111110011101100111111111111111111011111111111001001110111111110101111111110101111111111111111011110110111111111111110101011111100111111011011110101111101010101101111011111010110011111111111111101110111111111111101111111111111111011011011110111111111111011101
111101111111101111101111111111111111111111111110111111111111111111111111111111111110111110110111111111111110111111101111011101111111111110111001010111110011011111111010111111111111111101111011101001111111110111111111111011111111111011111111101111111111110110111111111111101111111101111111111111111111010111111111111111111111111111101011111111111111111111110111111111111111111111011111111101111111111111011111111111111101111001111101101111110111101111
011011110111111101111011101111110111110111001111111111111110000111011111110110111100011111111111111111111111101111011111110110101111100101111111110111111111111111000111111100011111101111010111111111110001111111111111011110111111010111011001111011111111110110101111111011001011011101111111110111111111101111111111011111111111101111011011111011111111011001011111101111111110110011111111111100111010111110111111110111111111110011111011111110111111110111
001011110111111111111111111111101111111011110111111111111111111111111111111111111111111011011110111110111111011111001101100001111010111110101111110111010111101101111111111111111100010111101110011011111101110111110101011100111111010111111101101111100111011111011110011110111111110111111101011100110101111100111111101101110111111101111111011111111111101111101111111111011111010110101110110111011111001111111111100111100111111111101111111110111100111110
111111111111111011101111110111111011111101111111111110111111110111101111011110111111111111011011111111111111011111111011111111011111111111101111111011101111010100111101111101111111111010101110101111111110111011111111111110111111111011111111110110111111111111111111111011101111111111111111111101111111110101111011101010101111111111111111111111111101101111011111111011101110110111111111111111101011111100111111111111111111111111111111111111011111011101
111001010111110111011111001111010111111001111111110111111111111111111111111111111111111011111011110100011111100101011100110111111111111101111010111111011101111110111111111110111110111111101111111111101111111110101100111111110111111101111111011111111111111111111101111111111111111001101111111011111101111110011001010111011111111111100111110111111111111111111111111101111111111110011111111111101111011110111111001110111111111011110100111111101111101111
111011011111110111111101111011111111111111111111010011111111100001111111111110111111011011101111101011101110110111111111111011100111111111111111111011111011111011111111111011110111111111101100011111111011101111111011111111001001111110111111111111111111111111111111111101111111111111111101111101111111011111011111111110110110111111111111111101110110110111110111111111010111111111111111001111111111110111011111111111101111101101001011111110111111011101
100111111111111100001111110101111100111111101011011111111111011111111111111110111111111111101111111111111101111111111011110111111111111111111111101101111111111111111111111111111111111111111001111111101110111111111101101101111011111011111111111110110011101111110111110111011111110111111011110101111111011111011111101111111011111101111100111111111111111111111111111111101111111001111011111110111111111111011111101101111110101111110111111111111111101111
101111101111101111101101111111111101101111111111111011111111011011110101111111111111111111011111011101111011100110111111111111111111111001011111011111111111111101110111111111111111111101111111111111111101111111111111111101110011111011111111011111101111101111111110111101111111101111110111111111011101111111111111010101111111100101111111111111111110111111111111101111111111111111111111111011111111011111111111111111111111111100111111111111111011110110
111111111111111111101111111111111111111111110111111111111111111111111111111111010111011111111111111111111111111101111110011011111100111011110011111101110011111111111110111101111110111011110111111011111111111111101101111110111111111111111111101111110110111111111111111111111111111111111011111111111111111111111111100101111111111111110111111110111101101111110111111011111111111110011110111111110111101111111111111111111100111111111111110111111111011111
111011111111111101111111111011111111111111011111111111101001101101001111111111001011111011111111111111111101111011111111111111101011110111111010110111111111111111111111110111111111111111111111110111010111111111011111111111011111101101101111101111111111111111111011101111101111111111111111111111101111111111111110001111000111111111111111111111111111101011111111111110011111001111101011111111101111110111111011111111111011110111101111111011111111111111
111110011111010110111111101000011011111111111101011011011111110011111111111111111101101111011011110111011111110111111101111101111101111111111111111111101011111011110111011001111100110011111111110101111110011111101111010111111111011010110101111111101101010111001011101111111111111111100101111111111111111111101111111111111111111111100101011011111111111000111111111101111111011111111110111111110111110111111110111111111111111111110011111111111111100110
110110110011111110111101111111111011011100111011111111110111010100110111111101110101101000100111011011101001111101101010111111111111111111111111101010111111111101111111111111111111101101101111111111111111110001111100101111111111111101011011101111111110111110011001111111111111111011011111111101101111101011111111110111111101110111111111110111011111111011111110011111111111101110110111111110111111111011101001111110111111111110011111101111111110111011
111111011111111111111111111111111111010111110101111101111111111110011111011111111101111111111011101110111111111111101101111110110111111110110111111111111101111111001111111111111111111110111111111111111011011111011011111111111111101111111110111111110111111111111110111111101111111111111111111001111111111111111110111111011111101111111011110111101111110111111110111111111111111111111111110101101110101111111111111111111111011111011111111111111111111111
111111101111111111110111111110111111010111111101111111111111111111111111111010101110111111111001111111011111110111111111011001101111011011110110111101111110111111111111111111111010111111111111111001111001111111111110111111101111011101001111010110111100011111001110011110001110111111111111111111001110111011111111001111111011110101110011111011111110111101111111111111111111101111111101111111111111011111111011111111111010111111111111111111010111101111
111011111001111111111111101110111111111011010111111101111111111111111111111111111111111111111101101110111110111111101111011111011111111111111111111111111111111110110011111111111111111111111111001111011111111011111111110011111111111111111110110111101111111011111111111110111111111111111111011011111111100110011111111110111111111111111111110110111110111111110010111111011101011110111111111111101111111111111111111111110110101110111111111111111111101111
111111111111111111111110111101111111111110111110111111011110101100101111011011000110001111101111111111101011110111101111111001111111111111111111111111010111001111111101111101111111111101110110111111111101111011110111101010111111001011101010111110111011111111111111101001110101011001111110101001111111011111011111111111111110111101011110100101111111011111110110111011111111100111011011111001111111111111110111011111111111101011111111011111110111111111
111011111111110110111101111111011111111110011111111101111001111111111111101111011111111111111111111111111111111111101111110111111111111101111111111111111111111111111111111111111111111111111101101111111111111110111111011111111111111101111110111111111111111111110110111110111111111011111111111101111101110111111111111011111111111100111111111011100101111111111101111011111110111101111111011111111110111111111111111011111111111111110111111111101111110111
011111011101101011110111011110111111111111110111110101111111110111111111111111111111111110111001111111101110110110111111011111111010101111111111111011101110110111010111111111111111011111111111010111111111111110111010111011011110111101111110111111111111101111111011111110011111111111011111111111111111101011000111110011111011111101111001111101111111111110111111110111011111110110111111111111110001111111110101101100111110111111111111101011011111111111
111110111111011111111011010111101111111111101111010111111110111111111111111011111101101110111110011111111111011011011011111111011111010111011100111111111111101111111011011011111111100110110111011111111111111111111111111011111111111111111111111111111010111001111011110111111100111111111111111011101111111111001111111111101111110101111111011111111111111110101111111101111101111101111011111110011111101111101111111011101111101111111111101111100111111101
111111111111011111111111110110111111111111111111110011110111111111111111111110011010111111111111101111111111111111111010111111001111101111101111111111111111011011111111111100111111111011111011111111111111111101111111111101110111111111011101101111111111111101111111111111111111111101111111111111111111111011011111110101101111111111111111111111110111111011111111111100101111111111111111111111011100111111111111011111111110011111111101110010111111111111
111111111111111111011111111010111111101101111111111111011101111111110110101111111111110111111111100101111111110111111111101111111111011111111111101011110111111110111110111111111101111111111011111111111111110011111111011111111111111111011111111101101111011111111101111111111111111111101111111111111111111111111001111111101011111111111111111111110111111011111111011111110111101111111111111111111111001111011111111111101011111010011111111111111111111111
110111111010110101111110011101111101011111111111111111101111111111111111111111110100110110111111111111111111010101011110111111010111111111110110111100111111010110011100111111111111101101111101011101010111011111011111111111111111111111110110111011111101011111110110111101111111111101011111111111111111111111110111111111100111111110001101111111110111101010111110111011111110111011111110111101111111111111101011111111111111111010101111110101101110101111
000111111111111111101111111101111111111111111111111110110011111011011011110101111111111111111111111111010111011111111111111111101111011001101011111001111111111111110111111111111111111111111011011111111111110111111111111111110000111111111111011110011111111110110011111101011111111111100100101111111111110101111111111011011111111111111111011011111111011110101111111111111011111111111110101111111011111111111111111110111111111010111111111101111110111111
111110110111110101111110111111011111110111110101111111101011101111101011011111111001111011011110101111100101011111111111111111111111111101101111111111111101011111111111011111100101111111101111111010110111111111111111111111011111100111101111111111111011111111111011111111010111011111101111111111111011111111110100111110011110111011111111111100111111111111101100111111111101111001110110111111111110111110111111110001111110111101101111101101111101111111
101110111111111011101111111011110011011011111111111011110101111111101011100110110101110110110111111011111011111011111111011111111111111111111111111101011111100111101011111110101110111111111100111011011111110110110111111111111111101111111101101011111110101011110111111111101111101111111111111011011111111111111110111111111111011111111000111011111111111100111111011110101111111110110100111110110111111111111111101101110111111111111111101010110111001111
