1111001101111111011110111110111001110011011111111111111011111011110111
1010111111001111011011111111011111011111101111110111111011111111111111
0111111111111111111111101111110111110111101111111110111111011101111111
1110111111111101111111111111111111111111111111111101110100110111111111
1101101111111111010111101110011111111111111011111111111101111111111111
1110011111110101111111111111010101110101111111111111110111110101001111
1111110111111110111110111111111111111110111011110110111111111111111111
1111111111110101111110011111111111110101110011111111111111011111010011
0111111111111110111111111101101111011110111111110111111111110011111110
1111011011111110101110111111111111110101111011101101111111111101111111
1111111111111011111111111111111111111011101101101101111111111111101111
1101111111111111100111111111111111111111101100111111111101111111110110
1111111111111111101111111111111111101111111111111111101110100111111101
1111011110111111110111111110111101111111111101010111111111101111101111
1111110111111111100011001110111110111111111110111111111110111111101111
1001111111111111011011101111111111011110101111111111111111111111011111
1111111111101111111111101111001111111111111111111110111110111101111111
1011011011101111111111111111111111111101110111011111110111111101011011
1111110111001101111111111111111111111011111111101111011111111111111111
1111111011101011111111101101111110111111011101011010110111101111111111
1111011101010111111011111111111011111111111011110110111011101111011111
1110111101101111111011010111110101111111101101111001111111011111111111
1101111111111101111111111111001111111101000101111001111111111111100111
0011111111101111111001111111101011101111111011110011111111100111101111
1111111111101011111110111110110111100110011111111111101101111111111110
1111111111101011110111101111111101011111110111111011101111100111111110
1110110111111111101111111010111111111111101111111111111111111111011111
1101101110111011110111111111111011111111111111111111111111100011101111
1111110111110111011111111111111111111111111101111111110101111111111001
1011111011111110111111111101011110111111111111111111111110111111111111
1111110111111111111111110110111111101111111111111111101111001110110011
1111111111111111111111111101101111011111110011111101111111111111011001
1001101001111111111111111100101111111111111111111110111111001111111111
0110111111111111110111011010110110111111011101110111101111111110110111
1110101111111111101001111111111110010111111111100011111111111111111111
1111111101111011111101011111011111111111100111111111111110011111111000
1111111111111111011111101111111111111111111101111111110110011111110111
0111101011011111111110111111111101101110101111101111111101111001111111
1111111111101111111011111101101101111110111111011101101111011111111111
1111111101111101011111110101110101111110110111101110111111111111111111
1111111111111111111111111100111111111110111001111111110101111111111101
0111111011111111111110111111111011110111111101110110111001111111111010
1111111110111111011111111111011111111111110011111111011110111111011111
1011111011110011111101111111110111110010111111111111110011110110110111
1111111111111110110111111110111111110001111111111111101111111111111101
1111111111011101111111011111111101011010011111011011111111111011111101
1101110010111011111101111111110111110101111110111111111111101111111110
1111111111111110111111111111111111111111001110011111011111111111110111
1111100111111111111111111111011011101111010010111110111111111011011110
1100111111101011111101111110111111101111101111111111011011110011111111
1111011011011111111111111110111011101111111111111111101111011111011111
1111111011101111111111110001111111111111111111010111111011001111111111
1101111011110001111111101100111111111111101111111111101101111111111110
1110111011111111110011111111111111111111111011111011011111011111011011
1110111111011111111101011110101110101101111111011111110100111111110111
1111100111110111011111101111111111110111111111000111111111111110111011
1111011101111111101011111111111101111111111111110110111110111111111111
1111110111111111111111111111111111111101010011110111110110011111100110
1111101111111111111111111111111111011111110111111110011011111111101111
1111111001101111010101111111011111111111110111110011101111111111010111
1111111111111111000111011111111011111111111101111111111111110100111111
1111101111110101111011111101111011110100111011111111111101111110111111
1111101101101111111111011111111110111111111111111111011110011101111011
1100011011011111111111111101111111111111111010110111101111011110111101
1110111111110101111110111011111001111111111111110111101111011111111111
1011111111010011011110111011111111111111111111110111101111011111111111
1110111011011111111111111011001101111111111101011111111111111111111001
1111111010111111110111111111111111111011111111111000101111101111111000
1111111111111111111101111111111101111100111111101111111111111101110100
1101110100111111111111111111110011111110100111111011111111111111111111
1111101101011001011011111111111111111111111011111101111111111111111111
1111111111111110110101111011111011101011010111111111111111111010111111
1001111111111011111101110110111111111111111111010111010011111111011111
0111111111011110111111111111011111101111111111111010111111101100111111
1111111110111101111111111111101111111110101111111111111111101111110111
1111011110110001011100111110101111110111111110111111111111111111111111
1001111111111011111111010110111111111101100001111111111111111011111111
1011011101111011101110111111111111111101111111111111100001101111111111
1101111001110110011110111011010111111011111111011111111011111111111101
1111111101110111111101111011001110111111111111111011111011110111111101
1111111101110111111011110101111111111111110111111111111111001111111111
1111111111111001011111101010111100111111111011011011111111111111111111
1011011101111111101011101101111101111111011011111110111111011101111111
1101111111011111111101011111111111111111101101111111111111010001011110
1011111101111111111110111110111100111011111111100110111111111110110111
0011011101111111111111111111111100110111111111111110111110101111111111
1111111111110111110111101111111010111111111111100111111111110111111101
1111111111111111101011111111101111101011110011111111111111111101110111
1011111111110111111111011110111110111011111111001111110111011111110111
1011110111011111111111011011111111011110101010010111111111111111111011
1101111111111111100111111111111111011111111111111111101111111101111001
1111011101110111111111111111111101110011111011111110110111101101011101
1110110111111011111001111101111111111110111101111111111111101110001101
0111111010110111011111111011111011011011111111111111111111111111111111
1111111111011110011100101111101111111011001111101101111111101111111111
1111111101110010111111110111110110111111111101111111101111111111101111
1101111111110111111111011111111010011111111111111101111111111011111111
1111111101011100111111101110101111111111101100111110101111111101111101
1111111011111111111001111111011011110110011110111101111111111101101111
0111111111111111111111011111101011010101111111111111101111111111101111
