110111011101111110110011110111111011111111111111111011111011110001110111110110111111110111111111011111011011111111101001110111101011110110011111111110
011101111011111111111011111101111111111011101101111111111111011111111111111011111111101111111111011111111111111111111010011111111111111111111111111111
101111010111101101010111111011111101100111011111111111111111101111101110111111111001111111111111000111111111111111111111111111110011111111101111111100
111111111111111111101011011101111010110111111111111110011110111111111101111111011111111111111111101111111111011111111111111011111111111111111011111111
111101011111111011101111111111111111111110001110111111110101111111111011110111111110011111111110111111111111111111111111111111110111111111111111111111
111111111111011111111100101111111101101111111110110111111111111001111111111111111111011111111111010010110111111111111111111111101111111101111101111111
011101111110111101111111111111101111110111111111111111101111011111110111111111101111111110111111111111111111111111111010111110111110111111110111010011
101101111110111111011100111111111100001111110111111010111110111110110101111111111111111111011101011111111111111011111111111011111011111011101111100111
111111110111011011101111111111100111101011101111110111111111111111110101111011111110111111111111111111111011101110101111111111011111010111111111100111
110110111111111111011111111011111100111111100111111101101101100011111101001110111111111111101111111111111011110111111111110111111011111111111110111111
110111011111111101111111001011111111111111111111010101101111111111011101111110110111001111101110011110011111101111111111111001111011111101110001111111
011110111011101111111111111111110111101111001101011011111111010111111111111011111111111111111111110011110101110111111111101110011111111111111110111111
111111111101101111111111101011111000111111111111101111101110110111111111111111011111111111011101111101111111111111111111111101010111011011001111111111
111111001110111111011111111111011101111110101011111111111111111101011010111110101110111111111111111111011010111110101111110111011111101111111111111111
110111111111110111111111010001111111111111101111111111110111111111111111111100111111111101111111101111111110110101111111111111111011011110011011001111
111101011101111100111111111111011111101100101111101111111111111001110111111111111111110011101111011111011011100111111011111011111110111101111111111111
111111101111111110110111101100111101111111110101111111111111011111001101110011111111101111111111111111101111111111110110111101111100001010011111111111
111110111111111111110111011111111111111111101111110110111101111111111111110111111101111111111011111111011111111010111111011011110111111111111011111111
110111111111101111100010111111011111111111011111110111111101111111111111111111111111111111111111111111111111011111101110111111111011111101111111101111
111111111110011111111101111111111111111101111111111111101111111111001111111101110111011111111111111011111111111111111111110111110011111111100111111111
111111111111111111111111111111110111101111111111011110111111111111101111111111110111111111111111111111101111101011111111011111101111111111110110110110
111111101111111111111101101101111111011111011111110111111101111111111111111101001111111110111111011111110111111100101110111011111111111111111111110111
011110111111110101110111111111111111111111111111111101111111111011111111111111111101111011101111011111111111010011111111111110111010111111101111111111
011101111111010101011101111111111111111100111110111111101111111110111111011111110011111100111111111111111001111111111111011100111110111011111111111111
111111111110111110111101111101111111111101101111111111101111111011111010110111100101110111111111111111101000100111111110111101011011111101110011111010
101100111101111101111011111001111101111111011111111111101110111111111111111011111111111100111111010101110111111110110111111101111111100110110110110101
111011011101111111101111101110011001111111111111110111101111010111110111111011111111110011111111111111111111110110110111111111111110111111011110101111
111111111111111110011111111101101111111111111111101110111011110111111101011011111111101010100101111110111110111111011111011011110111111111111111111111
111011111111111111111101111111111101011111111110111111010111111111111111110111111111001111111111111111100101111111111110111111111111111111111111111110
101111011011111101011011110111111011111111011111111111111111101111111111111111111111110011101110111111111111111101111111111001101111111110110111111111
111011111011111101111111111111111010111110111101011111101101110111111111111111111101111111111111111001111111101111011111011111111111110111111101110111
111111111111111101111110111111011111101111111110101100110111111011111111111111111111111111111111111111111111011111111111111110111111111111111011110101
111011101011111111011111111111111101111010010111111111111111011111111111111111111111111111111101111110011111111101111111111111101111111111111111110111
111111011110001111111111111110111111111111101111111010111111111011110111111111111111110111110001110111111111111101111111111011110111111110110111111111
111111111111011100111110111111111111111111111011111111110111111110111010111111101111111111111011111110100101111111111011011101011111010011011011111010
110111111101010111110111111010111011101100011101101110110111101110111101111111011100011111011111110111111111111111111110111111111111111110111111110101
001111111100111101110111011111111111111111011111011001011110101111110111111110111111111001011111011111110111111011111111111111110100111111111111111111
101110110111111101111111111011111111111111111101111111111101111011111101111111111111101100111111110111111111110111101011111011111111111111110111111111
111111111111001111111111111111101111110110111111111111101110111111111101111111011111111101111111111111111111111111111110111110111111110110011111111111
110101111111111010110111001101111101111011111110110011101111111011111111101011111111111111110110101111111110111111101111111111101110011111111111111011
111111111111101110111111111111111111111111111111111101111010101111111011111011111110111111000111110111110101111111101111111111011111111111111010111111
101101011110111111111101111011011011111111001111111111111111111111111111111101110111011111101111110111110111111110111011111111111101101111111011101101
111101011111011111110111111001101111010111011011001101111101111111111111111111110101111111110101111001111111111110111010111111111110111111111111111011
111110111111111110111101111001110111111111101110111111101111111111111111101110111011011101110111111110111110111111100011111111110111110101111111111111
110101111001111111111110111111111111011110011111111111111111011111101111111011111111111111111111110111011111011110111111111111111111011101111111111111
111111111101111111111011111111011100001111111111111111100111101111110011111001111111101110011110111101011001101110111111111101111111010111011111111111
111111111011111101110010111101101101101111010110111111111011111111111111111101001111111110011111111011111011111111110110111111111111111011111111111111
111111101001111111111111010111111111111001111101111111011111111110111110110111111111011111101100111110110111011111111110111111111011111110101111111111
111010111111111101111101111111110111111110100011101101111110011101111111111111111101111111111110111101101111101101011111101101111111011110101110111110
111101111111111111101111111001111111011001111111111111111101111111111111111101110111110111101111111111111111111111111111101110111111101111110010111111
111101111110110111011111111111101111110101111111111111011111111110111111111111110111111010111111111110101111111111101111111001111111111110111110111011
111111111111111111111111111011110111111111010111111110111101111111111110111111110111011011011110011010011110111111111110111011110111111111111111111010
110111111111111011111011100111011101111100111111001010110110111011111111101111111110110111101111110111101111110101110111111011110111011111111111110101
100111111111111111111101110110000111111111010110101101110111101101111111001111111111111111011010110110111111101011111111111111111001111111111110011111
111111111110011111111110111111111101101101111111100111111111110011111111110111110111111111111110111111111111111101110111111111001010101111011111111111
110111111011110111101111101111110110011111101111110101110111111111111111111111111111111110111111101111111011111111111111101111111111111111111111111111
110011111011111111101110111111111101111011111010101111111101111111111101111111111111110110111111111110111111010111111111011111111111111010011111111111
110101110101111111101110110111111101001111110111111100111111010111101111111110110111111111111111111011111111111111111101111111001111101011111110101110
111111111111111111111111011111111101111011111011111111110110101111111111111111111111111111111111001111111111111111101111111001111110110111111111011111
101011111111111111111111111111101110111111101101111011101111011111011111110001111100111011011110111011100111111111101000110100111101111111111111111110
011011111111111101110111111101111011111101111111111111111011111101111110101111111111111111110101111111111111110111111111101111011111111100011101011101
111011111111011111111011111111111111111111010110110111111011101011111101111111111111110111111111111011111111111111111011101011101111111101111011111111
111111111110100111111110011111111111111110011111101111111111111111111111011111110111111110111101110111110110011110011111111111101111110111111010100111
111111111111101111111010111001111001101111111111111111111111111111110110111111111101111111110111111110111111111011001110111110111111111101100111111111
101101101111110110101010111111111111111001111111111111101101101101111101111110111111111011111111011111101110111100011111111111111110110111111100001101
111111111110111111011001111001111111111101111100101011111111111111011111111111111101111110110101111110011011011111101111011110110111111111011111111110
111101101101111111111111111011111110111110111101110101011011111111111111101110001111011110110110111101111111111111111111011111110100111111011111111111
111111111111101110111011111111111111111101111111111111111111111110101111111111100111101111110111101111101111111111101111010011111111111110111111111101
011101100111111111111000111111111101110111111011111111111011111101111110111111111111111111111111111111101111111111111111101111111111111111011111111111
101101111111011111101111101101111001110110110111111111111011101101101111111111111111110011111111111011111111011110111111011111011111111101011110111111
101111111111101111111111111101111111111101111110111111111111111111011111111110101111111111111011111111111110011011100111111111111101110111111111111111
111011111101110110011111111111110111111111111110100101011011111111111110000101111010111111001111111011111011111110101111011110111101111111111111111110
111111110111011111111111111111111111111100111111111101101111111111111110111111111111101111101110111111111111101110111111111111010111111001111111111111
111111111111111101110100111111111111100111111111110110111101111110111111111111101111111101111111110011101111110101101111011111011111110111101111111111
111111110010111011111111110111111010111011111111011111101111111011111111111111111111111001111010111100111111111110111001111111110111100111111111111111
111111011100111101100111101011111111101111111111111101111101101110011111111101111110111111111011111101111011110111111011111111011111111111101111011111
101111111111111111100111111111111111110111111001111111101111111111010011111111101111111111111111101111111111111110111101010011111111111111111111111101
111111101100110111101111111111111011111011111111111111011111111111111101111111100111111010110111111111111111111111111111111111111111111111101111101111
111111111110111111111111101100111011101100111110101111111011111110001111111110110111111101011101101101111111111111101111101111011111110101010101111110
111011110111110011111101011111111101111111111001111111111111111111111100101111111111111111111111111111111101111111111111111111111101101101110111111111
111110111110110111110101111111101111111110111100111110110011111101101111111110001111001101111111111111111111111111111111101111111111111111111011111111
011100110111011010010111111110101111101101111111111111011011111111010111101011111111111110111111011011111111100111110110111101110011111111111111111111
111101011111101111111111110110111111011111111111111101111111111111111111101111110111011110111111111111101101111101110111111110111111111111111111111111
111111111111111111110111101111111111101011111111111111111111011111110111111111110111110110111111111111111110111110111011111111111111111111111001111101
101111111001101100111111111110111111111110111111111111011111101111011101111111011111111110111101111111111110111111100111101111111100011110101010111110
111110111111111101101111111111011111011111010111011111110100101111111111111111111111110101111110110111010010111011111101110111011010110111111011111111
111101111111011101111111101111111101111111111111111111110111111111111111111011011111011101110111111111110001111111111111010111111111011110110111111111
101111101110111110111011111111111011111100111110101110011011100110111101101110101111111011111101111111110111110110111111110111111111110111110111111111
001101111101011111111001111101110111111101111101111111101111110111111111111011111100111101111111111111001110111111111100111111111111101111111111111100
011111101111110111111111111011111100111111011111110111111101101110111110111111111010111110111111011110111111111111101100101110111111111111111111011001
110111111111111011111111111011110110111011111111111111110111101111111110111111111111001111111111111111111101110111111111111111111011111011111111111101
111110111110111111111101111111111111111111111111010111111110110101111110111011111011111111110111110111111111111111111111111111111011101101101110111111
111110111111111111111111110111011110111010010111011101011011110101111111111011110111111111110111111100111010111111111111011111111101001110011101111011
111111111111011111111111110111101111111111001011111111111110001111011111110111001101111111111100110111111010111101011111111110111111101001101101111111
111111111111101110011101111111011111101111111111111101011110011111011011111111111011110111111111111111101101101111111111100010111111111111111101111111
111101110011110111001101111111111110111111111110111111111111111110111101111111101111111101011111101101111111111111111101111110111111101111111111011011
111111111011101111111111101101011101101111111111111101110111111110111111111111111111111111111111111101111111101111111111110111010111111011111111111011
011110111010111101011111011111111111111111111111011011011111111111111111111111111111111111111111111101011111110111110110111111111111111100111010111111
111110111111111111011111111111111011111111111111111110111111100111111111111011111111100101111101111111011111111111111111110111111101111111011111001001
101110111111111110111101111101101110110110111110011110111111111111111111111100111101111100011100110111101111011111011110111111101111011111101111110111
