1111101111111110111111111101110111101111111000111011101101111110111111011010011111111111111101011101110111111111111111111111110111
1011011101111111111111100111111101101111111111110111111111101111011111111111101011010101101110011111101011010111111111000111111111
0111111111111111110011111111111111111111111111111111110101111110111100111101011110111111111111111111011110110111101111111111111111
1111100110111011111111001101011101111110101110110111111111111111111110111111111100111111110111101111110111111111110101111110110111
1111111111111101111111110111111111110111101110111111111011111110111111111111111110111111111111001111111111111111111111011101011111
0111011011011110111110111110111111111111011111111111101111011101111111111111001101111111001110111101111011111111111101011111010101
1011111010101011111111111111111011111111110101111111111111111110111110111011110111111111111111111111111111010011111010111111111110
1111010111111111111111101010111011111010111111101111111111111110111111111111111110111111110111111111111011001111111111110111011111
1111110111111011111111111111111011111011111111011011111110011111110011011111111111111011101111111111111101010111110101111111101111
1111111110111101111111111111111111111101111111111110111101111111011011011110111111101111111011101111111101111111111111111110111011
1001111111101111011111111111110101111011111111011001111011101111111111111100111111111011110011111111111101111100111101111011111111
1111011101110111111011111011011110101101111111111011111111101111111111110111101111111001101101101000111111111110111111101111111011
1101111111010111111101111101111111111110111011100111111111001111111001111111111111111111011111111111101111001011111111110110111111
1111111110101111111111111010011101111111001011101111111011111111111111111101111111011111111111111101011110101111111111111111111111
1101111101111111110111101110111111011111111111110111011111111011011111111111101011111011101111111110111100111111111111110111111101
1111001101101110111011111101111111011111111111111011101111111011111111111111011110111111110111101111011110111111111001011011101111
1011111011111111111111111101110111111110101011111111111111111111110111111111111111111011111111111111101111111110111111110110111111
1111001111110111111110110111011111111011011111111111110111111110111111111111011111111111111111111111110111110101111010111100111110
1111101110101111110001111111111110111111111011101110111110110110011111111111111011101101111110011011100111111111111111111011111111
1001111111111011101111111101111111011101111111101111011010100111111110110111111111111111111110011110111111111011111111111010111101
0111111111111101101101100111111010111111111011111111111111111110111101111111111010111111111111111111111111111111111011110111110111
1111111111111101111111111011111111111111011101111111111111111011111101111111111111011111101111111110111111111111101111111110111010
1111111011111111111111111110010110111101111110111111111111101111111101011101111111111110111111110111110110111111101101110111111100
0111110111110111111111111111111111011111111110111101101110101110111011101111111111110111011111111111111111101101111011011110011111
1111111111111111010101111111110110111101111111111111111110011111011111111111010111111111111111010111111111111110111011111100111110
1111111111100011110111111111111111101111101111011011101111011111111111011111101101111111110011100111111111110111111110111111100011
1111111011011111111111111101111101011101110111111111011011111010111111101110111111110111111010111100111111111111111111111111111111
1111111111110111111011101110111101111011101011111111101001111111100111111111100111111110101111011111101111111111111111111111111111
1101111111101111111111101011111111111111111110111011111011110111111111111011111111110111111101111111111111111111111110110111111111
1110101111111110111111101011111111101011001111101110111111111111111111111111111000111110111011110110111111111010111011011111111111
1111111111111111111111110111111111111111011111111111001111111111011111110010111111111110111101111011101101111011001101110111101111
0111111101101111110111111010111111101111111111111110111101111111111001111111110101101111111011111111111111011101101111111101101111
1111100111111111110111101111111111001111111100110111111101111111111111111110010111111011011011101111110111010011111100111110111010
1101110111111111111111110011110101111001111101101100111101111111011111111011111111111111110111011101101111011100111111111111111011
1011111111101111111101111111111101111111110101111111101111101111111111111111111111111111111000101111111110111111111111111111111111
1101110111101011111111110111111111011111111111001111111110111111111011111101111101111111111101111101111110011111111111111111110111
1111111111111101001111111111111111111010111111111111111111111110111111111101111111111111110111111110111111100101111111111111110111
1101111111101110011111111110111111101110111111111111111111111111111101011111111111011111111010101110111101010111110101111011111111
1111111110110111111111111111101001111111111011111111110111111101011101111010011111111111110010111111111111110010111111111101111011
1111111111011111111111111001111100111111011011111101111111111111110111111111111111111101110101111011111111111110111110111111101101
1111111111111110111111111111110111110011111111111111111111101110110111111111110111110110111111101011011111111110111110111011111110
1011111011111111110011111110111111111111011100111111101111111111111111111111111111111111110101111110101110111011011111111111111010
0101111111111111111111111101111111111101110111001111111111111011011010100001111011011111111101011111111101111101111101111111111111
1111010110111111111111111110110111111101111111110110111111110111111111000111111111010111110111110011011010011011100101101111111111
1111111110111100111111101111111111111111111111111111011111111111111011111101111111011011111111110111101111101111111111111111111101
1111111111100101111101111110111111111111011111111111111111111011011111111111111111011111111111111111111111111101111111011110011110
1111101111111110111011111111111110111111111111101111110111110011111101111111111101111111110111111111001111111101111111111101111111
1111011110111111111111111001111111111111111101101111110111011111111111111111101111010011111111111011111111100111100111111101110111
1111111111111100111110101111111111111101111001111110111111111111111011111011011111011111111111110111111111111111110111111111111111
1111111111101111101110111111111111110111011110101111101010011111111111111011001111110111101111111111111111101000101110111110011111
1111111111111111101111111111111111101011010111111111111101111001111101111111111111111011111111111111101111111011111010111111101111
0111111111111111110111111011011011101111111101001111111111111111111111111111111101111111111111101111111111111111111110111101111011
1011111111111011111111101111111111011101111111111111011111111111111111101100111011101111110111001111101110111111011111111111110111
1111110110101111111111110110111111110111101101111101111111111110111011111111111111111111111110111110111111010111111101111111111111
1111111111111101011111111111011110111110111111010111011111111111111111111111110100111110111111111111111111011011111111111111111111
1110111111111111110111110011011011111111111111011111111111111110111001111111001010011111101010011111111011110111111111110110111111
1111010011111111011111111111100110111111111111111111110101111101101111101101111111111110101111101011111101110111011111111011110110
0101111111111111111111101111111011010111111110101110111111001011111001111111111111111111111111101110111111110101101111101110111111
1111111010111111111111111011111110111111110011101111101010111011111111011110111111111111011001111111110110111100010010110111111111
1111110111111111111111111111110111111111110111110111110111110111111101111111101111110011111111111111111110111110111100111111111111
1111110011111011111110101111111101010110110110110111110111110111111111110111111111100111111011011110111111101110111111111111101011
1111011111100111111111011011011101110111110101110111110111100111011111000111110110111011111110011110111111110111111110111111111111
0111111111111010111110111111111011111111101111100101111111111111111111111111111011111111111111111111111110111110110111111101111111
1111111111011011111111111111111011111111111111111010101111111011111011111100011111111111111111111101111111111111111110001111111111
1111111110111111011111001111101110011111111110111101110101111111111110011011111111101110111111110101111111101110111101111111010110
1111111111011111111111111010111111110111110111011101011011111110101101111011101111011111111111011110001101111111100111111101101101
1101111111011111111111111111011111011011111111111101011111010011111111111111111011001110111111111010111111011111111111100110111111
1110111111101110101110110110111111101001111111100101110101111101100110111111011111111111111111101111111111111111111011101100111110
1111101111111101111110111111111111101101111111101111111010111111111111111111111111111111111111111111111111111101111111111010100101
1111111111111111001111111110111011011111110111001110101111111100111111111011101111111111111101111111110111111111111111011111111101
1111101111111011110101111111101100111111111101111111111011011111110111011111111111011111111101111011011111010111111111110111110111
1101010011011111111110111101111110111111111111111011011111011011101111011111111101111111001111111011111111111111011011110111111111
1111011111011111111111111101101111111111111111111111100110110111111111110101011110111101011111111111111011110101111111111111101111
0111111111111111111110011101011101111101111111101111111111111101111111010111111111110111111111011011101101111111101110110111011110
1111111111110111111111110111111110110111111111101111111011011111110101011111111011110111111111111110011010110110011011111101111111
1111111010101111110111111101011111111011111011111101101111111111110111001111111111111101110011110111111111101111011100111111111110
0101111101111001111011111111111011110111101111111111111111110011111111101011111111111011111111111110111001111111111110011101111111
1111111111011101011101011111111111110110111111111111111011001011100111111101111111111111111111011101111110110111111011111011111111
1111111111111101101110110111110010111101111111111111111111111111111111111111100111111111111011000111110111111010111100111111111111
1111101111110101111111111100101111101111110110011111111111111111111111101010110111101111111110110111111111111111011111111111110111
1111111111011111111111110011010111111111011111111011111111011111110101111110111111111111111010110110111110111111111111111111111011
1101101001110111111111001110011111111111001011111011111111011111001111100111111111111111111011111100111011110111111101111101110111
1101111111111111111101101111111111111101110110111111111011111111101111111111111111101101001111111111111111111111111101111111011011
0110111111011111110101111111111101111011111111111111111111111111101111111111101111101111111111101111110110111111111001111111010111
1111111111111101111111101111111011111111110110111111101111111111101111111111101111111111011100011111111011111111101110111111111111
1111111111111011111111111001111001110011111111011111111101111111101111111111111101111011001110111111101111111110011111101111111011
1111001111111111011111111110001110110111111111111111111000111111111111101110101110110111111111111111111111110011111111111111111011
1101111111111111111111111111111110110111111001111111111111011010011111111100111111111011110100111001011011111111110111001101011111
1110111111011111111101110111101010011111101111101011110001111111111111111111011111111001110111011111011111111111111111111100101111
1111111011111011111100111111111110101111111111111111111111111011111111111101111011001111111111111011101101110111101010111111111111
1011101111111110110110110111110110111111111101111111111111111111111111111011111110111110111111111101011111111011111001111101111111
1010111111101111111011111111111111111110111110111111111110111111111111111111101011111111111111111111101011111101111011111111111111
1111111111111110111111111100101111110011111111011111111110111111111111111011011111111010111101110011111101111111110111101011101011
1101111111110011101111111111110111111101101110101111111111111001110111111111111111111111011111110111111110011110111111111011111010
1110111111111111011011111111111111111111010111001100111010111111111111111111111111111111011101111011111111111111101101111111111011
1100111101111111111111111111001111011111111111111111111111101111111111110111111010111111111011111101110110111011110111111111111111
1110011111111111110010110111111111111110110111111101110110110110110101111110111111110111100110111111111001111111011111011111101111
1111011110011111111111110111111011111011111011111110110111101010111011111110111011111110111101011111111111011111111111010111001111
1111111111110101111111011111110110111111111111110100110110011011111111111111101111111111101101111111111111101111111111111111011111
1110110111110111111111010111111111111101111111111111110111111110111111111111110111111111111111100111100111111110111111110110011111
