0111111111101111111101111110111111111111111111011111101111111111001111111111111111011111011101111111111111111011111110111111111100111101111111111001111111111111001111111111111101111111111111110011111111111111111111111111111111111010111101111011111011111111111111111111101110111111111111111111111111111111111011111111111111011111111111110110
1111111111111111110111111111011000111111111111101101110111111001011110111111011011001111111111101001101111111011111111011111110111111111111110111111111111111111111111011001101111101111111111101110111111111111111111111111111111111111101111111111111111111111111011111111111111111111111101111111111110111111010111101111100111111111111111111111
1110111111111101011011110101111111111111111111001111110011111111101111101110111111110111111111111111101101111101110111011111111111111111111111111111010101111111111011101111111111111111111111111111111111111111111111111111111111011111100111111111111111011110111111111110111111111110111111111111111011111111111010111111111011011111110111111111
0111111111111101111111111111101011011011011111011011111001111111111101111011111111100111101110101111111101101111111010111110011111011110111011101101111111111111011111111111111111111111110111100111001111111011111101111111101001101001101101111111111111111111111101111111101101100111111101111110111111111110101010100111110111101110111101110010
1111111111111011010001111110111111111111111111011111111100110111110111111111111111011100110111110111111110101111111101111011111111011111010011111101111101111101111101111111110111111011111111001101111111111110111111111111111101111111100111001111111111111010111111111111111101110101011101101111111111110111111111101101111111011010111111111101
1111111011111111111111111111101011111111111111111111111011111111101111111001011110111111111111111100111111111111111111111111111111111111111111101110111111111111011111101011111111111111111110101011011111111110111111101111111111111111001011111101101111111111111111111111111100111110111111111111011101111100111111111101111111111011111111101101
1010111110111110111111111111011110111111111111101111111111011111101101111111111011111101111111111111110111110111111111111101011111110001111111111111011110111101100110110111111011101110111111011011111110111111111111101111111111111111111011011110111110101111111100010111111010101111111010111111111110111101011011101111111111111111111111111111
1110011011111111101111011011111111111101101011111111110110111110110101101111101100111111111011110011110101110010011101111110011111101011111110011111110111011111001111111111111011111111111111100111100111011111101101111110111101111111011011100111011110011001111111111100011111111111111101100111111111111111111110110111111111111111111111111110
1111111110111111101111111101011111110111111111001011011101011110110111111111110101111111011111011010111111110111111111111011010111111111111111011111111111001111111111011111111111111101111110111111111110000111111111001110010101111110111111111011111110111111111011111011011111111110010111011101111110011101111111101011101111111111001111101111
1110101111111111111110010111111101111111111101111011111111111111011111011011111110111111110111111011110110101111111011011011011111111111111101111110111101111111111111110110110101111011111111101110011111101111111111011111111111110001000101111111000010111111111111111110101110111101101000010111101111111111110111011010110111011111111111110111
1110110111111111111111111110111110111111111011111111111111111111111111111101110111111110101011110111011111111111111111111011111111101111111111111111111111011111111111111111011111011111011111111111111101111110110110011110111111101111111111110111111111111111111011110111110111110111001101111010111111111111111111101111111111111110011111111100
1111111111111111101111111111011101111111111111101111111011111111110111111111110111111111111111111111111110111011111101111111111101001111101111110111111111110111101111111111101110110111111101111111111111011111101111111111011111110111110111111111111111111101111111011101111110110111110111111111111111111101111111111111111011111101111111111111
1111001111101111001111111111011111111101111111101111110111011111011111101111111111111110111111111111111011110110111110101111111111111011111111111110011011111111111111111111111111001111111111111111110111011111111111011111111111011111111111111111111111111111110111111100111111110111111111111111010111111111011111111010110110111101111111011111
1110111111011111111111111011111111101100111110111111111101111111011111111110111111111111001111111111011101011010100110111110011111111111111111111111111110111101111110101011111111111101101111111111110101111101111011010111111111011111111110001111111111110111011111111111110111111011111111011111111101111101110011010111111111101110111111110111
1101011111111011111110110101111111111111111111111111101011111111111110111101111101110111111111111101110111011111011110111111011111111110111101101111101011111010111111011101111110111111110111111111111011111111111111111111110111011111111110111111111011111111111111111111110101111001111011111111111101101111111011111111110111111111111111111101
1111111100111000110110110101110111101111110111110111101011111111011111111111110111111110001111111110011010111111101111011111111111011001101111111110111011110110111111111111111111111111011011111101111111111011101111111111100101010111110011101101111111100111111101111011011010101110110110111011111111110110111111111100110111111111111111110111
0111111011011100111110111110110011011111111101111111011101111111101111011111111011111111101101101111111111111111011110111111111111011001110111111011010111100110111111011111101101111110111101111100111110100111111111111111111110101011101101101111111111111111111011101111111011010111101110101111011110111110001111111111011111111110101011101011
1111110111111011111111111101111111111101111111111111111101111110111111111111111101111111101111001111011111101111110111110111111110110111111011111011111010101111111110111111111111110111111011101111101111011011110101111101101111111111110101101111100111111111111011111111111111111111111111011110111111011111101111101111111001111110111111111111
1011111111111001111101111111011011111011101011111111111111110010101111111110110110111111101111111111111111111111011110111101100111111111101111101111111110101111111111111111111111011110111111011010111111111111111001101110111111011011111111111111011111111111111111111111111001111111111111011011101111101111111111111011001111101111101111111011
1111111011111111111111111111111100111101110011111100111111110101111100011111101111111111111010111011111011101101011111111011111100101100111111111101110111111110110110111111110111111111110011111111111111111111111111111111011111101011011111011110111101111110110111110110001110111111111110101111110111110111110011111111111011111111101011111111
1111100111111111111111111111111111101101001111111111111111111011111001111111110101111111110111011111101110111111111101011111111111111111111111101011110110111010011111011111111111110101111111111111111111111111111111111111111111111111111001111111111111101111011111111111111111011111011111111111111111101111111111101111101111111011111111111111
1111101111111111101111111011111010111110111110111100110110111011111111011100111111100011011111111110111111111111100111101111101111111111111101111101111110111111111111111111111111111111111111111110111000110111111010111011111111110111111111111111111111110101110101110110111110101111011111101111101100111111110111111110101110111111111111101111
1101111111111111111111011111111100101111110111100111111111111111110010101011111111111101011110110111111011011111001001111110111111111011111111111111111110111111111101110111110111111111111110101110111111100111101111111011111111011111111100111100011011111110011111111100001011111111111111110111111110111111111111111110110101111101010111110110
1001101011011111111111011111101101111111000101101110111111111110111111111111101111100111101101111111111111111111110111110111111111111111101011111111101111111101111110111111111111111011101110111001111111111111111001111110000111110110111111111101111111011111111011111111110101111111011110111101100111111101110110111100110110100100111110111011
1111101001110111110011111011111011101111110011111101111110111110011111110111111111000111101111100100010111111111111111110111011111011111011011111101111111001100111110011011111110111101011111011101100111111111111110111111110111111111101011111001111111111100111111110111111111111111111011111111111111111111111111111111111011100010011111111011
1101111101111111101111111111110101111111111111111101110011111010111111111111111011101111111111111111011111101010011111111110111111111111111101111111111111010110111011111101110100111010111011111101101111111011111111111001111010111101111101111110111011111111110111111111111111011111110111111111101111111111110111111111101011011111110110111111
1110110111111000100111101010111101111111111101111011011111001111111110111111011111111111101111111011111101111011110111100111111111110111111111111111111111111110000111111111110111111111011011111111001111111111111111111110101110101111101110111101101011111100111111111111111001111111111111111111110111111111110011111111011111111111111110110101
1111101011011111010111111111111101111111101110111111111110111001110111111011111111111011111111111111011111011111111111111100111111101111111111111111111110111111110111111101111011111111101101111110101011111110111111011111110111111111111111010011111101111101111111101111111111111111011111111011000111111111111111111101011111111111111111111111
1111110111101111111111111111011011110111111101111011111010101111011011111011110111111111110111010111101011011111101100010100001110111101111111101110111111111101011110101111100111111011110110111010010111111111111101111111111111111111111111101111101111111111111011111111111111111111111101111011111111111111101111111011111111011101001111110110
1011111101001110111111111111111111101111111111111111101111111111111011111110111111111100111111111110111111101001111110110111011011110010111001011111111111111011111010011011101110111011111111111111111011111111111101111111011101111111111011111111111001111111111111111111111101111101111111111111101101111001111110100111101011111111110111011011
1111011110111111111101101101101111111111111111110111111111111111111111111111011111111111111110111111011111111111101010101110111001111111011111101101111110111011011111111011110111111111111111111111111111011111011111111110111101101111111111111111111001111111101111111101111001111111011111111111111111101111011111110011110110111111111111111111
1110110011111110110001111111111110101111111111111111111111101011101011111111111010101111111111111110111111011111111001111111101111111111100111111111011111001111111101101110111111111111101111111101110110110101101011111011111101011011101111100111111101101111111110111101111110100111111101101111101110111111111010111111110111110111101111101011
1111111111110111111111101111111111111011111011110111110100110011101111111111011111101111111111101111011110111110111111111011111111011101111111111111101111111111110111111111111111111111110111111111111111111101011111111101111111011111110111101011011111111111111011111111111110111111111111111111100111101111110110111111111111111111111101011111
1101110111110111011110111011111011101111011110111101110000111111011111111111111011011111111111111111111101111111111011111011111101101110111111111111111111110111010111111111111110111111111111111111111011111111111111111111111111111111111110010111111111011111111111111101111100011110101101110111101111101011111111111111111111010111111110111111
0111011001101111111101111111111111111111111111111111111111110111111111111111111110111111111101111111010011111111111111111111111111111111111111111111111011001111011111111111111101111111110111111011011111111101111111111111110111110101011111111011111111111101111111111111101111111111111111111111111011101011111111111101111110111011111101111110
1111010110111001101111101111111111110111110101111111111111111001101111111111011101011011111111111001111111111110111111011101110111111011111111111110111111111101110011111011001110100111111111111111111111111100110111110111111111111111100111110111101101111111101101111011111111111111111001111111010111111111111111111111011111100110111110011111
1111111110011111111011101111111111111111111110111111110111110111111111100011101011111111111111111111111111111001101111111111111110100111110110110100101111011011011111111110111110111011111111111111111011111011111111101111011110111111110111110111011111111111111111111001101110111111011011111111101111110110111111111011111100111010110011111011
1111111111111111111110111111111111111111111111001110111111011101111111011111101111111111111101110111111110111101111011111111111111111111011111111111111111110111101111111111111111110111011111111011111101111111001110111011110111111111111111111110111001111111111111110011111111111111111111101111111111011111111111000111101111111111101111111111
1110001111111011111101101101011111111111111110101110111111111111111111011111110110111111111011111111111111111101111101111111111111101101111111101101111111111101011110111111110101110111111011110111111111110101111111111110111011111111111101111100110111111011111011111011111110001111110110111110111111111111111011011011011111111001111111111010
1111111111110111110111111011101110010110011111011111111101111111111111111101111001101111011101011111111111111101110011010111111101101111111101100111111110111111110111001111111111111111111111111110111101111001111111111110111011110111111101111111110101110111011111111011011111110010100111111011011111111110111111111111011110001110101101110101
1111111111111111110111111111011111111011111111010111011111111101110001001111001111111111110101110011111101111111111111111111111111111110111101111011011111111011111111100111011111111111011111111101110110001100111011111111111011111110111111111010111111110111111111111101111111100110110111100010011111111110110111011110110011111011011111101111
1111111111000111111111000111111101111111011101111101101111010111111111111110011111011101110111011011101110011111111111111110110111111110111111111111111111110111111111111111111111111111111011110111101001111111111111011111111101101111111111011111111111111111111111011111111110110111111111111111111111111111110111111111111111110101101111111111
0101111111111111011011111110110111111111111111110011111111111110111110111111110110111111111111111111111101011111111111111110111110111110111111111011111111111111111011111111111101011111111111001111011111111111111101111111011111101100111011111110111111110111111111111111111111111111111111111110111101111011111011111111111111011111111110111110
1111110101110111111010110111111111010111111111111111111110110111111111110101111111111111111111011110111111100111101011111111111111111111111111111011010111111110111101111111111011101011111111111011110101111111111101111101011111110111111101111111101111111101111111111111111111111111111111111111111111111111111011111111011111101111111001111111
1111110111011111111111111111111011111001111110100111111111101111011101111111111111010011110111111011111111111111111111010111111011110111111110111111111011111111111011111011111111001111111111111111010111111111011011110111101111111101111011111111011111110111010111111111110111111111110110111101101111111111010111111011111111011111101101011111
1011110111111111111110001011111101111110111010111111111111111111111111011111010111111101111110101111111101110001101111111111110111011111100110001111111111111111111111111111001011111111011101011111111011111111111111111100111111111111111011111110111111101111111111110111111111011111111111110011111111111111110011011110111001001011111111101111
1111111111111111111111111111110111111011111111111011111011110000011111111011111101111011111000111110111111100101011011111111111110111111110011111111111111111101111111101111110111011110011111111111101101111101111111111111011111100101111101111111111111011111101110111111111111011101110111111111111111111111111110111111111111111001100111110111
0111111111101111111110111011111111111101101111111010111111111110111011110111111110111101101111101111111011111111001111111111110111111111111110101111111111011111111111111111110111111111111111011111111111101111111011101101111111001111111110011100111101101111111111111111111111111101111111111111111011111101111111111111111110111011110111011111
1101011111111111111011011111111110011111101111101011110101111111111110010100111111111111011010110111100110111011011011110011100111111111100011011111101111111101110110110111111101101111011110111111111111100111111111111111111111101111111011110111111001011111011011110101001101111010111111111110111111011111111111111111111101111110111111011011
1111111101101010110101111111101111101110111111110110111111111011000111111111011111111101101101010111101111111111101111110111111111011111110111111111110111111011111011011001111111011101111110011111011111101101111111011110111111011010011111111111110011111010111011111111111011111111111111111111101111101111111110111111111111111010111111111111
1111101111111111111110110000111111111111111111010110111111110111111011111101111111111111111110101111111111111111011111101110111111111111111111111101011111101111111100111111111111111111011111111111111111101011111111111111111110111110111111111111111011111011101101111110111101101111111101011111110111011101011111111111011111111111111110111111
1111111011101101111110111111111111110011010100111111101101110111011111101110111111111011110011111111111101111111111111111011111111111111010110110011111110111111011111110111111000110111110111110111001111111110001111011011111101111101101100011111111110111101111111111111111111101111111111111110111001111111111111111110001110111111011111111111
0111111101111010111111110011111011110011111101111111110011111111111111101011011111111111011111101111111111110111111101111111111110111111111101111111111011111111011111111111111111101101111111101111111111100111111010110101101100101010111011100011011111011111000111110101111111111010111111111111101011111111101101111101111111101101011111111101
1011111011011111111101101111111111111111111111100111111111111111111111110111111111111111111111011011111110111111111011111111111110111111111111111111110100111011111111111111111111111111111111111111111111111101111101111111101111011111011011111110111111111111100110111111101110110110111111011111011111111110111111111111001111111111111111111111
1111111111111111111111111111011111100111111110111111111011110111101011111111101111111010111111111110111111111011110111111111101110111111011011111011110111111110111110111111110111111111111111111111101100110111101111111101111111011110111011110111111011110111111111011011010101111111111110111101111011101111111011110101010111011111110110011100
1111111111111111011010111110111101110111111111101110110111111111011110111111111110111011111110101111111011111110111111111101110001110111111111111101101111111111011111110111111111111011111111011110111001111111111111100011101111011111111110111111011111111111111111000111111110100011111011011110111111011111011110111011111111101110111110101111
1111010111111111111100100111111111111111111110101111100111011111110110001111111101111111111111110111101101111111111111111111111110110011111101111111111101111101101111101101111111110111011111111101001111111110111111110111111111101111010101101111111001110111111110011100011111111101111111011111111011110111111111000011111111010111111011111111
1111100111011101111111111111111111111111111101110101101111111111111111101111111111111011111011111111111101111111111111111001111110111111110011111111111111111111111110111111111011111111011010111111111011011011111101111110111010111111111101010111110111111111111111111011111111111111111111101111111111110110111111111111011011011111011111110111
1110111111101101011111111111101111110101101101011111111111100111111001111011111111111010111110111110111111111011111111111011111111100011111101110111011111111111111111111110111111111110111111111111000111111100011101011111111111111111110101111111011111111111110111111111111111011111111101111111111111111111011101111011110100101011110111111111
1111111011110011111011111111101111110111110111111111111111110110111101111111101111111111111111101111111111111011101111111111010100111111111111111111011110111111111110111101111111111101111111101111111111111111111011111111111111001111110110111111111111010111111110111111111110111110111101111111111010111111111111111110011111110111111101111111
0111111111011110111111111011111011101111011111110110001111110111111111111111111111111111111110111111111101010110111101111111010111111010110111101010111111111111011111111111101111001010110111111011001111011101111111110111111111101111111111100110011110011111111111011011111100011111111001111011111010101111101111101011111000110111111010110110
1111110110111111111111111111111100111101111111111010111111101111111101111111100111011111111111111101101111101111001011111111111111111111101111111111101111011011111111111110010111101011101100100110111111111111111111011101111111111111101111011101111110111111111110111111101110111110111011011101111110101111111101111011111011111111110010111110
1011111111111101111111101111011101111111111011111111111111100101111111111111111111111111111111111111101111111111111111101111001111111111111111111111101111011011101111101011110111101110111111111111111101111111101011111111111101111110111111111111111101111111111110111011111111011111011001111111111111011111000011111110111011111101111111001111
0110111110101111101111011101111111110111111110011111100111111111101111111100111111111111111111011111111110111110111111011110111111011001111111111111011110011111111111010101100100101111111111111111111111101001111111101111111111111111011111111111011110100111101001110111101001111111111110101011110111111111101101111111111001110111111110011101
1101111111111110111011111010111111111111111111111111101101111111011110011101011111111111111111111111111111111011111111111111111111110111111111010111111101111111111111111010110111111111111011111111111111111111011110111100111110111111111110111011111111011101111111011111010111111111111011111111110111111111110010111111001111101111111101011111
1111110111111110111101011111111110110110111111111011010110110111101111111111111111100111111101111111111101111111111110111110111111101101111101111111111111111110111111111111111111111111111101111110110111101111111011111111111111111111101111111111101101011111111011110101110111111101011101111111111111101111011111111110111101101111111111111011
1101111111111111111110101111110111111111111011011101111111011111011111101111101111100101111111111111011111101111000101111111111111101111101111110111111011111111001111111111011011111111111111101111111111011011110111111011111111111111111010100111111111011111111011111111110110111111101111010111001101111110101101101111110111101101101110001111
0110110111011101110011111111111111101101110011011111110111000111010101001111011111111110111011111101111110101001111100111110110111111111011110111111111110111111100111011111011111111111101111111111111110111111111101011101011111111111111111111110111110111011011111111111111111111111111111111111101101111101111101011110111011111101011111111110
1101111111111111111111110101101111111110101111101011111100000011011111111111101100111111111111111011111111111111111011110111111111100111111111111111010111111111111110110111111101011111111111111100011111111111101111111001101111101101001111111010111010111110110110111101111111111111111101100111111011111011010111001111111111111111111111111111
1011101111111111111011110111111101111111111011111111100111111001111011111101111110111001111111010011111111111011111110110111011100111111110110111101101011111111111111111100111111100101111101111111001111111111111011111011111111111111111111011111110111111111110111110111111111111111110010110111111001111111111111011111011111111111111011101110
1101111111100101110111010011111111011111110111101011111111111111111100111111011101001110011111111111111111011111111111011110110111111111111111011111111111111110111111111100110111011111111111111011011111111111110111111111111111111111111111011101100111111111011111111111111110111110101011110111010111011111111111111111110111111100010101101110
0011111111111111111101111111110111111111110110111011101111111111111111111010101101101001101111101111100101111110101111111010111101111101011111111111101001111111111111010111101111111101111111110111111111101011111111111110111111110101111111111111111111101010100100111111101101101111011010101111010111101111111111111111111111001110111111101111
1110101111111111111111011011100111001111110111111111111111001111111111011111111111011111111111101111111111010101011111111111101111110111111111111111101110110011111111111110111111111111110011110111111100011110111110011111011011110111110111111110110111111111111111111111101111111001010011111111110111111111111011111001111101011111111110111111
1011111010111111110111101011010111111110011111111101111111111011111110111101110111011011110111110111111111000111111111011111111111001111101111100111101101111111100111111110111100111111111111111111111111100111010111111111111011111111111111111101111111111101111111110100110111001001111111111011111111011111101110001111111111111110011111010011
1111111011110111101111011111111101111111111111111111101111110011111110111111111111111001101111111111011111111111111111110111111110111111111110111111111110111111011101111111101110011111101111111001111111111111011111110111111101111111111111111001111111111111111111111111111111011111111111111111111111110101110111111111111111110011111010111111
1011111111111011011111001111100011111111111111110011111011111011111111111011111111011011111111111110111111111111101111111111011110011111111111110011111011111111111011111111111111111111011011111101111111111111101101111111110110111111111111111111011110111111111110111111111111111011111111010111110111111111110111111111111011111111111111111101
1011111111111111111000101011001111111110111101111111101111111111111111111111111101111110111101111111011111111111111111111111111111111101111111111111101101111111111111111111110111111111010111111001011111111011111111111111011110011011111110111111111011111111111111111110111111101111101001110111111110101111111111101011111101111111111011111111
1101111111110101011111110111011111111101111111010111111111111111101101111011111111111110101111111111101111111001111111111100011110111111111011111111111111111111111101011111101111111100111111111111111011111101111111011111111110100111111101111111111111101111111111111011101111111111111111111111100011110111111101111111110111100111111111111111
1110011011111111010011011111111111110110111111110111101111001110111111011111111111011101110111011111111111111011111111101110111111111111111101111111111101101111110000101110001111111111101111101011111011111111111111111111011101110111111101111111110111110111111111011111101101101111011111111010110001110111111011101111110100111111101011011111
1111111111101110011110111111101010111111011111111111011111111001101111101101111111011001111111111110111010111111111111111111101111111111101101001010110101101111111111011110110111111010110111111100111111101111110111110111111111111111011111011111111110100111001111011011110110111111111111101111111111100100111111111111111101111111111110111011
0111111111101010111101111111111111111111111111111111111101111110111111010101111110111101111111100011111011111011110001101011011111111111111111111010100101010111011111110101111111111111101101111111111111111111111101011111111111111101111111110111111101111111110101111111111111010111111111011110111110001111111001011111111111111110010111011111
1101111101110110111110111111111111111011111110101111111111111111111111011111111101111011111111101111111101101111011101011111110011001111101111111111111111111111111111111001011111111110111111111110111111111111111011111111111111011111111111111111111101111010110111111011111111111110111111111111011111111011111111111111110111111111011111011110
0111101011110111110111111111111111110111111110011111111101111111111111110111111111111111110101111111111111111111111111111100101111111111111111111111101110011111111011111111111111111111111110111101101111111111111110111111101111111111101111110111101111111111110111010011011111101111010111111111111110011111111111111101111101111110111111111111
1111111011111111111111111111111011111111111011110111110100111111111111111110111111001111111110111101001111110101111111111111111111111101111111111111111001011111110101111111111111101110111111111111111111111111110111111111010111111111111111111110111111111111101111111101011111111111111111111110011111111011111111110111111111010111111111111111
1111101111111101111111011110111111011111101111101111011111111111010111111111110111011100110111011111110011101111010010111111011111111110111110101111111010011111111111111111111100111101000111101110011111111010101111101110111101111111111111111111101001110110111111110111100111101110111111111111111101110110011111111011110111110101001100101111
1111001111111111111011111111011111111011111111111111111111111110111111111111011111111001111100111111111011111111001111010111111111111111101111110111111111111011110011111111111111111111111110111111110111111011011101111111111010110111111111111111111111111111111111111111111110111111111111111111101101110111111111111011111111111110111111110111
0011111111111111011101111111101011101111111111101111110111111111111111101111111111111110110011011111110011111111011111011111101011011101111111110111101111111111011011111111011110111110111111011100111111111111111111101111111101111111111111111111101011011111101001011111111111111110111111111111111111111111011111111111110111111111001111110111
1110111111111111001001101111110110111111111111101111111111110111110111101011111111111101101111001111111101111111111011111101111111001011110111001101111110111111111101111111111101111101001101111110111110110111111100111011110111100111111111111110111111111101101111111111010111111110111101011111111011111111111111110111111111101111111101000111
1111111111111111011111011101111001111111111101101111111110101101111001111111111001011111111100111111111111101111111100111111111111111110111110101101101111000111111010110111111111111111011010111111010110101000111111011101111111111001111101111111111111111111111111111100011111101111101111111110111111111011011111011111111100001111101101101111
1101000011111100111100011111111111111111101111111111101111111111111111111110111110111111111011111110101011111011111111100110100111101110111111111111101110011011111111101111111111010101111111111111111111111111111111111111110110111011011111111011111111111110101111101111111111111101101111110111111100011111111110111101111110111111101111111111
1111111101111110011111000011111101111111011111111111101111111101111001011101101101111001111111011111011111010101101111111111111011111110110111111111101111110110001111111010000111001101111110111111111101111111111101110111110111011010111110111101111111111111111011111110111011111111011011111011110111101111011111101110111111110010111111111111
1111110111110111110111111111111111101010011101101111111110011101011010011111111110111111111111111111111111111111111100101111111111111011101110100111111110111111110111111110101111011111011101101111110111100111111111101111111101110111111101111111110101111101100011011110011111110111110100101111111111111111010111111111110111111101111100110111
1011111001111111111101111111111111111101111111111111110111111111011110100101101111011101011011101111111111011111011011011111111111111100111010111111101111101011111101111111101111011111111110100111111111110111011111111011111111110011011111101010010111100111111111111111101011111111100111111111010111111111111001101110110001111111011111101111
0101111101110011011111111111111111011111111111010101011111111100101111111101100110111011111111111111111111110111111101101111111111111101110111101011101111010111101111111110111011111111010111101101111111111111011111111110111111111111111111100111111010111110111111101011101011010111111111011111101111111111110111110101110110011111111011110111
1011111111011011111111110111111111111111001011111111011111101011011111111111010111111111111100100111111111111111111111111011111111111111111110110110101101110111111111011111101111010101111111111111111111111111111111101111011111111111110011111111111111111111111111111011011111101110110111111111111111111101111111111111111111111111111111111101
1101111111111111011101011111110111111111111111110111111111111110111110111101001011011101011101111101111011110111111101011111111111111111111101100111011111011101011111110111011110111111111111101111011111111011110111111011111111110111111111111111011010111100111101111111110111011111100110111110110111111111111111111111111011111111111111111111
1011011101111111101111111111111111101111011001101111011101111011110111101001111111101001111011110111011111111011111001011010111111111011111011111111011011101100111111110101111100101111111111111011111011011101110111110011111100110011011101001111101111111111111111111011111111110111111111111010101010111111111010010111011111111111111111111111
1111110111110011111111111111111111101111111111111101111111111111111111111101111111111111111111001111111111111111010111111111001111111111111011111011111111111111011111111011011111111111111011111111111110111101101111110111111111111111110111110111110111111111111111111101111111011001111111111111110111111110011111111011111101110111111111110111
1111101111111110111111111111111101111011111110101011111100111101101011111111111111111111111011111111111111101110101111110111111111011110111110101111111110111001111110001111011010001101110111110101101111011111101011110011011011111111111111111111101010011101111111100011111010111111111011111110101101011111110100111011110111111001111011111101
1111001111111111111111111101111111111110110110111110111111111101110110111001111111111111111111101111111111111101011111111111110111101111101110101111011101101111011011010110111010110110111100111111111110110011111100111001001111110111101111111110111111111110101111111101111111011111111111010111111110101100111111111111010111111111011111111101
