11011111111111101111110011111101111111111110101111111011111111111110111111111101101101001110111011011101111011111011101111010011011101111111
11001011111011111011111111111111100111010111111111010111111111011111111111111111111011110111011111011111111111111111110111111111111111110111
11111111111011111010011111011111111111111111001111111111011011111111010010111111110111001011101111110111100101111111111111110111011011111111
11110111111011111111101101011111111101110111111011101101001101011111011111111101011111111101011110111111111111111110011011111111111011110111
01111011101111111001110111111111111011110111111101111111110110111111111111110110110111111001111111011110101101011111111111111110111011111011
11111111111111111011111111111111110111111111111111101111111111111111101101111111111111111111101111111111111111100110110101101111001111111011
11111101111111110111101110111110111111110110111011110101111111111011101111111111110111011110111011110111101111111110111111101011101100011001
11111111111110111111111111111101111111101101111111111011111110101110111111111011111111111111111111111111111111111101111011111111100111110101
11101011101111111011010110111111101101111011111111111111111111111111111111101111110111110111011111101101110111111110111111111111111101111111
11101111111011111011111111100111111101111111101111110111111111111011111110111110111111101111111111011111111111111111101111111111111111111111
10111111011111111110110111111111110101110110111111111101010101111111111011011111110111111001101111011111110111111101111101101010111111111000
11111111111111011111111111111111111111111100111111101011111011110111111111111111110110111110111101110110111111010011111011111111111010111111
11110011111111111111111111111111110111111111110111111111100111111111111101111011101111111111111011111111111111111111111100101110011111111011
11100111111111111101111111111111111110111111110111111111101110110111111010111101011011111111011111111110010101101110111111111010011111111110
10111010111111111111111111111110101111111111011001111101111111111101111111111111100111111110010111110111110111111111111111110101111110001011
11110111100111011111110110101011101111111101111111111101011011001011111110111110111101011111111001111111111111111111101110111111110111011111
11111111111111110110011111111110101111111011111111111111111111111111011111111001111111111111111111100011111111111110111101101111111111111111
11111111011111111111111011011001111011110111111111101101101110111111111110111101011111111111110111101111011111101011101111111111110111011111
11111111101011111111110101101111111100101111101111110011111111011110111111011111011110111111111111111101110101111111111101111011011100111111
11111111111011111111111111110111101111111110001111111111110011111111111111111110110111011111111111111111111101011111101101111111110111111110
11110111110011111111111110101111100111111111111111111111111111011111111111111111110111101110111111011111101010110111111111111111111111110101
01111111111111111111110001111111111111011001101111111110111111111110111111010111111111001111111110111111111001111111111111010101111110111000
11111110111101111101111101101011111111111110111010111111011111010011111111111111111111100000111111111110111011011111111111111110111111111011
01101111111111111111110101111111111111110111111110111111001110001111101101111111111111011011111111101111011101011111101111101111111010110110
11110110111111111011111111111001011100011111111011000110110111011111111110111111111111111111101011110111111111101100101111111111101110111111
11101111110111010011111011111110111111111011110011011111111111011111111111111110111101111111111111111111111111110011111111111111111111111111
11111111111111101111011010111111011111100101111111111111111111111101110111111101111111110010101111111111110101111111111101111101110111111101
11101111110111011101111111111111111111111111101111101111010111111011111111011011111111111111111111111001111110111111011111111111111100111010
01101111110100111101111011111111110111001111111111000111110111111011101111111111011110111110111111101110101101010111111111111011111111111111
11111110011101010110111111011111001100110111011110111111101111111101111111111011111101111111110011101111111111001111111011001111101011111111
11011111111111111110101101111111111111110111111101111111101111101101101111101110011110010001111101111111111101110111111101111111111010111111
11111111111011110111111111111111011111111101110111101011111110001111110110011011101110110101111111111011101111011101011111111111101111111111
11111011111110111111111011111011111111111001101110111111111111111101111111111111100111011111111111111111101011111111111111111111111111111111
11111111111110111110111011111101111101111001011111110111111110111111111111111110110111111110001111011101111111111111111111110111111011111111
11111111111011111111101111111111011111111111110111111111111111111111111111010111111011111111101111011010001100011010001110111111111111111111
11111011111111111111111110101110011111111101111110011111001011111111011111111110111101111111111111111100010101001111011011110110111111111110
11101111111111111111111100001111011011111101111111110111111111101111111110111111111100111111111111111101111111111101111111111111111111111111
11111111111111111101011110101111111111111111110111111111111111110111111101111111011111101101111011111111111111111101011111101111101110111111
11011100001101111100111101111111111111011111111111111111101111110111111110011111111101111111111011010111011111110010111101101111111101111011
10101110110111111111111111111111111111101011111011110011111010111111111111101011011111011111111111111011111101111111111011111111111101111011
11011111111111110110111111110111111001111110111111101111111111111110111001111010111111111111111111111111111011111111111110111110111111001111
11111011111111111100111111100111111111111111011001101111101111100110111111011111010101111010111111010111101011101101011111110111111111111111
11111111111011111111111111011111111111111110101111111111111110111011111111110110111111111111111111111101111111111111111111001111111100111110
11111111110101111111111001001111111011110111101001111111111100111011110101101001111111111111111011011110101111111110111011111101111111110111
11011111111111001111111011111110111111111010111110111101110111011111010101011111111111101111111111111111111111111111111110110101111111101111
11011111101110111110111111110101111110011001101111110111111011101011111111011111111111101101111111111111111101100111011001111111011011011111
11110011111111101111111111111011111111101011111011111111111101000111111111111110101111111111011101111111101111011111111111111111111111011111
10111111101110111111111110001110100111111111110011111111101110001011011111111111111111111111111011111111110101111110101101011111101111100111
01101100111101011111101011111111111010101111111111110111001101111111111111111011110111010111110011111111011011111111110111111110101111011111
11111101011111111111111111111110101111111010101111111111001111111101011111111111110111111110111110111111111101111100010111111110110111111101
10111111111111111111111101111111100111101111111110111111111111111111111110111111111111111111100111111010111111111101111111101111111111110111
01111101101011111111110111111100011101111110111111011111010111011101111011011101111111111111111011010010111111011110011101111111111111011111
11111110111111001111111101111101111110100111110101111111111111111111001011010101111101111111101111111111111111111101111011111111101111011111
11110111111111111111110111111111101111011111111111111111111010101101110101111111101111111011111111101110111111111111110111111111111111111111
11111111111111010111111101111111111100101111111110111111111110111101011110111111101101111111101101111101011111111110111111111111101111111111
11110111100111111101001001111111111111110011111111011111111110111101111111111111111011100111110111111111111111111101110011001011111101011111
11111110001001101111111001111101111111001101110111101111100111110101111111111111111111111110110110111111110111111111101111011111111110111011
00101111111101011111111010111110011101011111011110111011111010110111111111111111111111111111111111101111011111111011110111011101111111011111
11111111111111111001101111101101111011111111011100101110111111010111111111110111110111111011111011111111111111100111111101011111111011011111
11010111111110111110111111100010111111111001111111111011111110111111101101110111111111010111111110110100001011111101111110111111111111111111
11101100110111100111101111111111011110111111111111110111111110111111111101111111111111111111111111111111111011111011101011101101101111111011
11111111101111101101111111101111111111011101111111111110111101011111011101110111011111111111011101011111111110111011011101101111111011101011
11111111111111110111111111010111111111110111111111011111110101101111011111011010111111111110111111001111111111000011110011111111011111111111
11111010111111111101111111111111111111111001111101111111111111111101111111101111111111101111111101111111111111011111111011101111111110111111
11111111101111101111011111100111111101011111111011111011111101111111011111111101111011111111111011110111111100101111111111111111111110111111
11101111001111111111111101111111111110111111011111100111111101111111111111111101101011110100111001111111110010111111111111110111010111101101
11110011011111010101111111111110011111111111110001111101001111111101011111111111101111001111110001111111111111110011111111111111101111111111
11101101011111110111011111011111111110110111101111111111111111111111110111011101100111101111110010111111110111110011111100011110011101111110
11111011101110101111110100101110011100110111111111111111101100111111111111010111111111111001001110111101111111011111101111111111111111111010
11111111101110101011111111111111111111111111011101111111111111101101011111110111111101111111111011111010111011111111111111110111111011101111
11110111001000111111111111111011111111111111101110010110111001111111111100101101011111101111101111111111111111111011101111011010110011111111
11110111101111111101111110101111011111011001111111111111111111111101111111101111111101111111111111010001110111011111111111111101011111111011
11111111111011111010011111111101011111111111111101001110110111111111111111111111111111111101111100100111110011111111111011111111110111111110
11110110111111110101111011111101111111111111011011111010111111111111111111111111111111111111111111101110111111111011111011111111110111111111
11111111011001100010111111010111011101101111111101111111111101111011111011110010111111111111101111111111110111111111001101110001111111111111
01111111101111101111111100111111001111100010111111101111111111111110101010111111111010111111101111011110111101111111111111110110111101111111
11001111110111101111001011111111011111111111010110101101111111111101111011111111111111111111101000110101111110111110111111111101110111111111
01101011111111111111111111111111111011111111111111111101111101011111111011110111111111110100111011111100111101111111111101111100111111111111
11111111011001110010111111111111111111111101111101110110110111111110111110111101110111111011111110111111011110110111101111011111011111111011
11111010111111111110111111111110111100111110111110111111111111111111111111111111111011111101011101111101111111110101101111111111110111111110
11011111111110111011110110011111101111101111111011111111110110101111011011110101111111111111110111111010111011011111111111011101110111100101
11110110101101000011111011111110111111011111111111111111101111011001111111111100111111110111011111111001111101110011111101101111111111101110
11111110111101101111011110101111011111011111110111001111111111111111111011011111111010111101101111010100111011111111111110111111111111101111
11101011110111111111111111111011110111011111011111111111111111011111111111111111111111111111111110110111111111011111111111001111111010111111
11101101111101101110011111111111111111111111111101111111111111011111111111011111111111111101111110111111011111111111111111100111110011111111
11110110010101010111011110101011011111111111011110111111111111111101101010111111111111111111111111011011111111111110111111111111110100101100
11011011111111111101110111101111111110011111111101111000011111101111111111111011010111011111111111111111111111111111101011111111101111010111
11111111111111101101111111111111111111101111011111111011111111011111111101111111101111101111111111111111111100111111111110011111011111011100
01111111111111111111111111111111111110011111011110011111111111111111111011111011110111101111111111111011111110111111111111101111111010111110
11111111111111111111111111111110101111111111111111101111111110011111111110111110110111111111111111110111110111101110011111101110111011100111
01111110101111111111011111101111111111111111111101111110111110111111110111111101101110111111101111101111111111111111111111111111101111011111
11111101111111110111111011111111111111111110111110111111010111111111111100111111111111010111111111111111111111111111110110111101100101101111
11101001111111110111101110111101111111111111110100111110101111101111111001111111001110111111011111101111111101011110111111111001111101111111
10110111111011111111111010111110101110111010111110111111111011101111101111111110110101111111110111101110111110111111111111011111111011111110
11011111110111111011110111010111111111110111111111101111011111111110111011111111111111101111111011111011111110111101111011111111110101111101
11111101011110111011110110011111101011111111101110110001011011101101111101111111011110110111111110111111110111111110111111111011011111111111
11011111110100111111111101011110011011011111111111111111100111111111111101111101100110111111111111111111111111101101111110111101111100100011
11011101111100111110111111011111110110111111011111011111101111111111111111101111111111110011011111111111111101111111111111111111111110111111
00111111000111111101111110001111100110111111111110101111111111111101101111111111011101011111101011111111111111010101001011111111111101111111
10111011101001111111010111111011111011101100101111110101111111111100111111111111111111111111111100110101111111110111111111111111011111111111
