1111111111001011110011111101111111001111000111011011101111001111001111100111111110011111111101011111111111010010011111111110111011101111011111111111010111111010011111111111111111011111111011111111101111110111111111111100111111101011110011111011110111101111111111001111111101011111
1111111111111011011111111111101111101101001111111011101111111111010111010111010111110010111111001011011111111011110010110111111111110101110111111111011111001111110111111110111110011111110111111111111110011111110111111011110110101111010111111111101111111110111111101111111101111011
1111111100111101011000111010111011111111111110101111111111011111111111111011111111111011111111110001111110111110111011111111111111111111111101111101111111111101110011101111101111111011111110111111110101110101101100010111111110111110111111111111110101111111111111111110110111111101
0111111111111111111011001101111001111111001111111111111111101111111110111111111011011001111110111111011001111111110111011111010111100011101111011111011110111110011100011011111111111101001110110110111101111110111101100111111111110011111111001111101111111111111111111011111111111101
1010110101111100011111111011111111111111111111111111111111111011111111111111110100101111111111111111111111101101111111110111111110111011111111111111111110111111111111111111001011111111111111111111111011010111111101111111111111111011011111111111111111111101111111011110111111100111
1111111011101110110011101101111111111111111111011111010111111111011111001111101101111111100111111111011111001111100111011111111110111001111111111111111101111111011111111101011111111110011111111100110111111110111110111111011111111111111111111111111111110011111010111111011111111111
1111011111110111111111111111111110111111111101111110011100111110111101111011111110111111110011111111111111111111111111101111111111111111011101101111111011111111011111111010101111011111111101101101110011010111111110111111110101111101110101111111011111111101101101101101111111111011
1011111111111111110110101110111110111101111011111111011110111011110111111101110111111111111101111111101111110111101001011111110101111111111111110111110111111111111111011110111101011111101111111001001111111111110111111111111011111110110111111111111111111111111111111011011011011111
1111010111101111111111111111111111111101111110001110111111011111111111111110111101101111101111011111111011111111111101111111101111111111110111111111111111101110011111011110111011011101111011111111101010111011001101001111111111101111111110000111011110111111011111111111110111100111
1111110011111111111111101111111111100011100111110111111111111111111110101111111111101110010101010101111111111111111100111011011110111110111111111111110111101110110101101111111100000100111111111111111111111111101101011111111111111111011111111111111111011111011111101111101011110101
1111111111011101111110111001111111111110111110101110111011011111101011101011101101111111111111011011111011111001111111001100110110101111110111111111111111011101111010111111101111011111111110111111111111111110101011101111111111111011110101111111111011110111110111111111011111010111
1000110111011110111111011010111111000111111111011110111111011011111111111111111111100001111101111111011101111101111010110111100101111101101111010111101111101001111111110111111011111101111111011110101111110110110111111101111111101111111111111000111111111110111011110111111111111110
1101111000111111101011111011111111011110111111011111111111011111111110111111111111011110011111111111111010011111011111111111011111111111111011110111111001101111101111011111111111110111101111111111101111111111011101011111011111101111111111011101111101110101110110101111111001011111
0111111101011110111111111111000111101111111111110100111111111111111110111111111011111111111011110111011111111010111111010011111111111111011111110011111100111111111111011111110110011111011110111011111111110111111111111111111111101111111111111111111111110111111111111100010011111011
0111111111011111111101111111101111100111111111100011101111111110111011011111111011111101111111101111111111111111111111111111111110110111111111111101111110111111111111101011111111111110011111111111111011111011101110111111111111111111110111011111111101111111101110011111111011111111
1111101111110111111111110111111111111111111111111101111111110111111110111101011111110011111011111111101111111101111111111111010011111001101111111111101110111111111111011111111111111011111111111111101110111111111111110011111011111111111111111111001111111111101110111111111111111111
1110110110111100111111111011101111101110101111011111111111111101011111111111001111111111111111110111111111111011111111111111111000111111111111101111111110111111111111111111011011111101011010101110111111111111111111111111111111111111110101101111011111111111111110111111101111101111
1011100101100111111111111110010011111111011011111111110111110111111101101111111111111100111101101111111011111011011111001011111111111101101111111111111111111111111111111111100111111111110111100111111011111101011111111101101010111111111111111110110010111111110111011111111001111111
1011110011101011111011011100111111100101111111111101101111001111011101111101110111111111111111101111111111110110101111111101111101011111101111101111111111010010011111110111111111110111111111111111011111011111011100111111111110011111110111111111111110110011111111110101111101011111
1011111111111111111111111111110110111100111101011111111011111111111101111111011011111111111011111111110111111110111111111111111111111111111100111110111111110111111111111111011111011111101111111101111111001111111111111101011111111111111111001111111011111111110011111011110111111111
1111111111101111111111100011111111111111111111111010111111101101111111111111011101111111111110110111111111111111111101111111011111111110110101111101111101101111111101111111111011111111111111111111111101111100111101111111111101101110111111111111110111111011011111111111111011111111
1101011111010110101111111111111011111011011110111111111111111101011111011111111101100011111110111101111111111011110101110110110101111111100111110100111011111111101011101111110111111101111101111111111111111111111111100111101111111110111011111110111111011111111111011111110011111111
1111111111111111110011111111010011111111111101111110111011111101111010111011111111100111111011111101111011111111111111110101111111110111011111110111111101101111101111001111101111111111110111111111111110111111111001101111111111111111101101111111111111101111111011101111011111110110
0111110111100011111111111110111001110111111111011111111111111111111111111011111111111111111110011111111111111111110111011111011101111111111011011111110110111100010111010111011100111111111111011111111011111111001101111111111111111111111001111011111110111111111011011111111111111111
1111111111101011010010010011111101111111110111111111011111111110101111111011111111111111111111110101111111111001011111111111111111011011111111111111111101111111111111111111111111100010111111111101111011110111111111111111111001100111111011111011100111111111111001111111111111101111
1111111110011111101111111110101111111011111111111101111111111111111111111010111110111001111111011111101111110111111111111111101111101111010100111001110111101111011101101100101011110111101111111111111111111111111111011101011111111111011111111110111101111111110111011001110111111111
1111111110101111111101101110101111111011101101111100110111111111111111111111111111001111111111110111010110111111100101111111111111111111101101111110111111101001001110111111110111101111111011111111111011111100011111110110110111110111111111111111111111111111101101111111110110010011
1111111111111110110011111111111011111111101111111101111100111001111111110111111111110111110111101111100111111011111111011111110011111111111110111111111011011111111111011111111111111111111111111111111111011111110111000111010111111011111111011111011110111111111111011111111111110111
1111111111111111101111110101111111110111111111111111111111111011111111001101100111111110011101110111111111111110111110111111111001011111111011111111111111111111111111111111111111111111110111111110111111110101111111101011111111111110111111111111101111010111111111111001111101101111
1111111111111110111111101011111111111111111111110111011111111110111110111101011111111011111111111111111011111111111101111111011111111110111111011111011110111111111111110101111011011111101111110111111111111111110011111110111111011111111111111111101011111111011011110111111101111001
1111111110110011111111111111111011010111111111011111111001100111111111111101111111111111101111111011001111111111010111111100001111111111101111111110111101111101101011111111111111001111111111011101111111110111101111110111111111110111111010111111111001111111011110100111111011111110
1101111111111111101011001101010111111111110111011111111111111111111010111111111101010111110111111111111111101100101110111111010110101111111100101111101111111110101111111111111111011011111111010111111101111111111111110111101111110110111011111111111111010111111111111110111110101101
1110111101111011110111111111111111111111111111111111110111101110101111101111010111111001111111110111110111111111011111111111111101111111110111101111110111111110111011111111111111111111111111101011111011111111011111111111111111111110101111111111011111111111111111111011111101111111
1111111111111101110111111111111110111111111111111111111101111110100111111110011111111111111111111111101110011111011111101111111111101011011110011111101111111111110100111111111111110010011111101111111111111111111111110011101111110101101111111011110111110111111111110111001111100011
1111111111100011111111111011111100111111111110011011111111111111110111111111111111111111111111110111111111011111111111111111111111011111111011111111111110010111111110110101111011111111111110110111101111111011011111101110001111111111111111111111111111111111101011011101111111111111
1011111111111101111111101111111111001111111111111111111111111111111111111110111111111100110111101110111110101111011111111111101111111111110111111111111111111111110011101111110010011111111111111101001101111111111101111111111111111111111111001100111111111010110111110101111111111111
1111111111111111101101110111111111111111111111111101111110111111110100111101111111111111111011111111101111110111111011101100011011111111111011111111010110111101010011010111111110111111111111111111111101110111111111101101011011110111111111010110010101110111011110111000111111110011
1110011111111111111111100010110011111111011111001011111111111111110111111111101101111111111111111111111101110101101111111111111111011111111111111111101111111111111111111111111111111111110011111011110111111111101111101101101111011111101001111111111111111110101111111111111111001110
1111110011111111010111111111100101111111111111111111111111111011111111111111111111111111111111111111111111111011111111111101110111110011111111011111111111110111111101111110111011111111111101111011011110111111111111110111111110111111111111111011110111111100111011111110111111111110
1111111110100111111111111101111111111111111111111110101111110111001111111111111111111111111111111011111111111111110111110111111111101111111111111010111111111101111111111110111111111111111001111111011111111111011111111110111111111111011111111111110111111111101101111110111101110111
1111111111111110111011111110111111111110101111111111111111111111111011110110110111111100111101110111111111011111111101111111110111111111110010111101111111100101111010111111111111111110110101011111111111111111111111011111110111111111011011111111011111111111111111111111111111011111
1111111111111111110110111111111110110111111111111111111101111011111111011100111011101111001111110110111011011111101110011101011111110111111111011111101011110001111011001111101111110111111111111101111111111111111111111111101111101100010111111111111101111110111111111111110101101011
1110101011010101111111111111110011111111101111111010111111011011111111111111111111101011101111111100011101101110111111111001111111110111110101110111111111111001111111110111111111001111110111111111011101111111110111111111111101111100100111111011011110111110100101110111101110111001
0111100111101111011110011111111111111111111111111101111111101011110111111111111111111101111111111111111110111101111111111111111111111001101011101110011011111111111111111111111111111111100101110110011110011111111111111111111011111111111111111010111101111111111110101011111111111111
0110111100101111100101111011111111111011111111111111111011111110011110100111001011101110111110000111101111010010011111111111111111111111110111111111011111110110111111110110111111011111111111010110111101110111111111011111111111110111011101111111111111111011111111110111011111111111
1110110111111111111011111111111011111110110111110011101111111111111101111101111111111111111111011011111111011011111111001111111101101110111011011111111111011110110101111110100111111011111111111111010110101111011100111011011011111111101101111101010111110010111011111110011011111101
1111110111000111110111111111011111011111111111111011110111111001011111111011110111111111111111111111111110101111111111111111110100011010101011111101100111111111111110111011110010101111110111111011010111111111111101011111111111111111111110110111111100011111111111111011111111101110
1111111111110110111111111011111011111011111011111111001111011101101101011111011111101011011000111111111111111111010111111010010111111111111111111111111011111111111111111111111001111111101111011011011011101111111111111110111001110111101101101011111111111111111111101111111111010011
1011111111110110111111111111111111111101110111111111111101111011110111111111111111111110111111111111111111011100010111111111111110111101111111110100101010111011011111110101110111111011110101110111101110111110111111011111110110110110111111111111101111110111111111111111111111111111
1111111110110001111000110111110101110111101111111110111011101110110111110101111111111111110111111111111011111111111111111111111111011111111111111101111111111111110111101110111101100011001111111011011111111111111011111111011111011111111110101011010110010011111101110101101110101110
0011011111110001111111111111011011011111101101111111110110011011111111011011111111100111111011111111111101111111111111101011101110110011101011111101111111110111111101111111101110101111011111011111101110111110111101111110110111011110111111110011111111111111111111011010011101111101
0111111111111111111111111111111111111101101100110101100011011111110110011111111111011111101111111111011111111101110011111111111111101111011100001101111101111111011111111011011111111111110011111111011111111110011010110001011111101111000011101110110111111100111111010101111111111111
0011111111011111111111110110110101111111111111111111010011111101111111110111111111111111111111111111111100111111011111111111111111111111110111111101011111111110111101111111111111100111111111111111100111111111011110111111101111111101111111111111110010111111111111011110111100111111
1111111111111111111110111111011111111011111101111110110111111111111111111111101111111110101111111001111111111111110111111111010111001110111110111111101101111111111101111111111111111101111111111111111111111111110111111100111111111111101010110111101111111111111011111111011111111010
1111101111001111101111101111001011111111111101111101111110111110111111100001011111111110000111111111111111011011111111111111001111100111111111011111111111101111111111111011001100110110110111111111100111111110111110111111111111110100111110111101111011111111101111011111110111111101
1111111100110111110100011101111110011111111111011110011101111111111111111111110111111011001111110110101111100111111111000111111111101111111110101011111101101101011111111111111011011111010111011110111111111111111111011111111111111110111011111111111111111110111111101101101011011111
0111111111110101111011000101111111101111111111011111111111111011111101111111011111010101111111101101111111111111110101111111111111111111111111111011111111110101111111101111011111111111111111111111001111110111111001111111110111101111111111111111111101111111101111111111111111111111
1111111100111010111000111111110011111111111111111101111110101111011111000011100010111111001111111111111111111111111111111110011111111111111110111111111100111111111001110111111111101010001110101001110110101111011111111011101111111100111111111011111111100101111011111111111111110011
1111011110101111111010111111111111111110110011101111110010111101111111111111111111111111011011011111111000111111111100001111111111111110111111111111111101111001111111011111111011111011111110111101011111011111111111111111111011111110111111101111111111111101111111010111111111111111
1111110110111110001110111111111110111111111011111101111111010011110111100111111111101001101111110111111111111001111111111110110111111111111101111111111111111111111011111111111111111110111011111110111111111110111111111101111111111111111101111110111111111111110111111110101111111100
1111011011110111111110111110111101100111111111111110111111111111011011011111111111111011101111111111010101011110011011010110111101010111111000100101111111101101100110101111111111100010111111110111110111111011111111111111110101111111011111011111101111010011111110111111111111111111
1011111011101110011111101111111011111110111111001011111111011010111111110111111111011111110111111110111111111110001111111111101101111111110111111111111001111110111110011110101111101111101101111011110111111111011111011111110111111111110101110011111011010011111110101111110101111011
1111111111111111111111101111111111111111011111111101101111101111111101111111111111110111111111101111101001101111111111111111111100101111001111111111011111111111111011011111111111011111111111101001010111010010111011111111111111010111110011001111111111111111111111011111111111101111
1011111111110111001111011111100101111011101101101011101111101111111111111111101111110111110111011111011110110111111111011111011111111111110111100111111111010110111111101111111011111111110011111111111000111101111111001101111011111111111111111111111110100111111111111001111101011001
1111110111111001111111111111111001111111110111111111110111111011111011111111101101111011111111011111111111111111111111110111111111111110111111111111111110001111111100111101111111111011111101111110110110111111111111110111111111110110111111101111111111101111111111110111101011101110
1111001111011101111110111111111011001110110111111010011111101111110111011001111110111101110011011111101111111111110111111111111111111110111111101111111111110101111111111110111111111111110011110110111101111111111111111111111111011111110111110001111101111100111110111111111011111111
1111101100111110110101111111111111011111111111110110111111111011111101111110111011111111111111110110111011110111111110001111111111111100111101111011001010111111110111110111111100111110111110111111111101111110111111111111111110111111111001001111001111111111111111011001101111011110
1111111101101101111111111111111111110111011011111111101111011001110111111011111111111111111101111111111111111111111111111111111101110111011011111101110111111111101111111111111111111110111111111111111111011110111111011110111110111111111110111011111111111111110101111001111101111111
0111111111111111011111111111111110101111111111101111111110111011101111100111011111111111101111011111111110111111110101111111101111111101111011011011011111011101011110111111010111110111111001011011111111111111111100111111101111110011110101111111011111111011110111111111111111110111
0111110101110110110111011011111111111111111111111111111011111111111111111110011111011111111111110101111011010111111111011111111111110111111011110111111011111111110111111111111111101111111011111111111111111111111111111111111111111001011111111111111111111111111111111111111111001111
1111111101111111111111111111111111011111101111111111011111110011111110111111110111111111111111101111011111011111111110111111111111101101111111111111111011111111111111111111111111111111111111111111111111011101111110111101111111111111111110010111111011011110111111111100110011011111
1111111111010111111111111011101001111111101111001111101111111110110111111111111110101010111111011111111111111111111111111111110111111111111111011111111111101101111111111111111111111111111111111101011111111111111111111111111111110011111011111111111111011011111110111101111110111111
1010111110111111111111111010111011111110111011111101110111111100111111111111111111111111111111111101111110111111111111111111110101110011111101111111110111101111111110111111110010111111111111101011111111111111111101111111111111101101101111111110111111111101100110111001111001111011
1011010101111111111110110101011111110111111111111011011111111111111111111111111110111111110110111111111111010011111111111110110111110011111111110101111110111101010111110101111111111101010111110111111110110011110101011111111100011111111011111111101110001111111001110111111111111101
1110110111111110111101011011111111111111111110111110111011010111111101111110111110011111111111111111010011111111111111111111011111111001011111111011001111111111111110101111001111111101111111100011011001001011011011111111111110111111011111111111111011111110111111110111111101111110
1111101110111011111111111111111011111111110111111111110111111111101111111111111111111110111111101011111111110110011111111111011111111011111011110111111110111100001011111111101111011111110111101111111111111111111111101111111101111111111110111011111111010111111111111111111111110111
1011111111011111101010111110110111101100011110111111110110100111111101110111110111100110111111101011100101111111101111111111111111101110111111111011100111111111111111011111111111010110111111011111110111111111111011111111110110001001111100111110111111011011001111100111111110111111
1111111111111111111111111111101101011101011011101111111101111111111110111101110111111001110111111111111011111111111111111111110111111111001111011111011110111111011111111111111110111011111011111111111011111101111101111100111111111111111111101111111111111111111111101111111111111111
1111111011101111111111111111100111111100111110111111111011011110101111111111011111111110111111111111100011111111111111111111101101110011111111011111111111111111111011010111101110111111111111111111011111011111001011111011011110110111111111100111110111111101111011010111010111111111
1111110111111111110111111111111111111111111111111101111101101111101111011101111101111111111111111111111111111011111111111111111110110111101111111111110111101111110011111111110111111011101101110111110111111000111111111110111111111111111111011111111111111111101111011111111111110111
0110011111110111111011111111100111111111111111111001111101111111111111111111111111111111111101111111111101101110011101111111111101101111011011111011111011111111011111101111111111111101111111111101111111101111101111111101011110111011111011111111111110110111111110111001101111111111
0111111111111101110111110111011100111111111110011111110111111111011111111111111111110111111111111110111111111111111111111111111110101111101011111111111110111111111111110110111111111111111111111111111111110101001110111111110111111111111110111111111111111111111111111111110110101111
0111111111100111111111111010111100111111110111111111111111111111111101111111011111101011110111110111001010101111111111110111011111111111110111111111111101111111111011111111101011110111111111111111111011111111111111110111110111111111101111100101111101101111011101011111111111101111
1111111111101101111101111111111111111111111110100111111011111111101111111111111111111111111111101111111111111011101111110111011010110011110111011111111111111111111110111111111001111111101111111100101111111101111111011111110011111101111101111011011011101011111111010101111110111111
1111111110101111111111111111110011011111101110011111010111111111001111100101111011111110111111110111101011111110001101111110111111101011111111011011011111111011000100011111111010111111111111111100110111111111111111110101111111111111001111111111111111101101110101111111111111101111
0110111111111111111011111101111101111011111011111111111110111110101111111111001111111111111111001111110111101110111111111111110111111111111111101010111111111111111111110111111111100111111010111111111110011111111111111011101111111011111111101010111111111101111111101110111110111111
1111111110011111111111111111111111111111111111011101111101111111101111110111110111111011111111011111100011111110111111111111111111101101111111101111111101101111111100111111111001011111101111111111111111111111101111011111111010111111101111101111111111011111111111111100111010111011
1011111110111111011111110110110110110111111111111111101111111111111111101111111111111101111111111111111111111101111110010111101011111101110110111111111101111111011111111111011111111111111110111011011111110111110111101111001000111111110111111011111100110111111011111101111111111111
0111111111111111001111111010111111111111111101011111111110111101111111111111111111111111111011111111110111111111111111110111111111011101010111110110111010111111111111111110111111111110010111111011111111111111111001111011111111110111010111111111110111111111111111111011101111110111
0111111111111111111111111111111111111111110111111111011010111110111001111111111111111111111111111011111111111101111111010110111111111111011111101111011111101111011111111111111111111111110111101111111111110111111111110110111011111011111111111111111101111111111110111110110111101111
1111111101101111101110111110111111101111111111111111111111111101111011111110111111111111111011011011111110111101111111100111111111111101111111011110111111011111111011110101100010101001111110111111111110111110011000111110111111111111111111111011111111111110110111010111111101111010
1110111100111111111101110110011111011110111111110111111111111111111111110011111111011111101111111111111111101110101111110111111111111011101111000011101010111111011010110011111111111011111111111111011011110111110111111111111011111111111111001111111101101101111110111011111111111110
1000111111110111110110111111101111010111111110011011111011111101101011011011110111110111111100100111111110011111111001010101110111111111111111110111101111111011111111011111111001011011111111111010110101111111111110111111111011010111111110111001111111111011111111101111111111011111
1111110011100111011111101111110111011111111111111111101111111110111101110100111111111111111110111111111111111111011111101111111111111111111111111011111111111101111111011111110101111111011111110111111111111111111110110101001111111111111100110011011011111111111111100011111111101101
1111110111111111111111111111111101011111110111111111111011000111111110101111111111011111110111100101111111111111111101111110100101111111101011110111011101111111100111111111101111111111111011111110111111110111011111101110011101111101111111111111111111111111111100111111110111111111
1111111111111011101011111011110101111111011111111111101011111111011100110111011111011111111101111111111111110111111111111111111001111111001111111111101111110111111101111111111111111010111111010011111111110101110111101111111110111111111111111011111101111101011111110101111001111101
1110111111110111111111101110110111111111111110111011111111011110111111011111111111010111011011110111111111111111111111101111111111111111111111001111011111111111110011111100111111111001011111111101111011011111011111110111111001011111111110100111111111110111011110101111011111111111
1100111111111111011111111111111111110111111110111011111101101111111111111101111111101111111111101011011110111111101111111111101111101111111011111111111111111101111110111111110111111101111111101111101111111110111010001111111111111011110101101111111111111111111011111111111011111111
1011111111011111100111111111111111111111011101011111101111110111111111111111111111011111111101101101111111111110100011111011111101111111100111111111010011011001111111111111111100111111111010111110111111111111111011111111111111101010111111111111101111111111111101011111111110111111
1010111111111111011111111111011110111110101110111111011111111011111111111111111111111011111111111111111111111100111111111111111111101111110011111011111111111111111011111111101111011111111111111011111111111011111111110001111111011111111111101111111110111101111111111111111110101111
