0111110111
1011101111
1011011111
1101011111
1111111110
1111111100
1110111111
1111110111
1110111110
1110101111
1101111111
1111011110
0110111111
1011111111
1011111011
1101111101
1111110110
1110111011
0011111111
1111101110
1111111001
1111011101
0111111101
1001111111
1111101111
0101111111
1111100111
1011111101
1101101111
1111111101
1110011111
1111111010
1111110101
1100111111
1010111111
1111011111
1101111011
0111101111
1111101101
1110110111
1111011011
1011111110
0111111110
0111011111
1111111011
1101110111
0111111011
1111001111
0111111111
1111110011
1111101011
1110111101
1101111110
1011110111
1111010111
