100010010001000000001100000100110101010000000010010100010010010000000010001000001100100000101110000010000110000000010000
110000000100111010100000001000000000100000000100000000100000010001110101000010100001000010010000000010000010001000010101
111001001000011000001110000110011000000000000000000100010010000000000110000100001000000111110110010100010100001001000010
000010000110000000010000110011000001000000000010000101001000011000010101000000010100001000000001010010100000101111000011
000000100011001000101000111000001000110000101000111000000000001001110101000010101100000100000011010100000100000000000000
010100000100100010000000010001011100000000010100001000010010101101010100100101001001101001000100010000001000100001001000
000110001000100100000000000100100100000000010010100000100110011000000010000000000000000000000000000000001010101101010011
000000101100100000000000000000010100100000000100100101000011110010010000000010000000000010100001000000000010011100001000
100011000000010000000001010001100000100010100000101010010010001100000101000100010010011000010100010110000010101000000011
001001100001110000000000110000000100000000001000001001000010010000000000000001000000101010011000011000001000000010000000
011100000101000000010000000000000011010010001000000000000000000100000000010110000000000101111000100000000000110000000111
001001010010000111001100000010100000110000001000001001100000000110000000000000011000001010000010010100000000100010000000
011011100000100000000100100100100000011100110100000011001001000110010100000000011010100010000101000010001011001000000000
000000000011101010100100001000000001000000100010000000001010101000010010001100010010000000000110000100000000000100000000
000000000000010000010100010100001001000000000100110011000100000001011000110000000001000000000001100101010001111000000000
100000001111010000100110100000010000000000110100000100101110001010101010110001101000010000000000000001000001001000010010
000000000001010000001001010101110000010000100000100000000001101000100000000010100001100100000000000000001001000001000001
100000001111010010000101100000000010000010001000001100000100101000000001010010100010000000000000010100000101000011011100
110100000000110000000000010001001000010001100000000011100001001000001000000000100110000000000000010010000000101000000000
001000000110000001000001000100100000000100101010001000001010100100000100000101000000011000000000000101000001000010111100
001000000001000000000010100010000110000100010010011000000000000011000000010000001001000011001000011010000010000010010000
010010001000010110001000001100000100000001001001001100001001000000000100011101101010000000001010100000000000000000000100
100000001000000000000001000110001000001000010000000001011010001000111000000100000001000000001000100000100000011110000001
111000000100100100001011000000001000011001000000000111010000110000000000000100001010100001010100010001110001000010001010
100000110000000010011001001001000001011001010010010000100000010100000000000100000000100000000010100010101001000000001110
110000000000001011000000001000100001000000000000000010010000011011011010000110000011011100010000100000000000010010001010
010000111000010110010001100000000000010011100001010000100011100000000100010000000000011001001001001000100000010100000110
010100010000000000000000000100100001000000000000111010000001010000010000001100000010001000001010000001001000100000100100
100000000000001000001011000000000000000100000101000001000000000100001100000110000000001101110000101000010011000101000010
010001001000010000101000000010000110100010100000111100000010000000100000000000001000100000100100010101010000110101110000
110000001000000000000000100001111000100010110001001100011010001011100010000010011010000010000010010010000000000011100000
100010010010000100110100000000100000010100011001000010000001010010000000011001000001000011000100101100110010000001110001
010100000010000000000011011000000000000100011000001010000000010010000101001010111000001100001000011000110010100100000000
000110000101001000100010100000011010000100110010000011000011110000100000000000100010010010100001001100000010000000110001
100000010100000001000010100000101010000100111001000000001000000000001010110000010000011000001001000001010100010011000000
000000000010000000000001000100000100101001010010000001000001000100001100100001000001100000001010001100010000000001010000
000110000001000110000010000000000110001001101100111000001001001010110001000010110000001000010000001000000000100010110000
011100010000000010000001000000101000100000000001000000000011000111000010001010001110001000010001011001000100001001001100
010110100000110011011010000001100110010111000101000000000000001010000000001000000001000001100000100000100000001000100010
110010000000000000100010010000100000000010000000100000000001010001000010000100100000000001010110000000010000001101000010
000010000001110000000001110000000000010000000000110001000010001100000010100000000010000000010000000110000100110101001100
000000000010010000001000000001100000000000000000000111000100000011000011100000000110100011001000000000010000000101100000
011000100101001000010111000010000000010101010000101100000100000010010000001000000000001000010100100000000000001010000010
000100010000011000110000000110000011000000000011010010000000010010000110000011000000001100000100110110000110001000000000
011000001001000100100000000000010000010010000010001000000100100000100100100000000000000000100011000000010000000111101100
000000000000000000001010011000001101011111101010001000110000000010001000000001000010011100000010110101000000100001000001
001100000001010000010100000000000101100001010000000000011010000000100000100000000000010000000110000000001000000010000111
000000011100100000100000010000010001000001011000001000001101100100001100000000011100000100001010000000000000001000001000
000000100000010101010010000000010000100010010000000100101000100000101000011010001000000000100010111100000010101000010000
001010100000001000000110010001000000000000101110000000000001000000100000010000010111000000010000000000000001100011010000
000100000010000001001011001011010010100001000011111001000000000010000000000000000100000100000101000100000001000000001000
100000000000100000000000010110100111000000110000100010000100101100100101010000000010010110001000000000010000000000000000
000010000000000000000000101000000100000100101111110000000100101010100000011000100101010100000000010101100110000001100111
000000000000001110001000000011001100100010000000000111100000000100000110000000001010000111001000000000010000000010000010
100100000100001100000001000001010000000001110010000100000101010001000000010100100000100000001010101010010100001000001001
100000000111000101001011000000000010010001010000001010111101000010000010100100010000000000000010000010010000000110001000
000001010010001010000000100000010000000001100000000001110011100000100000000101000000000000011010100100000100110001001000
001000100011000100000010010001000001010011110010001010000000010011001010000000000001010110000000110010000000010000010001
000001100001111000000000100011000001100000001000100010010011011000000101010001000001001000010000000001000111101010001101
010001010011001000001000001000000000100000100100111000100000000010111000011000000101000000101001000101000010100010000000
100010100100000010000000100000101011010100101000100000000000000000000010110000010001001000010000001101010111100110100000
001000000110001000101000100000011100100010010100101010010000010001010111000000010100010101001000011111000000000010000000
001010101111000110110000010000000010100001010000010010000101101000110100000000000000010100000000000010001100001000000001
000000100010100000000110001101000101011000010010010100000110010000010000000000100010000001000101101101011000100000000010
100000111000000000000000000100100010000000010001110000110001001000100110000001100000001000010001000100000100101100000000
001000100010011011001000010001110000101100000000010010001100000001000000100100100000101001100001000010110000100000010101
000010000001100000001001011110001000110001000000001000001000000010010010100010011000000001010001100100000001110000000101
100000000000000100100000000010000100101110000010000001100000100100100100000001000100010000110000000000000010000011101000
000001000000011000001100100001000100000001000110000100000010000010100001000110001000000000110001100000101000101010000000
101100011010000010010010100000010100000010001010000001000100000010100010010101101010001011000010000000000000101010100001
010001001000000000000101001000000001100000000000010101000100001101000100000000001000000010010000000000000011000100011000
000000100010001000100000100000001100001010110000011010000001101000100000010000010000000010100000010010000001010100000100
010011010001000011001111011000100011100000011000001100100010000000010000010011000110000110000000000000011000000010000000
010101000011100000000010101000000010100001000000000011000010001100000000001010110000000000011110000000100000001001000001
100000000010100010001000000000100010100000110000101000000100010000000100000010110011100011000000000000100000000001011000
011010000100001000011001000000010000000100011100000101100000001000000101011000011010000001000101010110000000100110100000
000000001000010100100000100001000010010000000000000000001001010100000101100000000101100100000000111100001011011000100010
000110110011111101100000000000000110000100000000110000001000001000001000110000000000010000010010000000001000010000000000
000000000011000000101100000000000100010010001100101001000000101010100000010100001011100010000010000000101010100000000111
101100001010000010000000000000000000011010001001100000011000011000001010001000000000100000101000001001000000100000100100
100000000101010000100010000001000000100000100010010011000010000001010000001000000010000000000000010000101010100100000000
001000000010001100010010000001000010011010000100000000000000000010101010000010110000000001001000010001000100001010000000
010101000100000000000100000001100000000101010001100000000000100000001000000000000000001000011010100010001001010000100000
001000000000000000000000001100000110000010001000000111110000000110010010000000010100000100010100000010100000000010000000
000000000000100000000010001110100100000100001001000001000010000001010000000001000000011001110010001010000010001001010000
100010000101000000001001100101101000101000000000010000000000110000001100010100010000000000000101000001001100000100010000
011000100000001000000000010100110101001001010100010000100001010000000011000100000000100000101010111000010011000101001100
100110000010100010000010101001000000010100100010000001100011001000001011001010001110111000000000010000000010010000101010
010101000001000000000000110000000001000000100010000000000100100000000000000000001000000011110000011010001010000110100000
010000010001010000000111000000001011100000100010000011000110000100010000001010010000001000011000000000010000000100011110
101000101000011000000100011001011000000111100001000000000000001100100101001100000101000010010100000100010100110001000000
001000000000010101000010001011000100001000010010000110010000101000100000110000110100010101000000100000001011100100001000
000100001000100001010010001000010011010000110001000110010111010100000100001000110100000100110000101000100000010010000000
111111100000011001001000000001110010100000011000010000010000101001101001000000100000000101101000000000000100000010011000
010001001011111001000000000001001110111001000100001000000101001001010000000000011001000101000000000100110011010010000000
000010000001011000011001100100011000100000000001000100010011010000000000010001000010000011000100001000000010000000010100
000100000000000001010000010000000000001000101110000010000000010001011100110000100000000011000110110000011000011000101110
000010000000000100010001001100000011110101100000000010010001000010001000000100000010000000011001100000010110100110001100
000000001000000001001010101000100101100011010101000110100000011100000000110110001000100001001101000000000010010010000000
000000100010101010000100101000000110000001100001001000000000000011000100000000001100100111000001111010000111100000000101
