001100000000010100000001000000000000010000000001011000000010000000001000000011000001000000000100010100010000100000000011100010100010100000010000000000000110000001100000100000000000000100010000001101000000000010010011001001000000100000000001000000001100000000010001001000110101101000100000000000010100010000100100001010000100101000110000000000010100000000100001001101111100000000000000000100
110000000001000100101001000001000001011001110000000000000101110000010000001000010000100011100011111000010000010000000000011000001000000000011000000000100000000010100000000001100010000000000000000000000000000000000000000011000000000000000010000010101000000000100000001000000000100100000000001010010000000100000101110000000000000000000010010000100000100011000110000100100000100111010001001000
000001001000000101011000000001000010000001000011100000000000100000000001010101001101000010101001000101000000000100010010100100100010001001001000000000000100110000010000000100001000000000000010000010010100010100010000100000000000001010000000101010100000010100000000001000000000100000100100110000010000000010010100000000000001000010010101000010000100000000000010100000001000010100010000100000
010000000001000011100000100001000001000010110110001000001000000011000000010000000000000100000100101000011010000010000100000010000000000010101000101000001010000010111010101101001000011111100000000000100101001010100010000100000000001000010001001010110110001100000000100001011100011000100000000010111100001000001100000001000000000011100000010000000011000010100001001100000010000000101010100001
010011101010001000000100110000000000001000011101100001010000001011001010100000011000010100000111001100101000000011010101010011001101100100000001010000000000001000100101000000010001011100001000000010000001010101110000000000111000100011000001000000001001100001010100111100100110000000001000010011100000111000100001100000001000010001000001001000000010000101100000110101110100001000000000000011
010010010000000110110010100000001011000110010100000011000100000110011000010001000100100000000000001010111101000000000000001100011010010001001001000001001001000100000001000000001100001101000000000111000011000000000101000000101000000111100000000010000000000010110000001001000001101010001100001010110110001000001001000000000011001010000100001100000001000010000001010001000000001001101101000010
000000000000001000101100011010010000010110000000000000000000001000000000011000110100000000110000000000000001110110100100000000011000100001010001000110000010111100000100000000000110001101000101001000000100001001111000000000001000110101100000010011000000010001011100000100000100000011100001000000001000111010001000100001001010000010010000000010101000010010000100010100001001000000000000000000
000100000000000010100110010010000001001010000001001101000011000100110001000100011011000000010110000001010110000000001010010111000000010001000010101000100010101000010000000110100000000000100110001010101011010001000000001010000010000000000001000010001000000011010000000011001000001001000000000011101000110001000000011001000000001001101000100000000011011011000001000000010000010001001001100000
101100000000000011001000100110000010000101000110001000001000000111010110001011001101010100100010000001000000011010011000100001100011010000000001011101000000011011100000000000000000110010111100100000000000101110010000011001000110100000000000101011101011000101000100010000000000010010000000010001000010010010101000101001010001000101000001010000001010011100000001010011010000001001000010100000
011000010000010000100000100000011000000001000000000000000100000101000100100000000001000001100000000110000001001000101100000000001010000100101000000010100000011000010000010010010000000011000100100100010010100001101001000001110001010011000000110100100000111010000000000110000000000010000000001100100100001001000010001100100000001000011100110001001110000011100000110000000000000010010000000000
001110001010100001001101111100001100100100101000000110010010010101100000000001000011000001000011001100101010100011010100001100110100001000000001000011000000110000000001001010110010010000111001010000000000000000010010000001010000100000001000110000010010101000001011010011000000100011001000001000000100001001000110011000001110000001000000000000001100001001100001010110100001010000000000001010
110000001101110001000000000001000011001000000100000000110011001001000101010000000100000010000001000000001010100001001101000001000000001000110001000001110010001100001100100000000110010100010000000010000000000001001101001000000001000010000001000100010000000100000000000000010000010001010010010000110000000000000110100100000010000000000011010000000000000001000001010000010000001011000101000000
100000010001100100011000000010011001100100110101001000001000001101111100010000011000110001000001000011100001001000001010000000011010001000000010010100000000011010000100001010010000001100000000100101111110010110010001000100111000001001000000011000000001000001000101010001011000010000000000000000010100100000001010000011000011001101100100010000100101000110100101000010000000000010001001001000
010000001001000100001010100010001011001100100000001000001010000000000010100000100100111010000101000000010100101000000010001011001101000010100010100000001000001001100000100000100100010011000000100000100101000000000011100000000001000000000100000000000000011000111110010001000101100000001010000000000000000001000000000010001000101001001000010001000010001001000011000100000000000101010100000100
001000100000000000000000000000000010000000110000000000100000000000000000000100100100010000000000010000001001001110000101100001001000000101000010000111000000100001000011000011101101100001100101100100010000011011000000000011100000010000100100000010000000000101001100001001010001000000001000100001010000101001001000100000000001010000000000000000000001000000000001001010000100001010100010000100
111110001101000001001010010000100000100110010101000000100001000011100000000110000010000101000000000100011000100010100000010000000000000101001101100001010000010010100111101110000100000000110100000001000000001000000100011000011000000001010000010110101001010010011010001100000110000010001000000001000000101100000000000000100000011000010010001110010010101010100010000000000000001100010000000000
100101000000100010000000100010010000110000000001000010000000000001000000010000000000100000001000000110000101000001000101001000100100100110100010001001001000000010000110010001000010000010010000100000011101000000000000000000010010000000000010001001001110001001001000100000000010000001000111010000000011010110000011000000110000110000010000001000000000100100100010100000000000001001000001000000
000000000100000010000010000010001001000101000110010101000010100000000000000001001000000000101000000001000000000000000100010011000001000000100100000000011101011000100000000000100100000000000001100010010111010010001000000100011010000000110010000000100011010000110001100000000001000100000001000000000001110000000001000000000000001000100110000000100000010110000000010000000000010000011000000000
010000000000100100001000100000001000000000100100000000000110100000100000000000000010111001010000000000001000000100000000010000100000010000001001000001000110000000000000000010000000000000000001000010011000010001000000001000010001101000000000000010011000000000001001000000110010010001100000000000010000000000010110000111000010000000001000000000111000100011100100000000000010001010101011010110
110100000100100000110001010000100001000000000000100100010000000101100000100100000000000000010010100001010001100100001001000110101011000001100100001101000010001001000010000101000000000011000000010001000001000100000000000000010000100001000100000000000000000001000101101100110100100000000001000111000000000010000011000000100000100001000001001000000000000000000101000000101000010001000111101000
000110000100000000000000000010100101000000100000011010000001000000000101001000001000001100000000100100000100001110100110010100101000000010000000100000101001100010000010100011000010110000000010001100000000000010000100001000000000100000001000001110000111000000100000000001000010001001010000010000000000011000000000000000001010100010010000001001000101000000001010010001000000000000010000001001
000101110010000001000001000000000100001010000000000000000000010100010010000010000000000001100001000001000000000010000000001000000010100000100010000100000000001000000000110000010000001000101100000000100100000111000010010010000000000001000011010000100000001101000100000000000010001000101000010000011100011000101101000001100000010000010000100000001100110100001101100000101000000010000000000100
000000000100000010010000001010110010001000011000000001110100100011000000011000100001010000000100011000000100000000010110101000000000011000000000000010001001001100000000001000100111100100110000001100001001110000000000111000000110011000000000100000100000000000010010000011000100100000010110001001010000000110001101001010010000000000000001100000000000100100001000011010000000001100001100000000
010000010001000001100100100010111100000101001000000000101000001001010000001000000001001010000010000110000100000000001000000100001010010100100000110000000000000011010001000110000000000101110000000000011000000011000011001010001011000000000001001001110000100100000010000000101001100010000001001000100010000000010000000011000010000000000000001100000000000010000100001010011100000111000100001000
000100100000000000011010000010011111001011100001000011000000000010001000100001001000001010101010110000000000101000100111100000000010000010100000100000000001010000001001010010000000011001000111010100000110110001000100010110100000110000000110000010000000101000101000111001101010001000001110000110010011001100000100001011000101101000001101001000100000000000000000000010000010010000001100100100
000000000000100000010101000001000000100110011001010100000000001000000011000100000000001010001001100110101000000010010100000100111000101000000001000010001100000100010000000000000011000000000111010100001100100011000010100000000001100010010000000000101000110001000000010001000000000000100110010000100100000000001001000000000101000000100000000010010000000010010001000010101001000010011000000100
000110100001101010001000011011000100101000000010111000001011001000000001010010001000000101110001000011000001101000000010100000001000100000100000100001100001001000000000101000001011000000001000010101101000100010100010100001000001000000000001101000000000001000000000001000010000100100010000010000001010000001010101000010000100000000000100001001110110000000010100010100100000001001011011100001
110110011110010100100000100010000100000100100000000001000110001000000010001000000011100101101010110000000100000100000100000000000000100010000100010000011100000100101000100000000010000110001000000001101110000000010101001100011101101001101000000000100010101000011010000001100000001000110000010000000110100010100101000000110100000001000010000100000001101000000000100000010010000000001100001010
001000100000000000000000111000001011010001100000000010000001000101011000100100011010010000100001100010010000110001000011000000000000000011010100000000000010010011000000001001010100100011000100000000001000101001001000000000000100000000011010100100000000001110111001000100000100010001000110100000000001001000010000100000110000000000000001100000011010000000011000100110000100000000000000000000
000010110010000000001000101000000100001110010000010000000100100001111100000001000001000101010010000000000000010000100001010001000000011001101011010110111100000100000000001101010011001010000000100000100001010101000101011100100000011101101000010100010110100101000000000010000001000010000001010101000000100010001000101010100100000010110001101000010110010010000010010011010000100100100010000100
001110000010101100100101000100001101101100000000000000000010101100000000001000000000000000110101101000000000001000010100000000001010100100111000010010000001001001000100010000001000010100100101101000011000101001000000110010100101100000001100000100001001100100010000000010000000100000011100010100000100010000001001110000001100001000001010110000010000010000100000000000010100010010010000011100
111000110000010000011010000010010011000001000100010001001000001011100000001001000010101010001000100001000100001000010000101000000000000000000101001100111000010001001000110001001010000001110001001000100000000001100000011000010010111000000000100010010111001100000001011111000101001101101000010000111000000101000000110010100100010101100010101001101000110000100000000010000010000010000110000000
110001000001010000100000001000000001001000010100000010101001010000011010000001100010100100100001001100000000001100100001001010000000000000011100010100000010100000101000101011100000000000111010000100000011000001111000010010100000100100110101111000000010001100010100000011000011101001001111000000010011100110101000001100001000000011010001010000000010000000110001000010000000000100001001000000
000100000000010110011010101100000001000010101100000110000101010000101100010011000000010001000101001001110000101010100011000100110000111000000010000010100000110100001100100000000001000000000100000000000001010000000000001011000101111110100000010010101001000001101000010000000101100101100100010000111000011000000001010100000000000101001000010100000101001000000000010000010011100000011001110000
000110000001000000000001000100010001010010100001010010010000100001000001001010100111100000100000100101100001010000010110000000010010000000000100000100110001000000100000000010001001111100000010100000011010010000100010000000111000100100000000100000100000000000011000101011000010100000110101001000010001000000000000100011100000000000111001100000000010010000000000100000100101010000100100001000
110000000011000011000000000000001000000000000000100101110010010001000100000000000000010111100000010000010001100000000010000000100000110010000001000011000100100100100000010101000100000000010100010000011000111100100000010000000010000100100001000100000100010100000001101010010000101000000111000000100000000110010100000000010000010000000000011001000001000000001010000000001001000010000010000010
010110000000000000000100000000000000110000010000010000100000000000110010001000000101000001110000011100000000010000001010000000001001000000001010000010010010010111000101000000000100000110100010000110000001000001001000000001000000001011000010000000000101000110000000000000010000100010000000100100000001000001001100000001011000110000000000000100000001100000001001011001000000011101010000010001
110000111010001100000100000000000011000000011000010000000000011100110100010101000010000000011000001100000110001100000010000100010000101011001010101111000100000001000000001010010010100000010100000011000100000011011110001000010001101100010000011000000100000100000100000000011000010000000000010000011000000000101010000001001010000100010000000001100000000010000110000001010000010000100000000100
001000000100000110101000100010101000100001100100000100000011000010001000000000110000001000101011000011100011100000001011100010011011010010011001100100100001110100010000000000010000000011000100100000001000011000000100100000000000100110000011000010110000000001010001010100100000001001110110100100000000100001110111101100110000000011110000100010000000000011000001000000000010000000000010001000
110100100000000000001010000000000000000001011010000001001000000000010000000000000000010000110000000000000100000000100000011000100111000100000001010000001110100000110000100000000100110000000011001011100011110000000000010100000000011000000111100010000001001000000101010010000111101001110000010000000000000000111001000110000001011000100011010000100010001100100001110000010100000010010000101000
000001000000011101100011011100011001000001000111010010011101100010000010000000001010000010000000000001110010100000000000101101100001000011000010110000101001001000000001010000000000000000100000000000010101000010000000001001000100100011000000000010100011100000000100000000000001001101000100100100010001000000000100000000000000011101000000000000001001000000000000000010001001001001001101010010
000011110010001100000000100011000110010000000000000001001100010101000100000101000111000011000010101100000001000001000110000000110010000000000000011001000100000000100000010001010101010011001001000001100100100010000100000100000000000010010000110100001110000000000000100010000000000000101011000000011010000010001000000010111100000000001000000000100000000010000000110000001000100000010001001110
010001011000000010100010000011000000000100001010000010000100110000101010100001110111110100100001110000010000001100011010000100100110001001100000000000100110010010010000000000000100100101010010000100100000011000100000100100000000001000110000001101000000001010001000101000100000100001010101000110011000101001000100000001000001100000001100001010111110100001000100000001000000110001011101001010
011101100000110010000000000001000000011110100110000000010001000101000001001110110000000010100000000000000000001000000001010010000011100011111100110000010111000000111011000100000000000011000000101101000001100000010000000000010100000100010111000001010001001100110000000000000100101010100001100000000000100000000100100010010100000110000000000000110010010101010001000000000000001000010010000000
000010100110010100000000111000001110000001000010110001010000001010001000000010110000010000010000000001000000000000000000100000000000000000100011000000001000000000100000101001100000111000000010110010010000000010010000000000000010000010000010000000000000000010000010000001001010100000010011000000000110010101000000000000000110000000000001011010000010000101101001010100011000001000001010100000
001000100011000100100010000111000101000001100000001000010010001110010010000111101100001000000000100010001000000110000000000100001000000000100010010000000001010000000001100010000000000011011000000010000000100001000000000010000000100000000000011000000001000101100001000000000000010000001000000000100010000000000100000000000000000000011000000000000010000000100010100000001100010011111001000100
110000001011000110110001010000100001000001000000110101000110101000001000010100000000000100100110001000100000001100001000010001000000100000000001000000000100000000100000100010000010000000100000000000100000110000000000010001000000000001000010010000000001000110110001000010011001010000000100000100100000000001000010001000000001000001000100010010110000000010000000000000000001010000000000010000
000001010110000010001110000000001000100001000001001000111001010000110110110111001000001000000010000001000100000000100100010101000011000000100100000000000110111101100100100001000000001010000001000011000001011000001001001001111000100110100000101000100101110000001010001010000001100100010100100001000000011000100011001000000000100100100011110100101000000000011001001100001001100000010001001001
000000001000000000110000000101000000011000000010001110100000110000100010101010000011000000001100000000000001010000000000110100000010000110010001000101000011000100000000100000001011100001001000001000011000000001110010000001000000000000100000000100000000010000000001101010100011000100000100000000000000000000000100000000000001001000100010000100000000100010011010000100100011000101100111000001
000011000001110110000010010000010001101000010001101100010110000010000000000100000011000000000110010011001000001011000100001001000110100101000001100010001000100000100001010001000000000000000100100000000010010001001110100000010010000001011001000000000010000011000100010000000001100110011000000001100010001001001100000000000000000000000000010010101100001000100100100000010000000111111010000001
000000000001100000000000100100011100000000000100000100000001000001000000100000011100100000110000100000000010100110000000100000010010000110111000000000000011100010000100001100100100110010001001001000000101101000000101000000001111000000001000110000001010100010101010010000000000001010100001001000000000001100000000000000101001000000010000100011010000000000000001001000000000000000010110000100
100000000000100010000010000100000001000010100101000000100101001010100000001000000010100000100010010000000001101001001100000010001000000000000001011000000000010011001000001000100000010001000001100000011001000000000100010010001000100010001000110100001000001110110100010011011001000011000100001100000010101100000010000000010010000000010001000000000000000000001000011000001000000000100000000000
010000000101101100010000010001011100000000000111010111101000000000000010011000100001001000000000101010000000010000000000000000000010010000111001000000110110000010000001001000000011110010000000100001001010000101110000111001100011100001000000110010011110000000010001000000001000100011001001000000100000000101100101011001000110000000001100010001100000001100111111101001100101001000000000010000
010001011101000010001100100000000000000101001011000000100011101000100000011000000000000000000010000010001000000000000000100011001000010000100010010000011100000000000010000110011001001001001010001000000000000000110010100000000110000010001001000000000100001000001000000000000010001010100010001000000000010011000011000001100000000101000101100110010000000011000000010000000111010001010010000010
100000100000000100001000110010000001010001110001000000000100000000000000010001000010010110110001101100000000000001001001010000000000000000100010001000000011100000100010000001111000000000110001110000100000000000000000110000100010100000010000011000000000100001010100000100001000010100000101001001000010001001000101000010000000001000000100110101000010000000010100100000000110001000011000001000
001101100101001000010101011000000000000100101101000011100010000000000010000000001000000000010001000010100101010000000010000000000000000000000000000000010010000000100001010000000001100000001000010001000100000000000101110010000100011010000101001001000001000001000000000100100000000001100000000011100010001011000000000000100000010100001100000100011001010100000001000001100011000101010100000001
101000001101001000000110011110010010000000001011000111100100000100000000010000000010000000000001010000100101000001010101001011100010110000110111000000110100010000010100000000000000000000100000000000000001110100110101100000000000100000111101101000001000000000000000000010011111101001100000000100000100010010000000010110101001101110100001011100111001000001000001000000011000000010000011001101
000001000110010000000100000001001101000000000010000100101001000000011000101100000111110100001001111100001011100010001110001001001000001111010010000100001110000000011010111010001000000000000100101110001000011100000000001000000000001100000011000000001010010110001010001001100101011000000011010000010100001100000010000000000001000001000000100000000000001000001010100001000000100000110111000111
000101000001000000001011001000000000000000110001000101000110000100000011000000011000000000000110000000001011000001000111001010101000111001000010010001000000100101011000011101100111100000001000000100001010110000101001100011000001000001010100000110010100000000000000000000000100000000011000100000000011000000000000001000000000010000001100000010101010000000000011000110100000001001000100000100
000100000100001000001011111110000011000001000010000010001000000000001011000011010000001011000001000000000000001001111000000100000001100110000000000100000000111000000000000001001000100000000001000000000100000000010011000100000000110010010010101010000000110010100100011001100100000000000000010010000000111001000000001001001000010100010100001000000000001001000000100010000100100100000001000100
001000100100100110111100000101000011000010000000000010000000010011001001001101100100000100010001010000100100000100000000101001100000001000000000110000100000000100110000100000011110001000010000000100000000000001100000000110000010100000100000000000000000001001000000010000000000010000001000000000000010001000000000101000101001001010000100101011000010001001000000111000000010000000100000000000
000010000000100001011011010000000001010001001000010000100010100010000010001001110000000000100000010010100001100000011011100000000100000000010001000100101001000010000000000000011110011110000011000001100010001000001010000000000000001000010111100010101000100010001000101100000000001000000001100000000000100111000000000000011110000000100000001000000101110010001000000000000011000101110000001000
000000010000100000000000000100000010000001111010000000001000001100000001101010100100101000010001000001000001100000000111000000100000000000000010001001000010101001001101000110011000101000000000000001100000000000100000000000000000000110000100000010001110100100000000000101001011000001000100010001000010000000010000000000000010000000100000000000010100100011000000000010000100000100000011101000
000000011010000010100110000000100000110001001000000010110000000001101100100000100000001100000010101011000001011101000011001000000001001000000000010000101111000000001100000010000000010100000000100001000001010100000001001101000000001000000000110100001100001000100000010000010000000000000100110110001000100000000001001000010000001110000000001000011100010000000000001110111000000000001100101000
111001000000000000101100110001011001000010000000000001010101100000000010111000001000011000000100000010110000001010000000100100101001100101001010001011000000110010000000000000100001010001001110000000000010001100000010000000100100010111000111000000000000001000011010000000000000000000000000010100000001101100001010100000000000000100010101000000000111000011000000000001100001001000000001010110
111100110000101000000000001101010110111110001100000000100110011010000001000001000000000000101000010011000000101010110000000000100000011001000000100000000000000001000000000001010001100000001010100001000000100000000100110000100001100000100000010100000001110000000010101000000100000100000110000000110011000001000101000100101100001000010000010000100100100100000000000000001100000001001001010010
000000000000001000000010001000000000001000000000000000000001011100000000000010000001000000100100010001010100000001010001000000010010001110000011000010000000100010001000000000100011010000000000000010101000000010000001000000111000000001000100000000010000000110000000101100110000010000001000001000100100010000000000000010010001000010000110001101001110010111000000100000000101000001001001000000
001001101000010010010110001001100000010000000100000000000001000000100011010010000011000000000101000100000000000000000000010000000000011010000100000010101000000000010010100000010000000000000000000100011011100010000000000000000100000000011101100000110000000000000110000000000011000000000000000011000100000000100001100101010110000000101000101000100100100000000000000010000010001010100000000001
111001000000111011010000000010010000001011010001100110000100000100000110100101001001010001110000100110000011001001011000001000000001000010000000001101000010000000100000000001010000100000110000001000011000000000100010000000011000100010100100000100100001001100111001001001110000101000000000010100000010001010010101100000000000101101000111000000010101001110100100011101110101000000000100000100
001101001001000000001010010001101110010100010000101100000000000010000000001100110001000000000000001101100000010010000001001010100000000000000000001011000000010011000110001010000101001111010001100011101010000001100100100101000011000000110100000100000000100100000010000001000100000000000001100000110001011000000000000000000000100011000000001100000011000000000000000000110010001000000100000010
100000000110011010000100010000001000010100100000100100000000100111100001101001001000110010000000000111000000000100110000001011000010010000100010101100100010000010000001000000010000010001000001101110010100000000000110100011010010010000000110100010000000100001010100100000000010101000101101010101001100010011100011101000000000100010010100000100000010101011000000101000100001001000110000011000
001101000010100000000110001000001101000001000000010000000000010001001000101001000100000010010010101010001010000001000001010100101001000001010011100000000101001011000011011000001000010100001011000000000000000111100110001010000000111010010010100000000100000010000000010110101011101100001000011000000000110010001000001000101010010000000010000000001010101001010111000000001000000000101110110000
000110100011000010101000000001010000001010011010001000110000000010101110000000100000001010101100000111000010100101001010000000101001001110001010000000001101010000000100110100100000001000011001001101101000101000000001001101000011010000000001000001001001010101100001000000011100000100001110101001110001000001010000000011001001010000000000010001000001001100010000001001000101000000100000000000
100000011010000010000010001000000111000010010010011111000000000000000000000000001010000000001000000000100000000000001110001100000110010101110010011001011011000110000000001000000001011110000100000000110100100100000001111000001100000001100100010001000000010001001000001011000111010100000100000000100001101111100000001010000111100100100100010000100000101001000000000111000001100101001001010010
100000100000001000010001000001000000000101010000100110001001000010000011110100111111000100000010010001000000001000111001000000001001010101010000100001000001000100000010000000101110010101000100000000010000001001000101000000000001011000010000110111010000011011000001100000000010100001000010100000100000000001010100001000000010011100100110010110000110000000001101000000110011000001010101010010
000000001000000101001000000110000000101000000001000000011000010100000100001101000010100000000010000010110000000010000000010000000000001000100000000111000010000000001110000000100000001000000000010001101000000010000000101010001100000010000000000000011010000000000000000101100001000011000000000011010000010101000110010000000000000001001001001101000000000001100000000110101000000101000001001011
100010000100000001000000110001100100000000000010001100000010100000000011100100000001001100000000001001010011001000011000000100000000101100001000010011000001010100110000010010001000001000000100011101010010100101111100000011000000000011111100101000101010000110000100000100100001010100000000101000100000000011000001000000000100101000100110110001001000010001011100110101010000100001001100000010
111001000001001000000010100010001011001001010000010101000101000100110000000000100100000000001011101000001100000000110001100000001010010100001100001000001001011101001010110000000001010101010000010000000010100000110100000001010000110001101101010001000100000000000100001011001000000010010101100000001110000010100001000010000000111100000000100010001000000000111010000000010101000000000000100110
000000001000110000000000000010000100001000000110100000000010000100100100001100000000100010010001000000000001000000001100000010000000100100000000101010100010000000000001011001000000000010010000100100000011100110000001000000100001000000010000010010000010010010000000100101000100010011010100001000000100000000010110100001001000100001010101100000000100000010000000000001010001000101010010000001
000100000000000110001000010100000001010011000101000010000000100001000000000101001010001000000001000000011000001001000011000001011000000000000100001100001110000100100001000100000000000000000100000010110000100000000100100000000010001001001000000010101110000010010000010000000000000100110010000000000001010000000000001010000100000100000000010001000000001001010100000000000000001101000000011000
000000100010000000110000001000000110000011110111100001011100001000000000001010000011001100001100110000101000100100011010000101110101000000011000100000000010001000000000101000010100010001001010000000001100010100011110001001011110000010001010000000000000100100100100001100000000000000000000001000110001000000010000000000010000000000000101010000010010000000101000011100010101000000000000100000
000001000010100010000000000000100011000001101010001100010000000100000001000101101000011001000000000011000010010100101010001000000011000100001010100010000000010000110011001000000010000000000110101001100011100000101000001001010000010010100100000000000001001000010000000000100100110110100000010000010000000000000001101100100101100000000000000000110000000101011100001101000100100110001010000100
111010011001000011000110010001001000000000000100000100000110001000000000010000100110000100010100010000000001011101001100101010001000000000101000100010001000000000001000010001010011100100000001000100000100000101000000101101000101100011011000001010100000000000000100011000000000000110110010001000001001101001000000001100000100000110011101000011110100001000110100000110001010101010001100000101
100100100100001001010010001000000100000000000100001100101010010101000000100000000000001010010100000000000000100010010101000101100001000110000101110010000100011010001100000000000000000110000101000000000010001000111101100100100000101100110000000010010001100001100000000010001010001110101100101100001000001010011000000000111000001000010100001010001000000000000110000000000100000111000011001100
000000000000001100101100001001001101000010000000100000100110100100001100000000010010010000100001000001000000100001010000000000110110000010000000101000100100101001001001100111110010000000110000010110011000011100000011000111000000000000000011100001111000100001010000011000110110000010001000000000000000011100001000011111000001011100100000000000000000000010000001001000000000000011001010110010
101000001001101100100101100000010001001100000001011000000001101110001010100010110010011010001000000111000000001100000000000001001010001000001100000001001000010011010000010000000110000010000100010001110000000000111100001100000101000011010001100000000100000110110000110001000100100101010011010011001100100001001000010010000010000000100100010100010100000000001110010010000000000000001000010000
100101100001111100000000011000000000000000001001010100111010000010010011100001100000000000001000000001100011001000000000110000000010001010000100000100010000001001001000010000001101110100110000010010100000001001101010101000110000010000001000000110010001000101000000000010011000110110100000000010110100000100001101000000010010000000001100000010101011100011100000110000010010000000000011100110
100101010100100110010100000010100000010100010000001100110000110101001000001001010000000001011001000010010010000000010000000101000101011100100000101000001000001000010010011100100000010100000111001110000000011001010010001000010000010010001000000000000000000000010000010001011100000010000110010100001000000000001000111110110000010001001000001010010000001000110010100000001000010000000010010010
110010100000010110000000001001010000000000000111101010100100000100100011000100101010010010000010010001000011100011010000100000100000000000000001010000011100000000100010000000010000100010000100000000111101000000010001001000110110000010101000000110000100000001100000010001000000000110101000100010001010000000010111010100101000010000011000001000000100010000011000000000001100000001100001101000
010100000100100001100100000000111000100001001000101100000000100010001000010001100010000100011110100001100011000000000010100000001000000100100000110000000010000010000011010000110000100001010000000101100100001100100000000000010000101000000001101011001000000000000000000000110000110001110000101000000001001000001000101000000110010010000111100000010000001000100101000000000010000000000000010000
001000001101000010000000100010010010111011011000001010011101001000000001100000000000001010000100010000000011110000000000000000001000101000000001000000010010110000001000000000010100010000000101010000100000011000111001011100100010000000000010010000101000001100010000000000001001001110000101101000001110101000000010100110101001110010000011100000010001001101110000000001010001000000001010110001
000010010000000001000000000001100001000000110101000001000010001000100000001000001001000000000010010000000000010000000000000010010000110100111000101010000001010000010000000010010000000010100010001000010000000011000010010010000001000100010101001000100010000010010000110000000100000001100111000000000000100010010000001010010000101100110011101011001000000010010000000111000000000000000110001010
000100010000010100000000101010010000110011100111100001000000000010111000010010001010110010000001000000100000001000001000000001111000101001001111000000010001100000111110000001000000011000000000111010001100010001111001000000000000101010110001000000000101001100000100000000100001000001000100110100000100001001000010101011000100101100000110101100000000101000010011000000000010001100000010000011
000100000000000010001101000010000000101001000000001000100100000010001001110000001100001000010110100010000000000000100000110001011111010010001010000001001101000010000011000100000000000000000101000010011000000001000000001001011001000111100111100011000110110000000000000110000010101100110010001011001011100000110001100000000011000000000101000101110011001110001000011010010001100010010100101010
000000100000100011000001000010000000110001000000001000010000001000100000100000101000100000000001001000011100011000000011000000111010000000000000001011001100001111000000010000001110010000001011100010000000000000110000000111000001000010000000000010000000100000000000000010000010111000101000100001100000011100100000000100100000100000000010101110100000010100000001000000100111000010000010100000
000110010000000000000001001000111000000011000001010000100010000000010101011010011011100001101110000101101000110000110010000000000000100010100001000000000010010000000000000010111000010011110000011010001011101110000000010000110100000011100000000000000101000100001011000010010000000011010000001000111010100001000110110010000101000001000000000101100111000111111010001000010000001000000000010001
100000100010000000100010011010100001000001000001000000011100000101101111110100000000111000000000100000100100010000100000001000000001000010000001000010010010000000010000000100101001010100001000101010011010011100010000000101010100100001010000000010000001010010000100010100100000001110110000011101001000000000000010000001100000001000010001000010000011001000100100000000100000000000000000010010
110000000000100100001000000010010000011110000110100101101100000000100001000110000000100000000100000010000110100000010000010000100000100000000001100101001000000101000000010000111000000001000000000000111010000100010000001000001010100000001000001000100001001100110111010000110000100100010000000000110000100000000000000001000000100000001000000001001000000000000000000000000000100000010010010011
000011000001101100001000001001001100001000010000000000000010011000000100100101101000010000100000100010110001010100001000001000000000001001000010000000010010001110011000001001100000000001000000000110111000000000101010000100110000010010001100101000001000000000010000101000001000100011101010010000001010000001000100000000110100011001000001010100100000000000000001000000001000100010001110010000
100001000010001000011001100100000000000000100100001011000101010110001000010000000000000000010001100101000010100100000100100000001000001100000000000000010110011001000000110010000010010001001101000001100001000010000001001000000001100100000011000000000100011000101010000010110010000010010000100001100000000000011001110000000001000000010011000101001000000000001110000001010010000000011010101000
