100100010010000000100000101000100000010100001001000000000000
011000000000100000000000100010010010001101000000100010001010
000101010011001001000001001000001111000000101000001001010000
000101000010000100000000010100000010000100101100000000001000
100001000110001000010000100010100000000001011100000100101000
000010010000011000000010001001001010010010100010001100010010
001110000000001000001000101010001000000001010011001010000000
100110100110000001000100000010101101000000000010010000101000
001000010011001000000000000010100011000000010000000100011000
011010100000000110000000000001010000011101010000000011000000
101001011000000001000000010010001000010000010010110010100000
000000101000010000101000000000000100010010110010000111000000
000000001100000110000000000010000111000100001000000001000001
110111001000000011000000000010010000100000010100010000000101
000001010001000011100000100000000000001110001000101000000110
000111001101010010100000010000000000000100111000100000010000
000010001000000110000010000000011000110100000010100000000000
001100000000000000000000001000010000000110110111010100110001
000010100001010100010100000000000001110000000100001001000000
010100000001100000010001100010000100000100010001001000110101
000001100001100110001000000000010000101000000000010000000011
010100101000010110000010000010000000010000000011000000101101
100010100100000011000010000100000110001000000000100100001100
010000000010000000001000111100011100000011000001010110101000
000010000000000001001110010000011010000000001001100000000000
000101010000000001001000011000000000011000000101100000010001
000101000001101110000000000000000001010000000000000010010001
001100001000000000000100001001100010000001011001001000010111
011100000000000000100000001011101000000000000111110010001011
000001100000000011000000000010001001000010100000001100010100
000110010000000000100000100010100100011000001100001001000001
100001000010000010001000010000011000011001000010011100000000
000100100100000100010000100000010000101000001110011110100000
000000001100000001001101111000100000000100100000100010010101
000000100000010010010000010010010111000000000000000000001001
001010010110000010010001000010101100000000000010001101000010
010101010010010000100000010001011000000000010000001001000000
000000010000010100100110101000001000001000001101001001101010
000001000011100010010000011000010010001000100000100000000101
010000100110000000010100100000000110000100001100011000000010
010101000100000000000000010000000001000000001000110000011001
000000000001000001000110110000100010000000001000100100000001
100000000110100110000001000000000100000001010010110110000100
000101100100000110000100000100110000000000011010000101000000
000100010110000000000000010000000100100001100011010000000100
000010010100000100010110000001010000000001000000100001111110
100001100100000001111000100000001000000000000010001000001001
100000010011000000000001001000000110001000100011110101000001
000000101001010011000010000110001000000000000000010010000010
100101000100000000000000010100010011010000000000100100010001
000000000001001001000010000001000100100000000100011100000010
000010000001010001010010000100001100000010011001000110000000
001101000000001000100110000000010110101000010000000000000001
000100100100101100100010101001010000100011100100000000000001
001000000100000101000001000100100010010010001000001000010000
000000100000000000001110100000000010000000100011000010010010
100101110000001100000101010000011000010000000101000010100010
000000101001100011001000111000100000000000010000111010001010
001101100000000000010101001111001010000010000000010010000010
110000100000100001001000101000000000101000001000010000100000
000001000000001000010011000010001000000010001101000000010000
010010010000001001000100100010010110101000010011001000001000
100100001000001000100010010000000010011000000000001000100000
000001010100100001000010100000000001011000001010010000000000
100000100000000001000001010100011100100101000001000000011000
010000000000011001011110001001000011001101000011000000000100
000101000100100000001010100100001000000000000000010010011101
001100000100000000001010100000001010010110000011100000010000
101101000000001110001000000100000010100100010001000100010000
010000000100000000000010101000000100000001001010000100111000
100100100000000000000100110110100100100000100110000000001000
000011100001010000001010110011000000100100000000000100000100
000000000001000000011000100001100001110000000100010001000100
001000001000000000000000010110100101000000101001000001010000
000001100101001001000001010000001000000000101010110000110100
010000000000000001001100000100001010111000110000110001000000
000000100000000101001000000101000000000000000100011000011010
001000001010110001000000000000000011010110000000100000010010
010011000011010001010000000000000011000010011010010010100000
000110010010000100010001000001000000010000001011110010011010
000100000000000011000000000000011001001111100110000000001110
000000000001100000100010110000110010001001100010000000010001
010010101001001100100000101000110000000001011100000000000001
010000000010101110000000010100110000010000000100000100100010
000001100000000001001101000000000001000100111110000000010000
000101000100100101000100001100011000010000101000001001000000
000000111001000000100100000100110000000000001001100000001000
000010100000001010100000001101000110000001110000010100000001
000010110100001000000110000000000100000010000100000010000100
010000000100000110000001111010000100100010000000000000100000
000000110001000100100100001011001001100001110000000110001000
000100010000110011011001000000010010100000000000010000010011
000111000011000010110000010000000000000000110000110000010001
000001001100010000010001000000000010101100010100001000100000
001100010000000001101110010110000000010010000001000010111000
000000010111000000100000000100000100001011001010000100000000
001010000011000110000000000001011000001000000010010101011000
111000010000000011000010000100000000000000001110111000001010
100000111100001010100100000000000100000001000110000110000001
000000000001001001010000000011100001000000100010010001000100
