0100000010
0100101000
0010001010
0001100000
0001001010
0001011000
0001001000
1000101000
0101010000
0001010000
0010010100
1000010000
1000000110
0001000010
0010000110
0001110000
0010001001
1000001000
0000001010
1000000001
0000011000
0110000000
0010100000
0000100100
1100001000
1010000000
1010000001
0100000001
0100011000
1110000000
0110001000
1000010010
0000101001
0010001000
0000100101
0001000011
0101000100
0000010010
0010100010
0100010000
0001000110
1001000100
0000010100
0011010000
0000110000
0100010100
1000100100
0100100000
0011100000
0101000000
0010010000
0001000100
0010010010
0000110001
0110000100
0000101000
1100100000
0111000000
1000100001
0100110000
0100000100
0000011100
0100000101
1000011000
1000001001
0100100010
0001010100
1000010001
0000011010
1010100000
0000001100
0010000011
0001000001
0100001001
1101000000
0101000001
0010011000
0110100000
0000100001
0000100010
0100001010
0001000101
1001000000
0101000010
1000110000
0000010001
0000001011
0000000110
0100001000
1100000000
0010000010
0000000101
0010000100
0110010000
1000000010
1100000100
0110000001
0000001001
0000001110
0000010101
