10000011001011001010001100110000100100000000001001101000000111000000010000010000010000011000000000000000011100000100000000000000001001000001010001000100000000010011000000000011000000000100011000000000000001010111010100011010111110001000000110010100010010100010010100010010101110000000100100
10101100010110001000000000000000000010001100100000000001000010000100001000001000000011001100010000000100000000000110000100011000010000101000101010001000000010111101000000100001000110000110000000011001000100000110000100000101000010000000010010000000000010010101100000001011001000000001000000
00111000000000001000000100110000000101001100000001110001000000000010100001001001000010000000001000000101010100100010000100110000001000000010000000000100000010100010000010010000000010000000001100010000000001000010000000001100000100000011000000100000001000101100000101100101100010011001010000
00000001001000010110000010100000100010110000000001011010001100100000110000100010000100000101101000011000000010001100110110000001000000000000000000010010000000010000010101000000110001000000000000101100000000000110000001000010000000000010110000101100010000000110000000010000000001000000000000
11100110000000000101010000000110000000001000001001010001000000000001100001001001100100000010010001100110010011000110000101111010001001000010000000000000100001101010000000000000000000011001010000110100000000001011110000010000001010001010001100000001000110100101000000100010010000001000011000
10001001000000100110000100001000100001010001000001000100000001110000000010000010100010000000110000001000100000000010100011000000010000100010000100010001100000010000001100001010110010000010000000100100100100000000010100000100000011000010110000010010100000100110110000011010001010001000010001
00001000010010100110010110001010000100100000000001000000010101001100010000000000001001000010001000000010001001000000000100001110100000000001000000110000100011010000000000001010100010100000001000000001100000000000110000010000000000011010100110000001000000000000010100100001100000010011010111
01000100000100000010000110000000000000000001000110101010100000100000000000000000100011010110000000100000000000001100001011010000100011000101101110000001000100101100000110100000000001101001000101000010100000000100101000001000000101010010100000000000000000001101000100000000000010011000101000
01100100001000100010000001000000000000000010000000110000010000001000000000110010000010000000001000110010100000000001001000000000010001010110000010000000000000001010010000010000001110100010000000001110000000000000000001100101000000000110001100010010000000000101000001000000010100000101010000
00010000100001101000010100000000100000010001001100000100000100100000100000000001001000000011000000001000001010000000000010100000000001110100000111100001000010011010100000010100010000100001000001010000001010000010000000000000100000000001100001000000001110100011000000000001100000010011011010
10001000000011010000010000100001100010001101110100000001010000101000000110000000100100000010001010100000010001100010010000000010011000001011101010010011000111011001000010011011000001011011001001000000110110000001001000101000110100000000000000111000000001000001100000011010000000000010010110
10100001100100000000100000000101100000100010010001001000000000000001001010000001000001100000000011000000100000000000010001011000011000000010000000101000010001100100011000000000010101000110010000001000000010000010001000000000000100010100000101000000000000010001000100000001000000101000000011
00000100000000000001100000000010000100000001000000010010100010000000100000100100010000100000001000010000100000100000000100000100000100000000100101001001000010100000001110011000000001000000000010000100100001110000100010000100000001000111000000011000000100110000100001001010000010000000000011
00000000001000000000000011000000010110011011000001000000000100000010010110001000000000011000001000100110000000000100010000000001000001010011001100011000101000100001001011000000000010000001000100000000010000001000100100100000100000011101110010100100000010001010110100000010000000110110000100
00101100001100001110000100001000000000000001000001000000010100100000111100000100010000000110000100000011000100000100010010001100001101000000001000001000000000000000010001000001000010001000100100100000000010000001010100000000010000000000000100000010000000000011000110000010000000000111110100
01101000010000110100101000100100000000001011000000100010000000010100101010110001010000001001001010010001101000101101010000001001100010110001110001001000000001000000011111000101011100000100000010001100000000001000010001011010110100011100000000100000011000010000000000100000000100101001000000
00000000010100001000000100100010000010110110110100010000000110000100001000000000100001000010000001110000001010010000000000010000001101111010001110000010000000001000010100000000001000001101100000110000000110101000100000001011000000010000110001000000010100100000000101111001101011100000100000
00110000001000001000100110011010000000010101000000001001000000000001001011000000100100000001000000000000111100000010100000001100000100000000001000100010000000100010001110010011000001000000010000110000100001000000101100101000000101000001001000001000010011000000000000001010000000000000000010
00000100000101000010001010000001001001000011010010000010010101010011100001100100100100000011000000100000100000011000100000000001000101101010010000000000000100000010101000000111010000000100111000010101001010000001100101000110101000100001010100001100000010010000100001010000000001000001001000
00000011000000000011001110000110000001000011011100010000000111100000100010000101100000101001001001001000011011110001000000101001010100010001010000000011000000000000000101000010000001001000000000010000010101101000000110010000000110000001000001000000011010000000110100000101010011010000000000
00010101010000010000101010001011001000100000010100110101000000000100001000000110010000011001000000001100001001100000100001011010000000110000000101000001111000111010001101000001000000100000100000000000101100001000100110000000011000010000100100001001001001000000001000010000010001000010000000
10000100001001010000000100001001110000000000001000000011000010001000010001010000000000001000100001000010000000001010000111010010000011010000001010000010000010100100001000000000000000000110001111100000000000100000000000010000010001001100000100101100010011011010010000101001001001000011001001
00000001000001000100100000001010000010110000100100100010000011000000000101010010011001100100000010010001000000000001000000100000100000000000000011110100011010000001000010000000001000001000000010010001000001000000000000101000000010011000000100000000001010000000101000000000100000000100101100
00010100010010100001100000000100011011000100000100011001000100000000110000010101000001100000010011001000000000000010011000001101000100100000100000100000010000000000000000001000001011000000000110000000000001000110001101100010110000000010010000000010010100001100000010100100001001000000111000
01000010110000000010001000000010000100101010000000000000110000000101000101010011000100010011010000001000100010000100000010000000100000100100001000100100000100001000000010101100001001010000100101111000001000101011000000000000000110100010010000001100001000000010010000000101100001100101000000
00000010001011000000100000010000110000000100000011000011000000100010000100000011000000000100011001100001101000001010000000010000000000011000001010000000000000000000000110000000101000000000100010101010001000000000000101000000010010000110010001110110000010100000000001000010011000001101000000
00110000000111000110000001100010001101100101011110000001001010000001110000000000011110000000100001100100100001010010000000010000000100110011001110000011000000010000000110100110001000000000000110100100011001000000001010010000000010100000010101000001001000100000010000001100010100101001011010
00010000100010001000000101101010000101101011110000110110000011000010110000111010000000001000000000000111001001100110010100000110010110010100000100000100000001100111001000000100000010101001011000000001000000000000000001100011000000011000010000100100011010000000000010001000000000010000000000
00001000101000000000000101000000000100000000000000001000000000110000001000100000100001010000000000000010000110100000001000000100010001110010100100100100001000000100010100010011111000000000001110001000010000000000000000100001010100010000010001000000000110100000000010000000000000001000001010
01000001000000001100000110001010110000001000011101000100010000000000000010000000001011101000000011000001001010000000000101001000100000000000011100000100000000101100000000001100000100101000100000001100100001110010000001100000000000000010010000000000111100001000010010100100001010000000010000
00000000000001000000001000100100000110000010001000001000100101001000000101000010000001000000001000000000001000000100001000100000110011011000000000000000111000111000000000000001010101000000001101000001000000001000000100010001000011011110001101000000001000000000000001000000000000000010000100
00000000010010100100000100010000011011010000001100010000101010000000001000000100100000000110000000100010100000000001100110000010000001101000010100010110000100110010101011000001000001000001000100100001000000010110001000010101000001001100000000111000000100010000000000101000010000000001000000
01000000010001000001010000011000000010001110011001000000001000100111011001001110000010100001001100000100101000000100010101011110000010000001001000001000010100010000100001000001000011000100001101100000011010010101000100011010000010100001001000100010000000101001100000000100101000001110100000
11100100011010101100000000100000001000110000100110101010000101100010000000000010000000001000000000000000001100010100010100011110010100000000001110010110000101110101100100000010101111000000010100100111100010011011001010000000010000100000000001000000001100001101100100100001000001000000000011
00011000000100100000000000001011001000100010000000001000100001101000000100000000100001000101000001001110000000010000100000000111010000101000101000100001110000001010100000100001000011100000000000100101000100010000000100000010000101010011000001001001110010010000001010010000001100010000001000
01000101010011000000100011110000000000010000010001011110101001100000000100001010000000000010011000100000000111000000000101000010000000110100100100100010101000000101100010000010010000100100100001100000000110100100000011010100000000101001011101000001111000000000000100100000100000000010001000
00011001011010100000000000000000000010101000000100110000010000110000100000000001000000001001000001110001000000110001010000001101000000000000000010010000101000100110000001000010010101000000000000100000000000101000000001000100101001000000011000000000000000000000000100001010000100010000111110
00000000010000100000000000011010010000000100000001100000001000011000000000110010001110000000000001110000000000000000100000010000000010000100000000100100100000000010000010010111000000001000100010000000010000100000000000000100100000100000000000110011000011010000011011000000000010001110000110
00000000000000110000000110000000100000001000100000100001101001010001001000100100110001000000000000000010000000000000001000000000101000010000000000001000010011000101010110010100001100111000100001000000011000000001000010100100000100001100100000101000101001100001100010000000010101001100000000
10100000010000110000010000000001000010010100101000101000010110000000000010001010001000010010000000001101011011100000000001000001000101000000000010000010000100010001000000100100001001000000010100001110110000000110010001000000111100001001000100000000000000000100101100010001111100011000100010
00101001000000000101010011011100011010000000010000000000100000000100100011100001000011000001000000010100011000001100010100000010010001100001001000000001010001000000000000000000001110000000100000000010011010001010100101001001000100001110000000000010000001000000000000100110000111101000101001
00000010000100000100000000100000000000000001001000001100000100001000000100000010000001000100100001101010010000001001000000001000000101001001010100110000000001100001010010000000000010001011000110101011010000001100100000100000000010000000000001000000101000000000101100100000000000000001110000
01000000010000010000010000100000000100010110000000100001000000010001001000001000011010001111011110110100010110100101000100011000001100010001000001010000000001000010001010000000001000111010100000000010000010000010001001000010110000001100001011110110001010011000110000000000100011011100010000
00000100110000000001010111100000000000110000000000000010011000000000001000000100001000000000010000011011000100001000101010011010010010011011110000000000100000011100000000010000100000010000100100100100000100001000010000001100100000000010000110001001000000000000000000001010000010011101001010
00100000110000010100000100010000101100010101101000010000000001000000110001000000010000010000000000100000110011000000100110000000011100000100001000000000010001000000000100100001010011010000001000000100000110000001010100000000001111100000000001000001000010000000110001000001010100000100010000
00100001101001010000011011000001010000100000100001000100100000010101000001000000001001000101000010000010101100000100000101001000011000101100100000000000010001010010000001000000011010001010011100011001100000010000101010010000000000101000000010000000001100000001000001100000100000101000011011
00011100000010011100010000100001000001001011000001010000000010000010100000010000000010100001100000001000011110000000010000000010000000000010000001001100010110100001111011011100001001000000011000000101110000000001011001100101110000100000000110000000000000010000111000011010000000000100110100
11010100001010100010000000101001000010100001100000001100000000000000000010000000110000001010000100000000010100010001010000000010100010000000011001000000010110100010100010000000010000000010001000000000000100000110100000000000000001001001000000000011010000001000001000001000010010100101100000
01001011110000001111010100001011001000010000110100101000101000000001000000000010000001000110000011000000000000001000101001110000000011010110000000110101011000001101000000101000000001011001000100000110001010010100000010010000100000110000100000000011000100101010000000011000000010000110010101
00000110000100000100000000010001000000100010000000000010001000000100101000000000001100000110100000000001001000000000000010000000001110010010000111001000000000000001010000001000000100000000010000001000111000000001100001000000000011000001000000110000101010001000100011100010001000000000000001
00010100111011100100011000011100100000010110101000001100001011010000000000000100000011001000000001001100010000000101000110000000000000000011001011100010000000000101101001000000000011000001001110100101000100100000010000010100010100000100000100010000110000000110110000001000010110010100101001
10110010010011000000000000101000100010000010100000000100010000010010100011000100000001000000000001000000000001000000010000000001101101000011000000111110010000001001111110000000011010000000000000001000011010000011010100000110000001010010001010101000000110010001110000101000000000000000101000
01000101001000001000000000101000010011000010000000000001000100101011000000010010000000000000000000110100000010000000001000001101110011001000000000000000001111000101110000000000100010000000000001000000001000110001000010100000010000000000000101100110001000000010000000000111000111111010110100
01011100001000001010000000000000000000000000000100010010010000000011010100000010000001001010111010000100001001001000001010010111010011011100000000000000010101000000001010101000011110000000000000100000000010000000010000001011011100000010100000010011000000010000110000101010100010000010010010
00000000100010000000100000000000000110010001000001000100000001000001000000011100000000010001010000000010010101000010000000000101010011001001000100000100010000000000000010000110001000010011000000110000100001100001000000100000100000100000011000001001011011100000000000000000101110000101010000
00000010001011000000001000000101000101000011000010001100000000000010000000011000000000000000011000000110001010000100101000010100010101010000110000011101110000110000000010100001001101001001001101000000010000100110001000011000000101010100000000000001000101100100000001011111000000010100000000
01110000000000010000000000000001100100100001001110010011100001010100100000100101010000101000100000011000110010011010000010000000100100010001000100000000000000000010000000010000000110010100000101000111101000000000000000000100000100000000100100100010000000000000000001000000100000100110000000
01000100000000110000000010110001000001001000100000000100010100010010000000001100010000000001000011000010100001000101100010011000000000000011000000000000010000001101010001001010010110000000000000000001000010000011000010000000000000000000001000000010010000000010101000100000011110000100000001
00011100011000010000001000100100010010000000000100000001100001101100000001000111000010001011001011110000000010010100000100000010000101000100001000000100000000000000100101000001000010000101010010011100000000010101001000000100000100010010100010000000010001001000000000010000110101010000001100
10000110010001101000000001010000000010100101100100000111100110000000100111000000000000011110010100001011010100000001000000001100100100110100110000010100101111001000111000100000000101000000110000000010000100000001000011000110100000000000001001000001101000010000101001000010010000000000001010
00000011000000111010000010000001010010100000010100011000001000000110000100011000100001000000101001001000000100000000001000000110001111010010110100001010100000001000000000000010000010110010100001000000000111000000000100001000000000000000010000000100011000010000000101100000000110000101000000
11000000000000000000000000010001011010100000110001100001000011001000001000100000100000010010000000010110100011000000000000001011001000000000001000100100000001001010100010000010010100100001110001011010101011101100001010000100100100001000000100001000101000110100010000011100000000000001000110
10001000001000110001000000100001001000000110100000100011011001000000000011001110101000000100000011011000011000010001000000011000000001000000100110010000110100010000000110000101000001101000100000000100011001000100100100000110011000010000110000111100010000000100000110000101011001010111001001
00100000000001100100010000110100001000011001000000000001010000000110010000110101000000000000000000100000010010101001001000000100000110000000000010100100101010010000100000010011000000001000011010000110000010000000000000011000000110000100010000010000010000010010000000001000010000001001011001
01111100000001000010011000010000010001011110110010110000011100100100000000001001010000010010100010100000001000111100000000100001100000000001010010001011000000100100011100110000001001000011001000000000100110111000000100001001100010101000001010000011000000010000100000001000100000100100001010
01011000101000010001101100001010000100000001011000000100000000000010000110011010110000001100110010000000000001000110000010000011010110000000001011010111110000100001100000010100100000000000100100001000010111100001000101001101010100000000000110010000001010001011011001110000000101000000000001
10001110000000001010010000010000100000000000000000010101000111000000100000011000010000000100000000010000000100000010001001000010011011000110000010011110100000000010000010000000000001000000010100001100000001000000000111010100010010001000000010100011100000000000101001000001000100000000100010
01000000101000001010000010000000000100000000000000111010100010000000000100000000000011010001001000001001001110000000000101000011010100000001001110010001001000000001100000001001000011000010010100001100001100110000000000100000000100011000000100100000100000000010100000010001010000011011001110
00100000000000001000010110001000000000000010000110000000010100100001100000000100100110100010001000000110000100000100001001000000100000000000100010000010000001000000000000000010001010000000011000000001000001000100110001001000001000000000100000100000110000001100000011000100000001110000000001
11010001000000000000000111000001000000000001000101010000100011100110000001010000100000010100000100000000100010001000000000111100000000000000100001010000000000100110000100010001101000000000001010100010010001000000000011000000010100101000000000111100000001011101110100000000101000011000001110
00000000000000000000010000000100000100001010100000000100111000001100100000100110010101111101001011100101010001000000000000010010001000101011000000010000010000100000010011010000110000000000000000101100010100000010110000000000100000100110000010001001100001011000000000100000111000000000110000
00100100100011000000110100000000000010001101100001000100001000110011000000110001011001100001100101000010010000100101101000011000111010000100000100010000000100101110001111010001011000000000001000000101101100000000011001101010000100000000000100010000100000000001001010000001000010100000100000
00000000000010010000100100000011000010000101000000001000001000000000000000010100000011000000010010001000000110000010000001011010000100101100000000100000001000000001000110101000100000010000100000000100001001000100000010000001011100011000000000000001100011100001000001100110100100101000011011
11001000100001000000100101000000000001100100000000000000011001001100000110000001000010001000100000000000000000000000100100000000001101100000010001101000000010001001000000010001100010000000001000000011100011000010000000010000010000011001000000010010001100100111000101001100001001000101010001
10000000010001000001000000100000000000010000000000000001000000111000010000000000000001001000001101000100001110010100100101000100000000100001001001001000010010000000000001000001001000100010000000100001000111000110001100010000000010010111000100000000001000000001001000000100110100001000000010
00000001000000110000000100000010000000011010000111010110011001010000000000100001000000000000000000000000000000000011010100100010000000000100000000100100010000001001100110000000000100000000000100000011011100000000010101110000100000100000011000111000000100000000000000000000011000100000100010
10000010001000010010010010000100100000000000000000000000110010000000110100000010100000110000010100100000100011000100010000000001100000110010001110011100000001000100010000100010110100000110000010100010001101011001010001000000001100000001000001100010100011010001110010001101100100000100110000
00110010000010000100001100000011000001010101000000101001010001101000001000000000000100000100000001110100000000010000101111010010010010100000000110000000000000001000100000100000000011001100000000000100100000000001010000001010000000000010000000000001000000100001100001000000001001010001110001
00000010110000001000110010000100010010010001000000110000010000000100000000000001000000111001010100000101011000100000000011010110000000001100100011001000000000000000100000100010110001010001000001001100011010001101000000000000000010001000001100000001000100010000000110100000011001100000001010
00101000000000000000100000100000001000000001000010010000000000100000000011000001001000000000100101000100000010100011001010100010010001000000000001000010000101100100001001000100000001011000000010001000000100010100000000000010101001001010010001000010010011000001000010100100001100000110100110
10100010010000101100001000101010001000110000100000000010000000001000100001000000010000001000001110000000001010001010000001010001000000010001101000000010000000000001110110100010101101001100100001011000001000000110011000001100110000000100000000000000110101000100010000000101100000000000000100
00000100000011000101110100001010000011110000000000000011000000011010100100010000100010111010100000010000010100100000100100000000000001100010000000000000010000000100000000000001100000011000000000000011010010100001000100100000001000101111101000001001010111000110101000000011000001000000000110
00110001100000000001000000001010010000000000010100000010000011011001001000000010100000000001110100011100000100000000100000110000000000000000000111000000001000000000010011010000000000000100000000110000011000100000000001011100000000000101000000010011000001000001110100110001000000000000100000
01100100000000010010001111000000000000000001000000100000110000010001000010000000000000001100000000011001000001000011010000010110000010101101100000110001101011001100100000000001001010010000100010011101001011100000011000000001000010100000001110101111000000000100001110000100100000000001000001
00011000000110100100000001000011010001110100000000010000011110010011001000000010100000000101001000010000100101000000000100010000010110010000000100011000100001100011000110101000000001100010011010000000010101000000010000001100010000100000000000000101000100010000000000000000000000101100100001
00000001010000100000001100111010000011100100001000000000000101110000000000000000100000000101000000000001001000111100010000001010000100000000001100001010100110010000111000000111000000010011000000000000000000100001101000000110001000000010101000000000000100000000000000000110110000000001000100
00000001000000001000000010100101000101000000101000000010000000000000000010001000000000001000011000001000000000000100001011000110010101000000000000000000000001100010000000000001100000010101000000010011000010111000000000000000000100101000110000010001001001000110000101000100001000000010000001
00000000000010001101000101000111000000010000110000010000000000100000000000000100101001011000011000000100000011000110100000101000000110110000010100100000100100000000001011010000000000001111000100011101111101100010010000000111000100000000100000000100000000100001100010010100100000000001010010
00101000000100010000010000111011000000100000000000010000010101010001000000000001011000000100010010001100000000101100010001000001000110010000010101000010000011000001110001101000000000000000000110001000100001000100100101001110110100000000101110000010010000000000000000001000011000010000000010
01000000010010010000000110101011001010111001000000101001001000000001000001001100001000000110010000000000001000100010001000100000011000010000000000000101000100000001000000000000100000001110001000000000111101001010001000100000110000000000001100000001000000000000000000000010000010111100010001
00011001100000000001000101110000010010100001000010100000000100101010110010000000000001000010000011010010010001100100000001011000010100000010100000001011000010011000001100001000101000000000100011000000000000001010000001000010101000011101001000101100010010000000000001010010010010100010000100
01000010000000001001100000001000110000001000100001000110110000001000000001100000100000000010101010000000000000000000000001100001011000000100101010000000000011100100000000000000001000000100100011000010001100101000000000000000110000100001000100101110100101000000100000010100000100011000000010
10010001000100110001000001010011001011110100100010011000010010000000000000000010010010000110000001010010001000001000100011010001000000110000000000101000000000110001000011001000001000101001100011000001000000000001000001000001010000000000000100010000000100001001111000000000001001010000010001
00010100001001001000000100010010000101100000001001000000111010000000100000100110100001000000000010001001110100110001100000000010000100001000100101001000010100100001000010000010010000000000001100101110000111100010100100010100010110010010110001001010000010000001011000100011001010110100110000
00010011100010000100000110011000000001110101011000000010001000010011000000001010110000100001000000001011001010000000100000000000000000010001100000000001001001000000000011000000000100100000000100011010000000000000001001110000000100010001000000000000110001011010101000001011000001000100100011
10110010010110100111000000010001100101011000100000110000110101010000011101000000000000000000000000010010011000100010000000100000010001000010100000000101000000101000010110010000100000001000100011010000000100000000010101010000000000100000010001100000100100000001000010010100011101000100010000
00010100000000000100000000000010100010000000110001001000000010010100010000000000000000011000001001000000100100000000010001001000000010000000000100100000000000000100000010000000110100000100000010000000001000001000000001011000100101100000001000000100100100000110000010011100010101010001100110
01000000000001000110000110100000000001010001000000001010011100100000010101010100100101101000100100000000100000000000000000100000000000011000001001000000000100000100000010001100100010010000001110001100011100001000001000100000000000010100111011001011010000000000011101001001000100001000000100
00001000000000001000000000100001000000000000000000100110000000011100100000000000000110001000000001000000100000100000000000100000011000000000011001100000000111100000001000000000100000101000110000100010000000000000001001000100011000001000011011000000010001010100100000100101110000110010001000
01001010011010000000010000000100001001100000101000000000101010011010000001010001001001001000001001100000100100010101000000110001000010001100000000000000010100100110000100000101010000011010100010110001100100101011100100100000110000001101000100100000010010011001011001000000000010001000100000
