0101000000001000000101101000000000001101000000000100101101111010100000000100100010001100011010100000011010000000000110111001000001000010101000001001010000010001100000000010000101001011001000
0001000101010010000100000000000000001001000000001010001000100011010000010000000101000000000101010111000000000001001000101101010101111010001000000000010000010000010010000000001000010011110100
0010000010000000000100001001100111000001100010000000100000001000000100000000001000001001010000110100000000001010001000010000000000100010100100000000010101001010000000000010000000000010000001
0000110000110001000011011010000000010010100011100000000001000000000000000101000000001010100001001000001000000110010111010001000000000010000000000000010000000000001100001100000000000000001000
1000110000000000000101100011100000000001100000000001000111101001100000000000111000001010010001000011101000011010010011000000100001010011001011101000001010110000000100011000000101000000010001
0000000100000000000001001000010000001000000100000100000000011000110000111001000000000000000000000000001001100000000001010000100011000000010000110101100000100100000001001101000110001000010000
0100000000000001001000000000100101000000000101010000000000010010100001000000100100000000000100011000000000011100010000101000111000001010000001000000001000010010000011100010100100111000000110
0000000000001010000010010101001000000100111001000110100011101100000011000001100001010111000111000001110000110010000100000000100110000001000000001000111000000110000100100100010000100000000110
0100100101010000101000001010000001010100000010111000110100000000000010100100000000101100000000011010100101001001001101100000001100000000000001010011000000001100001000000100000000000110000100
0000100010001110000000010000101001010000000101001000000000000110011000100100000000010000000010110000001000000001000010000011001000000001101100100000010100100100001000000001000000010100001000
1001010000011100111000000100100100010001000100000100100100000100010000100000000100100010001000100000011000000010100000000000011100010000000001001100010000000000101000000000000010100010000001
1100100001100101001010000100010000000110010001100001000011000000110001010000000000100011010001100000010010000001000010001011000000000001000000000000001000000001000000100000000000010100000000
0000010001000100100000100000110010101001010000100000010011000011000001000010101010000000110101000001100010110010000001010100000100010100000001010110001010001001100100010100000001000010110000
0101010000011001001000000010100000000000001000100001000001001111001100001000011010010001110100110000010000100101000111000110000010100101000000000001000000011010100010010000000101001010000000
0001000110110001010110000000000100001011101000100000001100101000110101000001010000100101000000001010010000010001000011010001001000000000010001000011100010001000100010101100000000010011000101
0010010100000000000101000110001011100000010000001100000100000100011110110010000100000101000000010000000010000001110000000000010001001101100101001000000010000000000011001100101100000010010100
0000100000000000010100100001010100010110011001101000110100101000000001001100001001100000000110000101001100001101000000010100000110001010100000001000000000000010000000000000001000000000000101
1000110011100000000010000000100001000011000000010000000001100101111000101000000000000000110010110001000110000000000001101000010010010100101000010111001011000110001111000001000000110010100000
1010000000000010000000000000001100100100001001100100000100101001010000001001000100010000000011100000000000000000000111100000001010000000000100010000000100100000011010101000011000010100001001
0100000000000110101010001001000000000000000011010010110100001010010100000001100000001000100000000010000101001000011100110000111000011000000010010010010000000100011010001000011010010000000100
0010011000001000001000000000100000000000101010000010000000000101010001010000000000010000010010110000000000000010100000111000100110000011011001000001000000000000000010010011000010001010010011
0101000000010000001000000000000000100001100001000000000110001010000000010001101000001000100010000100101100000000101000001001010110100001101000100001000000001001010000001000100010000000000000
0000101000001100000001001101010001010101010100110000000000100100000100000010000000000101111000000110000001000010110010101000010000000000010000011100011000110101100000001000001000001000101000
1111000100010001000100000001000100100000100101010001110110001001000000000010100000000000000010000000001100000001001000000000000111100100001100101010011001100000110001010000101000010001000010
1101000010100100010000000001000001010010000000000000000101000110010000010010010000001000010001010001000000111010001001001101010001100001011000000000001001100010000000110000100000000000000000
0000011100001101000000000011000001010001011000000000101110010001100000000000000000000100000100011100000010000000100000011000000010000000000000100000000010110000001000000000000000100110000000
0101000010000011001001000000000000101100000010000000000011011000000000001000101000100000001010000010001111101100000000000000100101000000100100100100010101000101000001000100001110000000000011
0100100000010001000000000011101110011000001010011000010001100100000100000000100100000000100000000010000011001000010010001000000011000000000111001100000101101101101000101100110000100010000010
0000000000001000000000100000100000000000000000000000001001001000000000000011001001000000101001001101000000000110110000010010000101000000001000001001000101000001100010100001100000000000011100
0000000000000000011000001001000100001100100100010001100000110000100010100000000010000000100001010000000000001110000010100000100101010010011000110000000000000000100110000001100000011001111100
1000110000000000000000100001010100010000001101000100010000000000000000001010100000010000100000010000110000000001000001110110000110001011010011010100000001000100000111100100111010001100010110
0010010100000101000010000100011110000011000000000010000000001100010010000000001010100010001000000010000001101001000011000000100000000010000011000010000000000000100000000101010010001010010000
0010000000000010000000000010010001101000100101100010000101000101001000000001011100000000010001001000000000100110000100000010011000000010000001011100001011000000100001000000000000001000010100
0100001000000000101101110000000011000100000100000110010000100001101000100001000101000010000010110000000000001010000000100001011101000000000010010100000111000000010010000001000010001100000110
0000100100001000001000000000000001000000011000001100010001000100001110110000000000000000000000001000000010001100001101010100000000000000000100000100001010000001001010101101000000100011000000
0010001000000100000000001010000000000000100100000000000110000010000010001100000001000000000010001100100000001110000010000000001000001010010011100001000000001010000110100110000100000001010010
0101000000000000010000000001010000001100101010000001110000010110001000000110000000000000011100010010000100000000001000000001010000000010000101000000001000101010000000000100000000000001000110
0100000100000100101001000001100000000000000100010000101011000010000000001000000000001000000000101000000010000000010110000001001000000000101001001000010000000101100001001010000000010001000000
1010000000100110000010001010100100000010011000000000000000000000000001001000110001101010000000010001001000000000001100011000000010010001000010000010000000000001000000000000010000100001000001
0110000000000010101000010000100110110000000101000000001000010000010000010010010000010010001011000100100000100001000000000001000000110000000100000000000100100000000000110000100000000001000110
0000000000000000001011000101011010101000101100101000100100000101001010011000000000101101110000000000001001001011100000111001010000110000000100001110011111010000001001000000000001000000000011
0000010000101010000000000000110000000010000100001110010110010111101011001100100000101000000100011010101000010100100000010101000110101000000101000000110001100100010010001000011000000010000001
1000000001100000001011000000100101000010001011000100001000010000000000000000000011001101100011100100100000001000011001001000000000011000000011000000001000110000000100010001000000010000000000
0010001000010001001000010001011000011000000010010010101100111000000000000001001000000001000000010100000100000100000001000010101011000001000001000000011101000000101101100000100001000100000000
0000000000000011000000101000000000101000000000101010011100001000100000100010101001001110100110101011100000010110010100000000100000000001001000100000100000001100100100000000010010000000000000
0010000000001000001100000100110000001000011101001111100000111010011001000100100000000000000001010100001001000000000010010100000001000000101101010000101001010000000000001010001001100000000001
0000000000001100000100001100100000010000000000100010000000000010010110000000000000000010100000000000000010001100000000101110010000001000100000110111010001100100010000001010001000001000001100
0000001000000000010101000000000100010000010000010000010010100010100000100000100000000000100000000100000000100010000000001010111000010000000001010011001100100010100110000000000100010000000000
0100100000000000000000110100010100000001010001010000001000000010000111100000011110101000000010100101000000101010100001000000100100000100000000101000000000000000011000010001110100010000001110
0001110110001100000000001000000100000010101101010000000000001010100001000010101001000100001001100000000000000000000000100000010000100100000000000010101000000000010000111011010000100010010000
0000100000000000000000001000010010000010000101100001001001010010100000101000010101010101110100001000000001011000000001000000000111000000010101011000001001011100000000000001011000101000000000
1010000010000000001001000000000000100110010000000000000100011100011001010001000000000000100101001110010000000100010000101000000000000110100000000000000001100001001101010001011001000101000010
0000110000011000111000000000010000000000010001110000000000001101001011000010000000001000000000110001000010010001011100000010100000010000000101000100000100000000110000000000000000000100100011
0010001010000010010100000100100000100001100010000000001010000100001000110101110000010010000101000010000100011000110010000011000110000010100101011000000010110000010100000010010001011000011010
0100000000000010000010000000000000010010000000001100000000011000100110000000010001101000101000100011001000001010000000000000001000001000100000101010000000010001100110000101100010110000100110
1000100000001000111010011111000101000010010101100000000101000000001000000010101000100100000000010000000101000001100000000000010100111100000110001100000000010011100010000001010100010010000001
0010000001000100001100010101000011101100010000100101100100001001000010101000000100000000100001000010100000010100010000000000000000101100100110000001100001000000100110100010000000100000000000
0000010010010110001000000001001000010111000000110100100001100010000000000000000100000000100000100010001000000100101000001010101000010000000000001000000000000100001000010000000100000001110000
0000000100110000110010000000000000010000000100000001100000100000101010001000000000001010010000000100001000000000011001101000100100100000100000000000010011000000000000000010011100010000000101
0000100001001000001100100100100101000111001000010000000001110110000000000000001011110111000000111110110000000111010001001100010001000000000110010001000001011000000100001010001000000000010000
1010000000100010111000110000000000000000000100000011100101000101100000011101100000000100000000000000000010000000000000100010011001000001000000101001010000000010000000010000000000000101110000
1000100100000000100000110010000000001101010111010000001000000010000001000000000000000000000100000001100000000001100000000000010000001011001100001001000001000000000000101011011000000000000010
0101000000000100000001001001010001010001100110001000000010001000001000000000000000100100100001000000011010000000000100001010101000100010100001000000110010011001000000110000011100101000111010
0000100010001010010010101010001000000000000000000000001111000111100000010010000000000010001001000010000010100001000000100100010100100000110000000000000010001000000000010010000010000000000010
0001010000000000000001100111001001011000011101000000101000000000000000000000000000000000000000010110000010000000010000000011100100000000001000001000000000110000001000001010000100001000101110
0010101011000010001000100000000001010010100111010000010000000001011000100011000000100000010000000011010100101000010000100000000000100110110101110010001100000000000000100101001110000000100010
0001010001110001010010111001000001000000000000010000001100010000010100001001100100001100000000010010010001100001010100001000001011000000001000000010100101010010100000000010000000001010010111
0001010000000011100000000010000101001000000000000000100010000000001110001001000000000000010000010001010101000000000011100000001001001000000000011100010000000000000000010000101010001010000000
0110011010101101010100000100000010101100000000000001100011000001001001001001110010110100100001001010001011000001000001000000000110000010010001100001000000000000000100001000000001101000000010
0000010000100100110000100110000010011100001100010110000000001000000101100100000000001001100010000100001100001110000000000000010010000100000000010000000100010001000000000010000000100001010100
0000000011001100100101100000010000101100001000010000100000100001001000100100100000101100010010000100110010000000001000001000001000000001010011100110100100000000011011100100000000000010000000
0000100010000111010010001001010110000010000000111010001100000100010001100001010000100000000110101010000000000110000010010111001000000000101000001000010000100110000000000101010000010000010011
1001110011000000010010000000101010100100100000010000000110010000010001000000000000001111100000010001010000000111000000000000010101010001001001000110011000000100001010010010110000001101000011
0000110101110110011000000000001001000010001000101011001000000000010010100110001101010001001000000101010001000000100001000000001000000111000100001100010001100000000000000000000010100100010100
1010010000001000101110000100110000001100000101000010101000010100100000000010001001000000100000011100110010001000100000101011110000001100010000010000000000010001001000000000000110100000011101
1010000000100000010101100101100000000000001000000010011100000101000000000000000000100000000101010001000100100111001100010110000110100000000000010100000100010011100010110100000011001000010010
0001001000111000111001000000011001011011010100110010000010110001001000010101000100001000000100100110101000001000000001000001000000000011011000000001100000110000000111110000101000000001010000
1010010000100000000000111000000100001011110000000100101000011000000000011000000000000000000001000100000000000010010000010000011000001000100011100000011000010000010010000001101010001000000010
0000100000010001000001000001000000000000001100001011100101000000000001000100010000001001001000110100100100010001010010001110001001100001000010000100000000100110001101000001000010000001001000
1000100010000011000000100100000010010000000000010010010100100000001010110010010000000010000100010000100000000100000000011000000001001000000010110100000010001011100001000000001110000001010000
0110000001101001101110110011000110000000000000011110000101101000110010100100000000000110100001110010000000100100010100010000000010000000010000100100000000010110000000100000000010010001000000
1000011000000001100100000011101100111001001000100000100100000000001010100100000000000000000001001010000001100001000000000000001000000000001000000000001000000100000001010001101100010000000100
0000000110100100000101110000000000100000000011000000000000000001010100100001000000010001110000001101000000000000011001000101000110011000000011100001010000100000000000100100110001100100100000
0010100101000001100011001001000000010000000000001000010100000000100100010000010000000011000000000100100110000100011000000001110001010011000000010111000000000100100000001000000100000001001000
0000010100000000101001110000001000010001000100000001010010000001110010010110100001110000000000010101000001010100100001000100000000100100010100000000000000000000011100001011101000000000011001
0000001100001000000010110010001110001100000010000100011010000100100011010100100110110000000100000100000000100000111000100010100000000111010000001000000010110100100001000100000010100000000000
0000000010000000100110010000000100000100100001110010100000100010000000000101001000000001001001001110001000000001000100000000000010000100000001010100000100000000000010111000100000000000001100
0010100001000000000001000110001000000001111100101000010100100000000000000010000000010110000100000100000000001001000110000000001100100100000011000001000100000000000100010000000000000010010000
0001000000001000001010000011001101001000010100000001011001010001001100010010100110010011001000000100000110000000010011000000000100001010000000000110000100000000100001101000110010000110001000
0000001100000100000010100001010100000001000001000100000000000010000000100001001000100000000000100000000010000000111110000000011110101000000000001100100011100000101001111000010100000000010000
0000100001100000000101011101101110001000000000100000101000100101000001101100010001110010000000101000001100110010000010110000000011001100001100000000001000010010001001100001001000000000001000
1000001001000000101000011100000001000101000010000010010001000010010000000001100000000000000000001001001000000000110010000100110011001000000000011000000100000101001001000010000000000010000001
1100000010100000001100101000000001010000100000001000000000000000010011000101001000000100001101000100101000011000000100000011000100001010000010000000101010001000000000000011100100011001000001
0000101000000101000010011001010011100000000000000010000100000000010000001111001101000001100000000100000000011000000000100000000100000000000011001000001100100000000100000000001000000100100101
0000001110000000000000001010010001100001011001011000001000010010001011001000100100011000000001110101101000000000101000010001000110011010000010010100000000000100100010001011001000011000000111
0100000000010000010000001000010000101000000000010001000000000001000000000110000010010000000010000000000000100100010000100001100000100000101010101010010000000011010000000001100011000000110011
1000101000001011000000001000110001010000100000100000000010000000000001000010111001000001100100000000000100000100000100000000000110000010100000000010000000000000010000000001101100100011010000
1100000010010000110011000110000111001000000100000000100100100001000000001000000100000100010001110010001001000100000011011010000000000001100000000100000010101001100010000000000000100000001010
0001000001100010000010010000010001000000000000100000000010000000001011100000010000100100000000000101001000000000001000001100100000000100000010100000001110001000100000100000000100100001001100
0001000110000000010001010000001011001010010000000011101001000101110010001000000000100100001000001100000011000010101000001000000100000010000000011100000000000000000001010000000010001001000010
