000000000000101000101000110101000110001000110010011100001101001101011100000001001001000000010010000000100000100000100110100000010001101001100001000000100010000100011000110000000100
000011000000010100000000001110001001110000000001011000110000011001000000010000100000001000000000001000000011000010011011001010101101000000001010100100010000011100100000000110001100
000000001001010000010010010011010000010000110000101000000010100000001100000101010100110000110000011000001001000000000000000001000111101000010000000100001100000000000000010000011010
001101010001010000000000000001000001000000001000000100000000100001000000100100000000010000010000110000000000111000000110000001010111000000010010001000010000000000000100100001100000
000001010010110001001010000000010000000000100000000001000000000000001000100000010001100010010001000110100000001110001010000000011100000000000011000100110100000000000000010100000110
000101111010100000000010100010010000100001000011000011100001010100000010001000000000001001001011001000100000000000000001000001010000000011101000000000100000010100100010101101000000
000101111100110010000000000000000010100001001000000000000010010000001010010100000000000100000000000110000001100000110000110010010000100001011001010000100001000000010010001000110000
000100110000101001000010000000000000000010000000110101001000000101100001000100100000001100010011100000100000101100000000000011100010101000001001000101000001000011000100000010000010
000001011000100000000001000000000010001000000100010010001010100000000010001001000000000001010000010100101000010110000001000000001100010001010010100000000100000010000000110000000000
001000100001000000001000100000000000110100001010000101100000000011000001010101011000000000011001000000000010111000000000100000000100110110000000000010011101010110111000010010010001
000100010001100110001000011000001010011000000000000101110000010000001000100110001000110101000100000000000010001000001000000000001000000010011001000000100101000000000101110100000100
000000000001010100100110000000100000000100100000011000010001000011111000101000001001000101000000000000000000001010100100001000001000110110101000000000010100111000100000010010001100
001010001000000001110100000101000000000000001000000100000101000010000010010110100010000001100011000100010001001110001000010001010100000011001010000100000000010000010010010010000010
001000100011001010101101000000101000010110100001100010000100010010000100000101010000000001101001010100000000010100010000001010110000000001011000000001000001100001000001000001010001
010000000000110010101000101001000000111110010010100011000000010001001000000001010100000000011100100001100001010001000000000100000000001101010011000001010000100110010101111001000001
010000000010100000001010000000000101101000000000000000000000010001010001010000000100010110110000010100000010010011100001001100010000000001000010101100000010000001010111000110000010
010000000000000101101000000000000000010010000100100001000000001000101000000000000010000000000010100101000010010010000010101000000100001100000001000010101110000001010000000000001000
100000001010000010100010010001000000010010000001001000000000100000100001000110000011010000011110000010000000101100010000011001000000000000000011000011001000000000000100100010011010
000011000010100000000011010001110001000010001100100000000001101100000000010000000001000110000000000110000000000000000101010010010000000110000001110001010100001000000100000111000010
001100110000100110000000000000011000000000010010101000000000111000000001010001101010100000000000110000001011010000000000001010100000010000100000001001000000000111001111100001010000
000000100010100000010000001000000001100000000000100100001000010100001001000000001000010100000011110011000000000000010101001000000000010010000000010000011000000000110100000000001000
000000011010000001001101000001010101000100010000000010000000000001011010001000110010000100000000001000101000000000000110000001011110110101110000110010100010101000010010100001000100
000000001010000000000000010000000001000010000001000000110000000000110101000000100001000100000000000010000000000101000010101100001000010000111000000001011001001010000010010001110010
100010101000000110000010100100000011110010000000001000111000000111000010101000000000110100000000010010010100100100010000000000000100000100000000100000000000101000100000110000000010
010010000011000101000001110000001000011000010010000101001110101000101000001110000100001000100000000001000000000010000001000000011000010001100000010000000100001000000000001010000000
100000011001000110000010110000100000001010111110001001100001100011010011000001010100000010010000000000000100000100000100000001000110100100000000001100000000000000000000000010100100
100001000001000010101001101100000001000011000000001100000100010011001010000010011011000000100001100010100101000000110000000010001100100110000010100010000100000000000101000000100000
000011000001101111100110000000100000000100000110001110000000010010000000100000100000110000000000100010001000001001001010110000000000100011000010101001101100110000101101000100010001
010100110010010000000000100000111010000000000000011000000010100010100000000000110010000000100001000111001010000000100010100000000000001000000100011010000000000000000000000000001001
001011100010100011100011010010001010100000000100100000000101000010001000000000110011100110000100001001000111100000000110010010010001010000100000000000000000001101001001001110010001
100000000100000000010010100000001000001000000000110000001001000101000100000000010000100000100000110010001010001000010001001101011000010001000000000000100000000100000001000000001011
010100010010000000000000110110010000010100100000001000100000001000100000111100001000000000000101100000010000000010000001100100000001001100000001000000000001100000010001000100100110
000000000111001010000100101100000100101010000001010000000000100100000101100000001111000010011000100001100010100100100100100101000000001000011000000010011100111010000001000101000000
000001100001000000001100101000001100001000000000000000010100100000000010010000011100011011100011001000010000110101010000000100000100100110110100101000110000000100010101000000101100
010000000000000000001010000000000101000000000100011001000000010011000100000000100110010100000010000100010000000100010000100000000001001001001100010001000000000000000001000110011000
100001000100110000000011010010000010000001000000000000100100000000000000000000011000000000000000100010000011110001001010011000010000000000001100000000101010001000000000000001100001
001001101000001011010000100000100001010011000000000100000100000000100000001000000100100000000000100000000010100111010001000110000001000100110100000000000000000000011010100011001000
000010100000100000000100100001001000010000100000000000010001001000110100010001000011100000100000001000001001101000110001101000000000100110000000000010010001000010010000000000000011
000011100001000000101010110000000000000011000111000110000000000011010001110001000010000111000001100111100000000001010000100010000010000011001110011000000000010001000000000011000010
000001001001000100000000010000001000110000010001000100101010001110100100010101010010000100010000000001101010000000000000000010010001000100111001000100000000000001100110010000000001
000100111000000000101001000100001001010111010011000001010000000000000000000101110000101111000000001001010000010011011001000000000010000100000100001000101010000000001110100100000000
111010000001000001101000000000000000000100010000000100010000100000100010000100100000100100000000000100100110100000010001000010001110000100000000100010000000000111100111100100000000
000000111001000110011000001011000100101000011001000001001000001000011100100000011101001100000010000000000101001001101100000001000010000010010010100010001110010001000000001000001100
101100010000100100000100000100000000000010010000110001101000000100100111000000100000000000100011000101000100001000000100010000110100010100000000000000100110101010100000000001100100
001100000010000000000000100110010000101000000000000000000100000010101000001001100011100000001001110010101000000000001000000101000111010010100001110000000010010000010000010000000101
001000000110100100001100000001100101010010000010000100001100100101000100100001000000010101101010010000001000000000000000000000000000010000001000100000001000010001101001010000001000
000000000001100010100010000000000000000010000011010000000010000001001001001101000000110100001000000010010110010001000000000011001010100000001000011100010000011000000010000000000000
101010010000010000001100100010000101000000000000001000000001010000100000100001100000100000100000101100000000100010000110101110010001000000000110110011100000011001000000000001000010
000010101000000010011100000000001000010000000000000000100100000000000000000100001010000011001100110000011100111000000000000000100000000000000010000010100100100100101010100000001010
000000010010010100010001010101010010101010010000001101000011001000100000000001001111100100000100000101100001000000010001000010001000100100100000000010000001100010010010011000001001
000110011010000001110000100000000010000010110000000100001000000000000001010000000000010110001001000000000000010000100011000000010010000000010000001000000000000110010001010001000100
010001011000000000011000000010000011000000010000011111010000100000001101000011001101000000100000010000101000010101100000011100000000000001010000000010001000101000000111001001010111
000000110100001100000100101000011000000001010000100000000101100000010100010000001000000000000010100100110000110001001000010000010001000010100100001000000101000100001010000001010000
001000000100101001010010110000100000110001010000101000010001001101011001010000100000010000100000110110000000011100000100000100000000010100001010000110100010000101001010100100000100
100000010000100001010000000110000000011000110011000000000010100001001000000100011001010100000111010001110000000000110001011010110001001000000101100100000010010000000000000000001000
010000001101000110000100011000001000110100011110000000001000110001000001001100110001000001001100010100010000000000110001000000001000001100110110100001110000000100000000000100101100
001000010000100110000000101000001011000101000000000000000011000001100010010000000000000110111000000000100001111000100000001000000001010000111001000010000100001000000101000101101100
000000000101000001000110100010000100010100000000100001000000011010100100001000100000101110001001100000100101010000101000001001000000110010010000000000011100001001000010101010110010
000010100000001100000100000001101000101001110000100000000000000101101101001100000001101010110010000000110001000000000010000001001000000100000001000011010000000000001000100000100111
111000010110011000111000010000000001000000010000101001001001001000010010010110011000010001101001000001010100000000100000000000000000000100000110001100000000000100001100001000010010
110010010010001000100010001001000110000001100000000001001100010000000000011001100010110010000100100000000010110000100100010000100101000000100100000000000100001010000100100010100010
010000000000111100000000000001001000010000000010001100000000010001110000010010100000000000000001000100011100000001010010001000000000000000010000111001000010000000010101000010000011
100001000000011000010001100001011000000010010001001000100010000010001100010011001010001100000110001101001010000000100000000100010100010000100110010000010000000001010001001100000000
000100111000010101100000100000010000000100000110100000110000001000010000110000010000101010001100011000000100010110010011000101000100110000000001100111100000000000010000001001000000
100001000010010010000110001000010001010000000000010010000001011001101011000001100011100100101101000100001010001110000001000010000000000001010001001001000010100000011000010001000100
000000000100010100010001000000000100001110001001111010100000100000000110000000010010001001100001001011000100001001000001011001000000001001101010100000000110000011100000010000100000
100010001000011000000000100001010000000010010000000000010010100010011000000100011010100100001110001010000000000000000010000000000000000001111110010010001010100000101000000101001000
000000000000100000000100000110010100000000101010000011100001100100010000110000000000001100111101001100100000010010100000000000100001010100010010000000000100000000000100000000100010
001010000010010000100100000000000000000100100001000010100000000000000101100000010000011101011000010000001000101000010001001000100110000001011001100000000000001001001000100001010010
000000000010100100001010000000000000010000001100000000000100000010001001001101001011010010010000000000110000000000010001101000000001001000100100001000010000100100000110100010100001
000010000000000010000000010000010000000001010110000110000111010000000110000110001100000000000000100110000001001001000000000110100000001100000001010010000100001100001001000000000000
110010101001000000001100001001000000100100000100101000000000010010000000000010000010010000100100001001000000000100001000000100001010100100000011000001000001100010000110000100000000
001000000000100000100110011001111000001000000011000000010000000101101100000011001001000100111010011101001010100000000010001000001100010010000100000100000101000001100110001100010100
001000001000101001000010000000000000000000100100111100011000000101000100000000011100000001100101000101000100000010011100000001100010001000000000001110110001001001000001000110000000
001000001100011000100010000110000000010010000011001010000000000000100011000001000100100000001100001000010000100100100000000001000000000010100101100110110000101001000000110000000000
111011010000100011000000000000001000000001000000000000000010001001010000001000000001100010011101000000010000010001010000010010100010010100000000001000000101001100110000000000000000
011011000001100001100000000000110100101001010000001000000000001010000010100100000000000001001000001000000001000001000001100100000000000110000000010010100100011010000101011010111000
000000010000000000000000111001000011100010000000000010010000000001000010000100001110010001010100100000000001000100000010010000001010000000001000000001000000110101001001000000001100
110001000001000000000001100100000101000100000010010011000000100010010000010011000000100000010000101011100001000110000010001001000000000000111010000000101011000011001100100010000000
011110000100010001100010000010000011000000011000000100001100000000000110010010000000000000000100100111000110110001001000010000000100100000011100101000000001110010000000100001000010
001010000001000000010001110101100000000000000010000100001000100010000010001010000010010001000001010001001010110100000000001000110000000010001011001000000100110010011010000001010000
000000110010100001100110010010000010000000000000001010001000110000000000010010000000100111000000010000001011000110101000010010100100000000111000001000000000100000001000000100000001
000000001000000000001100010100000010001110100100101000001000000001000010001100000000001001001000001011011000010001010010000000000000000001000100000001111000011011000000010000000000
100001000000010111000001000010100100010000010001111110101011100101010001000001010001000000001000000100000000000000000010000011001101001011100101000000010111100100000100000000010011
010000010010000111101110100101100011000100000010010000010000010000101100101110000001110110001000000010000000000000000001000000101000011011010000000000100010000010011000110000001000
001000000001001000000000000001100000100001000100000010110000010001001001010000100100100100100000100000010100001100010000011010001010000011001001100001000101100010000000001110001010
000001000010000000000000000001010011010000011001000000100000001000001001010010001001000000101100100000010001001100000010000000000000000000000000000100011000000001010001000101110000
011000001000100100110111000010101111000011000010101000100100000000101001001101000000101001010000001011011001011010000010001000000100001000000000000001001100000010000000000010001110
000000100000011001101000001000101000001100000000000000010000000000001000000011000010100001000000001000010000000001000010001100010000000001000000001010000110111010001000000001100001
000000000110101011000010001100011100000000010000000010000001001000100000001000111001000100000001000100000000001001000000101011000010001000000001000100100001011000011100110000011111
000000010010010010101000000100000001100001010000010000110000100100000000100101010101010100110100010000000000000001111111000001001100111010001001010100100100010100000000000101010000
000000101001001000001100000010010100011000010000000010000000100000010001100001000000000001100100000101000000010000010000001001000000001000000101010000100000100100000000100100000000
000100000111100000110101110000000001000100000111000001000100010010100010010001000000000000000000100000001000100011000000011010000101000001000001000001110011000010100010000001001010
100000100000100100000000000100110000000101000001000000000000001110010111110010000010100000000001000000001000000000000110010110000010000001000100000000000110000110100010000100000000
010000101010110101100101100000011110000000000000000010100000011110010101000000001110011000000000000000010101001000000001010001000010101000100110000000000001000000010010000110010001
001110101100000010000001010011001000010110000000000000000000101000000001000000100110101100100111001100010000010010000000100110010010000100111010101000010000000010000000000101000011
010010000110101011010000000010010000000001000110100010101000110110001100100101000100110100101000100000000001000000001000101000100101000000000010000100101001001010010010000000001000
110000000000000001100100000010000001100010000001000000000101000000011000000000001001010001000000111100000010000001000000001000100000010000000000000000000101100010000001000110001100
011010000000000000000010100110000001010010100000000010010010101010011011100100001000100000010000010100111001010011000100100101100000010011000000000000000000001001100000001010000000
000000000000110000100010001100000000000000001100000010010000010010000010001110000100101000101010001001000100010010001010000110111001101100001000000001000000100010010000010101000100
