001001000100110001000000001000
000000011001001000100101110000
000000001100000100100000011011
010000000000101100000010101001
101000010000001000001010000101
000010001100011100100010000010
000000001001001101000100011000
101011000011110000000000000000
001000000000001010000100100100
000010000000110010101000000000
000011100000010001101100100000
000000110100100001000100000100
100101010011000001001000000010
010010110000101000010000110000
110000101001000001000000011000
010000000111010010011001000000
000010010010110000000000101000
000000000010110011000101101000
011000000000011000000101000001
000101100010000001000000000100
010110100010001000010000000010
001011100000001000000100000100
000010001101101001000001000010
000011011000000010000101000101
000010001000101100000100001000
001000000101000101001100000000
010000011000011000110000000100
100010000100010000101000000100
000000110001101000011000000100
000000000000000011101001010001
011100010000001000110100000001
000000100000010100010010100100
100000101001100000100001000001
100000010000100100100000001001
000001100110000101011001000000
110001101000000000010010100000
000000011010100011000100010000
011010000010110001000000001000
000011010010000010100000000010
010001000001000000010100010100
011000110000100010000000101000
000100011001100100000010000110
111000000000000000010000111110
000000001000000100110100101011
011011001001000000000100100010
001010010100100001000110000000
110001001100000011001000000100
010000001000110000000001101001
000000001001100101001100000011
011000000000101000000010000010
000001000000011001001000110001
100101001010010000000000010000
000010100100010000000010001001
010000000011010010001000000010
000010010100011000000001000000
001010000010000010100010000101
001100100100100100000000001100
010010100010000011011000000100
100100000101100000000100010010
000000100111100000000000100000
010000000010000101000010001100
000000000000010101000100100110
000000001000010100000010111000
000000101100000010100001010010
000010000001101100011000000010
001000110000010000000000100001
010100000000001100001110001000
000011100000000000000110001010
000000101000000100000110100001
000010011000000001000011001100
101001001000010000001000100010
000100010010000101000100000010
000110000100110100001010000100
011010010000100000001000000000
010101000000001010000000001010
000010001000010000001101000001
000000100010101001110000010001
010000001011000100000101100000
000000011000100001101000001001
000100100000000001100100011000
010000000010100010011100100100
000010110000000000000000101010
001100101000100000100101010000
100110000011000000001100000100
110000000010000010001000001010
010100001000011101010000000000
000010000001000111000111000000
001000000010000000100011001010
010000000011001010010000100010
001000000000001100000100000101
000010100010000000100000000011
000100000000110001101101000000
101101000000010100001000000010
000000001001010000011010001000
000000101000000010001000110100
000001000010000111000001001000
000000000010001000110100001000
110110100001000000000000000001
000000001000000111101010100100
001001100010011100000000000100
