11011000010101000000000110000111101000010110000001000010001000100000000101000000000000000101000101100000000100000011100000000010000110100110010110001111000011110001000001010100000100000000000010100000010000000100100011100000010100000000000100000001000000010000000001011010100000100000000010001100001010000001001010000000100010000000000000100000000110100100100000000010000100000000100000001011001000000000000000000000011000001000000000001000000000110100100001000101001010000000001000000010100000001010
11010000100000100000000000010001010010000000001010000000100000000001000000000000000000000100000001010000000101010000001001000000100011001000000001100000100100000001101101000100000100100001110100101010000001010110001000011000000000000000000011101010110110000010101000010010001000000001000000001010010010000000010100100000000001100000000000000010000100000000100101100101000000000000100010000000000000000010000001000010010000000011011010000100000000100001000010100001000000010100100000011000100100000000
00000000010000000100000101000000001100000000100000000101000011100010010110001111100000011000000000010001001001100001000001010000001100110010000000101000000010100000100011000110000001101010001010100000010110010110000000000100000010110010001001010100000010000101000000000010010000000000000101000000000000010000000001000000000001100000000110100010000001000001001000000010010000001010000000101011001000000000010000111000000001000011000001100000000001001001000000011000100001010000001000000001010000000001
00000000000010000010000001001110001000000001111100001100000110100100000010000101000010001100000000000010000000000100011000001100000000100000010000100100110000100001000010000100101010000001000010101011000001000000000001000001100000000001000000110000000100000000110000101000100000001000000000001000000000001010010000100000010111001010000000011001001010000000001010000100001000000110001000000000101000000000100000011000111001010000000000000010010000010010000001010001100101011000010000100000010011000010
00000000011001000000000010100000000000100001011100010010000100011010000100100000001010100000100010000000010010000000000010011000100000011111000000000000000000000000000010100000100000000000100001010000000000000110000000010010100101000011100010010000000000011000100000000000110101000101000100110000010000001000000110000000000000010000000100000000000000001001010001010100000000000000100000001010001001000000010000000100100000000010000000100100001000000100010110111000001000000010000100001000000000000010
10101000100000000000000010011000000001100000000000000000010010100000100001010001000001000011000000110000000010000000101010000000001001010010000000000000000010100000000000001010000000010000000000000000001000100000001000000010000101001000000001011000001001001000010000000011000001000000101010000000010000000100000010101010010011100010000001010000000010000000011010000000110000000000000000010001000000100000001101010010100100011000001000000000011000000000100100001100010001010000001010000110000001100111
00101000000000010100001100100000000100110111101000010100000010000010100000101001110010000010001000000101001100000100101001000000000000010000110100101000000100000001000000101100010101100000000101001000000101000000000001010010000000011100110000010000000001010011111000101000000010000000010010101010000000000011100000001000100000001000001000000010000000000000000001000000000010000000000000000000000000001010001100000000000000000100000000100010000000001010000000100000110100010000000011101100001000101101
01100101001000000000000000011001110011110000010000010000010000000011000000100000110001100101000000010000101000000000011110000000000000000100010100101000000000000011100100000001000000010010000000010000011010100000111011000001010001000000010110001000000000011000100000000110000000000000000010000100101000000101010010000010000000001000000000001011010000000000101000100000000100010000110000110100001010101000000001000011101000100000000001010000000010000000000000100011001001100010011000000001001010000000
00000000001100101110001000010011010000100000010100011000000000101010000100000111000001000010000011000010001000000010010000010000000000100000000000000001000111000000110111000100010000000010000000100000011000011100011011100011000000000100000100011001000101001010100000100100100000001011000010101011000011000100010000011000100010001010001010110010000100100000000000011000001111000000000011000000100000010001100101101100000101100100010000101010010001000100010101010100010001011000100000110111100000000001
00000000000000001010001000000001100010100000000110010010110110010100001100110000000100010000000010011011100001000000000000000001100000100000001000000000000011000010110000000100100000010011000100000000000010011010100000111000001010000011100000100000001000100010101000000000100000001010010100000000110010000010000110000101110000100000000100110000000000010001001001010101100000000110100000000000100000101100110010001001000000111100000001010001100001000101001000000010001000100000000101001001100100100011
11000101000000000001110001001000000100000010010011000000001000000000000000000000101110001000100001010001000000000000100000001100011001111010000100000001100001000110100000010000110100000000000000100001011000010000010000100011010010100110100000000000010000001000010101010000000011000111001000011000000000010010010101000101000100000110000000000000100010011111010001000000011000110011101000100000000011000100001010100000101000011000000011000000000110001000000010011100001000100000010100100101000010000100
00001000100001100001001011000001000110000111100110000110001100000000010000111000001000010001010110010001000010000111010110010110100001110110011001000010011100100100011000011000000001001101000001010000000111100110100111000101101010001110010010100110010000000001010000000000010000000000010110100100101010100101000000000100101101000110000000001000000110001001000010010000000000000000100010100100000010001000010010001001001010000000000000000110000000110010010010000101010000000100001000000001011100001000
10001101001000010100001000000000001000100001001000110000100000101001110010001000010000010000000001100100010100100001101100110000001111100110010001010000000000011100001000100011000100000001010000110110000100000000000000100110101000011110100010000100100000010010010010000001010001100110010100000110101000011001010000000011000000000011001001010000100000100101010000010001000000110000100000110000100010010010000101100000010000000000001001001000101101101110110001111011110000000100001011000000001000000100
00000000101000010001110001000001010000100001000010000001000000000101010110100000000000011100010000000010100100000001010010000001000000000100001110000000000001000010001000100000000010000001010000010100000000000000000100100100011101000100010000100000001010010110000000001010010000100110000000000010000000001110001000001000000110001000000010010010000000000010010000000000000000000001000110010010101010100000000001000000000000010110001100010000000000100000000101000001100100000000010000100010000000000101
00000000000110110110101000100100100000010000110000000100100000001000000010100101001010010010000100000100000000001000000000100000001000000000000001100010001110101000001000001011000000000000000000000000101000001010000010011000000001010000110000110101000010100000100101010010010000011000101010110010111110000000001000010000100001010000100000100101000011000100010001101010110000000000000101010010101000011000110011000001001001100111000000001000011001011011000010000000001000010001001000100010101001100011
10001000010000000000001100000000000000011010000110000000000000110000100000000101001000000100101011100000001101010100001101000010101000010000000100000000001000000100001111001100010000000001000000000010100010000000001110110010000000000000000000100100000100100000111000010000100000110010000000000000010010000111001000000000000000000001000001100001000111000000000000001101000010001000011100010001000101101110001011001101000101010110100011100110000001010010001000011100001010011000000000000101011001100000
01000000111000000010010000001011000010000001001000010100000000110000000011001010010101111000000001010011000000010001000111010100101001110101000000010001001010100110000010000000000111001000000001000100000000100101010000010010001100000001001001010000000001010010011000100001101000000100010011001110000100000110010001100010000100100000000001000001000001000000100010100000101000000010000010010000100010011011000000110000100001100011000010010000111110000010001100000101110010110100001110100001001010101000
01110100110101000000001110101000011000101000000001000100000011000010100010000000001000100000100011001000011100000010001000000001000000011000110000000010000000001100110000000100000000101100110000001101010001100101000000100000000000110010000011000101100100100000000100010010001100000001000000000110000001010010000110100000100000000000001000100000000111100000010000010000000000100001000100000010000000010001000001010000011000000000000100000000100000000100011000001000010000001101000000011000100001000000
01101100000001000100000010000000100101100001000100101011011101000011001001000000001010100000000000000001000000100101110100101000100010010001001000000100000000001100100101001100111000100001000000000101100001010000000101000010001000001000100001000000001000000010000001000000000000000011000000000100010010000110101110100010000000010000010001101010100100000000011000000100000000110000100000101010001010001001001100111000010000010100100000000001100011000100000000000110000010000101000000000001100101010000
01000000010000000000000010100100000010001000000000010000101000000000001000011000010100000100100101110000000010001110000010001000000100111000100011010000000000000000000000001000100111010000000000111111010010010011100000000001000000110010011100010000101001110000011000100011011000000001000010000001100000110000001000000010001000010000000000000100010010000000100000100000100010011000001000011010000010000001001100100000101100100000001010000100100000011010000000010010001000000001000000000010000000000011
10000000011000000000011100001000000000000110000100100100000000100100000001100100011000000101010000001010010000001000001000000110000010001010001100010001001000100000000000000100000000000000000110000000010000000010100010000000100000001001011001001010000000010100000010000001100010010100000011000100000000010110000110000000011000001001011010010000000001010000000000010000100011010000100100001000000000100001000101000110000100100000010000000000100000100000000101010100000101000110000000001100000000010000
00010000001000100010000000001010100010000000100011000100100000000000101110100000100011101110011010000001100000000000000010100001100000101011001000010000010000011110000000010011000010000000010100100101000101000010000110000100100000100000011000010000000000001000000000100011101000110010101000010010110011000000000000001100000010001101110011100000001000101000000000000000000000000001010011010000100001101010111000000010000100100000111100000100010101111000000001101010010101010001000000010000001000000100
00000011101010010000011000001010001000000000000001000011010000001010100011000100100100000000110010000000000000001100010010101000001000000000010000001001000001000000000000000000010000100100001100000001000010001000100010000000000000010011000000001000001000110000000001001000000000100100001010100010100100010010000000100001010101001110000000000100001000000000000000001100100001010010001010100111011001101011000000011100000101110100100000010000000100000110000010010000100010010000100000000000000101100010
10010010000010000000100100000000000010011000000000000010000010001000100000000010000100000010000000000100001000000010000000100010010000000000000001000100110001010000010001001001100001010100000110010010000010100100000011100000101010001111001010000101111100001000000000000010001000000000101000001000010000110001010000010000000000100000001001011000000001000000010100001100100000000010100010011000001000000100000000010000100010101000010000100000000000000000000010110100100000000000011100000100001100000100
00000100010000000010110000100000000010000010001011000000101000111100000000000100001001000000100000010010000111001000000000010000010101100100000011000001110010000010000000000000110000010000000000110011100000001101010001000000000000100001010000010000100000010001000010010000110011001101010101000000010011001000010011001000000001010100010011000011000010011001001001010100000001101000000000100011000000000001000000000001010101000100000100001110100010010000000010001010000101000001000010100000100000000001
00010110000001000000100000010000000000000000001000011001000101100000100000001000000000000101000001110101000101000000000000000000001000000000000010100010000001000010011000000000100101000000000001010000100001100010000100000000000000110100001101110001010000001000000110000100000000000100100000000000000100101000010010100010000110000001001001000000000000100000000100111000000000100000010000101011000110001000000110011011000000001000110000010001000000000100000000000010110101101010111100001000000001101100
01000000010000110001011010000000001110000000001010100100000000000000010000100001000000010010000010000001000000010001000000110000010001000000000000000011011000100100011001000000000001000001000110100000000101000100000100001000000000000000010000000010000000010100000000000000000000000000000100110100001010100010101100000111001010000000000000001000000001011000001011000010000100000011001001100001000100000000100110000010010000100000001010000001001100001000000000000010000010100111000000010000000000100010
00100000100000100110000101000101000010001000100100101100000100000000011000000000000001001101100001000000010000010000001100100010001100001010100100110000000100001011011011011000001001110110100001100000011000110000010000100100100000000001010001000010001000100001010000000001001001001010000000011010110010001010000100000000010001000000000000100000001000110000100110111000000000001000001000000000000000100100000000011010000000100010000001001001000101001101001000000010010011000000100100000000001000001100
11100001111001100000000000001001101000000010001000000011101000000101011101101111000000000100100110000000000000001010001010010000001001000000100001110010010000000011000000000101001000000110000100110000000000011011000001010000001010101000100000001100000010000000101100000000001001000010101001100000011001000001000000000000000010000010011000000000000000000000001001100010010000010100000000101001101000000010110110011101000000010010001000010010110001001100010100000010101011000000000110000101001000000100
00001000010000000110010000000010110010001100010100001000111010001000000011110000001000000101100000000000000100000000100100000011000101000000010010100100000110001000000001000011100000001000100110000010011000001010100110000000010000001000000000110000110100001000010000001001100000001010000000000000001101100001010110001100101000100001001000000000100001110000000001100000001000001100000010000000000000010001000001100000001010000001001001100001010001111100000111001000101111000000010000100000100101000000
10011100001000001000101110000110001000101001010001100000000000000001000100000100001100001000000000000100100110000000110000010000000001000000000000001000100001100100000010000000001000101000101000000011000000010000000010010000100000000001010110000000000011100011110100000011000001000010011000100000100001100001010010000010010000110000000010001000000001010011000100010000010010000000010001000000000000100011000010000000010100100001010000000000010000000011110000000000011100001000010110100010000000100001
00100010010000000100100000001001000001010110111000000100001100000010011000100000001100000000010000010000000000010001000000000001110000010000100000000100010001001000000010000100001000000000101000101000000001001011101100010000100001000010000000100000100110001001100001001011001100000000000100001000001000100100011100000000011001000100000000000100001000000010000000001000000001000100000100000001100000010011000100110000000001011100000101100100000010000000000000110011001100101011000101000000100000011110
00000000000110001110101011001000001111101100000100000110100011000110000001000000001101101000110001110101000000001000000001100010001010110000010010100010000000100000100100000010101010010101010100000110100110000000000000000101001100000100010000101100100000000101011000011000100000000111011000010111101000111011001000000001001111100110100000001000010100000010000000010001000100001001101001000000001000100010000001000010010000001100000011001100000000000100001000001000110010000000100101000010011000000100
00000001000000100101001100001001100001000000010001100101101000101100100001000000001001001010001000000110000100001000100100010000010010101000000000011000000010110110000000000000000010100000000011001000001011000000000001000000000110100000100001000010000100000100000000000000000001000001010010011100011111011000010000000001001010000000000000000000100010001001000010000001010100000001100110000010000110110000010001100000000010001010100010001001011001010010100000011000010000000000100000010100000000000010
00000001100110100000000000010001000001011000000110000000010000000110101110101100000100100100000101001101001000000111110010000000001000000000000000001000100000001010000000000100001101100001110000000010000101100011000010000000000100100010001001000000001000100010110110000000010110100010101101010010100001100010000001000111000000010100010000000001110100000000110111010000100010000000101001010100000011100001100000000000001000001010110100000000110001000001100000101100011100100010100000000000000010100000
01001101000000000000001101000000010001000000000001000000000100000010000000010000000010000001100000001000000000001000000010000000000100000000000000100001000000100000001001100100100100000100000110000101000111000000000001000000100010001000000010010001000000010000000001110100000011000110000100100100001100010010000000000000000000000010010000000010011101001100001000000001100000010000000000001000000000010000101000000100001000000000100000000001001100000000001000001001101000100111001000100001001101101000
01000001000100100001000000011000100000110000110001010001001101000010000000001100001101111000000001000000011001011000000011001010000110000010010000000011100110000000000001010000000001001100000011100000001000000101100010010001100000011001000011000110000001001000100000000000000001001001000110000000000010001000001010000000000001000011000000010000110000000000010001000000001000101001000001110101000010101100000000101101011001000000000010111001000100100001100100000100100000000100101000000000100100100100
00010000001000000001001100001100000000010000100000000000000010000000000110110000010000001000000100110000110100000100000001000000010011010000000000101000000001000001100010000000000110100010000000100000011000000010000001100000000000000100001001010110011010000010000000101001010100000100100101000000100000011000110000010001000100001000001100101010001001010000000000000000101000100010000000000100001010000000000010000000001000000010000000000000001000110000000000111110000000000101100010001010000110110100
00000000000001000010001101100001100000011101100000000000011101000000000011000110000000000000000000011100001110000000000110000100100001000100100101000000000010000000000010010000000100000000000001100000000001101000010010000000100100000110000000010001000000000100001000010000010010001000010000000000000000000001000011010001010100100010001111100000100110110000010001100000000001000001001000000000100110000001010000010000100000001100100000000000010000010000100001110000100000100000000000000000000001000000
00100001001010010010000100110000000101100001001000000000010001000000000000000010100010000001010000101100000010100000011110010001000010101000100000101000100000001000000110001000001001100100011000000000110000100100010000001000000001000000100000000001111000001000101100100000000000100000000000010000000001011000010110000000001010000001001001000000100100000000000100000100001000000101000001000001001000000001000000110100000000001010100000000000100000100010000100011000000000010100000001001010001100000110
00110100100001000001000000010100010010000001100111001101000000000101000000010000010100010100101000000110000010100000000000011000001010001000000000100100000000011011000000000011010010010000110001000000000000000100111000010000110101100100111010110000000000010100110011100000110010000000011000001001010000110110001000000111000100100101000000100000000010001100100011000011001100000010100000010000111011001010101110100100000000000000000000000000000010011001110110000000001000001100000100000100000000101101
00000100001000000000100100100000110010000000010100000100101000010100011011000101100001110110100001010001000000000001011000000001111000100000000010010000000000100011101100001000010001000010100001101000000000011010010001000000100000000001000110001000000000000000000000000000000100101000100000000100000100000000000100000101100000000100000010100000010000100001001010000000000101000000000001001000010010001001000110100110011000000010000000000101011001010000001000001010001001000001010000011101000010001110
00100000010010000000000000000110101001100100000000010000010010001000011000010010000000010000000001001101100010100100001100000000000000101010110010001000011000010000000011000100101000000011000001100001000000001010010010010100000000100110000000010011000000001001100000010000111010101000000100110100001110010100000100100000001100010000001001000001001110000110010000100010110000001010010000110100010100010100100110100000001000000110000000001000000100000000000000110101001000101011101000110000000010001010
00001100110010000000011011100010100110000011101011000011110011000010001001000101010100010100010101100011010001100100001000000000001110001010000000000000000010010100100110110000000101010000000001000000010111011010110101001010001001001001100100010001011011000011000100100000010010100000110010000000101001001001000000111000000100000000011000000000100100000100010100000111011010100100101000001001000000000001000001110110010000010110000000010010000010000000001010000000000001011001010001000100000001000000
00000010000010001010000001000000000000010000000000000000000010110000000000000000000000000111110000000000000000010010100000001000101001000000000000010101000010000010100000101010001000000001000000000000001111100000000000001000011001000010000000000100111000100100000000010000100000000000000000101100000111000000101011000101000000100000000011100100101100000100100100000000101000000100010010000110011000011001010000111000110011000000000001010100100101010000100000001000100100010001000010110010000100000000
01000000000000000101001000011000101100000000000101010000010100001000001010000001000000000000101100100001000000000000010001100001001010100000000010011000000100000100000000000000110000000000000000010000010100101000010001000001001100100000001000100010101000000000000110110000000010100100000110000000000010000001000010100101101011000010000010101001000000000100000000010000001100000010100101101010111000100000000110001000000101000000000010100010100100010000101010010000100010001010100100100010011000111000
00010000011000010100010000001110011010000100001000001010100100000101000010001010000100011000101000100101111100001000010000100100010000000010000000010001010101101100100100001000011011101010010000000000001000000001100010001001110010000000000010001001000000000010011100110000001100011000110000010101100110001000100100000001000100100010000001001000010000000001000010100100000001000001000000001011010100100101010010010100001110111000000000000100000000100001101010001000010001000001111000010000010010110100
10000001000000011100010111000000001000010000100000111010111110001100111110101001010110010000010000011010101000000100000000000100000110101000000000110100000001100000001100110101001010000010000000110001000000111101010010001100001000101000000000000010100000000001100011000000011000100000100000001100010000000100001110010110010001000010100000001010001001011000000000000001001000000010100100000001000001100000010000000000010001000001011100101110101010010001010101000011000000111010100001100100010000101010
11100000101110011000000010000000010001011000010001110010011001101000100100000001001110100001001010000001001000010101011000000010110000101100000100100010001000100001010100000000011010000111000001110001100000000100101011000000001010000100000001101001111101000001110000000001010001110000000000000000000100000100011110000000100000011000100100110000100100000101010001001001000000000100000100001001010001100000001100000100010100000011000001010000010000000000000110001010100111000010010110110110100010000010
00000000000001100011000010000000011101001100000000001000000010000100000100000100100000001000010000101100100000000000000000010001000000000000000001000000011001010000101010110000000010010000000000000001000101001001100000000000010000000111000001011000000001000000000011000000000000010100000001101001001000000100100010000100001000000011010000000010000010110000000000101000001100101000000000001010000000010110011000000000100001001000000001000000000000110001000100000001010010000110000000000010000000100000
00011000000001000000000000000000000000000001100011110000001000000000000000100000101010001000000000101000110000000101100000001011101000111010000010001000010000001000110110011001001000001100000000001000100011111010010110110101100000001110000010100000001000000011001000010001000001000011010100100001110001001111000100100010010010001001110000110000010000010100000100000000100000000000000000000000010000001110100000110001000000100000001000000000010010000000000100010001111100100000100000010000010000100000
01010101011001001100110000110100100000000000000000101000000001000000011110101100000100000000001001010000110001000100011001010001000000010000001100001010000001000000110101000000001100000010100101010000001001001000000101001100100101101010111010100010100000000001010000000000110000100101000100010000000001000000001100101100101100011000101010100000100100010000100010001111011011000000000001000110001000001000010000110000000010001100000101011010010000001101110000000000000010100010001000111100100000010010
01011110001001010000100100001010000100100010101000001000000100000000000110010110001011001001100010100000010100011000000011001011010000000001000110001000100000010001110111000000100001000011010011010000000010000000110100001110110010100000010101100010100000000000100000000000000100000000000000100000000010001010010010001001000000010100100000010000000010001000010010010010100000010100001001101000000001010010011001101100010000011001000000000100000110001000100000000001000011110000100000000101010000001001
00000100100110100000000100011100000000110100001000001011000100100001000000000101000000001010000000000000010010000010100010010101000001000000100000000100000110000010101000101001000000100000001000001000000010000110000011000000110000010100001001000001100000000010110001000001001000000000000000000000000010000000000000100000001000100000000000100000101000100100101100011000001000011010010000000000000100100000000001000000100100010100010001000000010011000001000000000000000010000010000010001000000000000101
01101000001000101100000000100110000000100010000100000000001000011010010000010110000010100001000001101000100100000101001100100001010011100000100110000000110100001010001100011001100010100000111000000000000110000001000000000000110010010000000010000000100100100000000101001110000000001000000111000101001010000001001100000000101001000010000000110000100011101011010000010011001000000001110100100100000000001010000000001001000000001000000000000000010000010110101100100000100100010000001000000001000011010011
01100000011000001100000100000010010000000000100100010100101000000000100000011001100000001101010000011001000000000101100000010001000110001001001100010100000010010100001000011000000000000001011000100000100000011000001101000000100001101101100100100100010010100011010000100000000000001111100000110101001000000100010000000011010000000001000100000000110011001001100000001100100001111000010100000000000001011000000001100000001001010100000100100100000000000010000001100110010011010000110000000010110011010001
01001000000000011000000100000011100010000000011000000100000101001000001000000000100011000000010011010010001010000000001000000100010000000100010000100011000001010000000100000000000001000011100000000010000000000101101001000000000000000000000000100000010010000001001000000001000010000000000000100000010000100000010001000000000001101101010000000000010000000010000010000001001001000100011010000001001000100000000001000001000000101100011000010100000000001001100100000001100000010110000000010010011000000101
11100000100001011010001000000100010000101000010101101000000010101000011100101001010100100010000000101100000000000000000100111000100000000000111001000010100001000000000000010010000001000011000001001011010000100110000011001110000000000000011101001100100000001100000111010000110000110100100100010010000000100010000000001101010000000000110111101010010000010100001100000110000001010000010001000100000000000000000001000101010000000100001000100000000001001000110011000100000000110010000010111010001000000101
10000000001010000000000110000100101011000000001101000000000000001000110011100100011101000100001010000100101111000100101011101000100001010010010001101100001100000101001000000101011111000001110000001010010000001010000000010001100000011100011000000000010000010000001000000000000000100000000000000000011000100000111000000000000000010100100000000000101111010100000110010010101010100000001000010000010011000000111000001000101001001001100000100000001000000000000110101001001000001000110100100100001000000010
00101000010000010000000010000011110000001010010001110101000001001000110000110000101000000000000000100000010011000000100010000101001000100101001000100010000100000000100001000100001000010000000010010000000001010000001000010001000001010011000110100000000010110010100100000011000100000010000000001000010000000000110001000001000010100000000000000000000110010001000010100010110000000000000000010000000000101000010000000000000010000000001011000000000000000000000110000000100101000101000010000000000000001011
10000000000011010001000000001000011000000000000101010000101000100101000000100000000000000000100001000110000101010000000111000000000010000000000001001010100100000000111000000010000000101100000011001100000101100000001000111001000000000010000100010001011001101000000010100000000000011000000011000000000000000000001011100000010001011100000000100000000000001110100000000000000000000000000000010010100000101001101000000010000000000001100010100000110011100001000001000000010010100010010100001010001000000100
00001010010001000000011001000000001101000100000001010000000001011011000100011000000001000001000110110110000010001010010110000000100000010011000001000001101100000011011010001101000010001000000000100000000000000001111001001101000100011000101001000000000011000111000100010110000000010011000000011000010100001000010001110010100110000011100011000000101100000000111011001001011000000100010110000010000100100101000100100000100010011000100010001101001010001000110100100000001010100000010000100010000100000001
01101000100010000000101010001000001001000011000001100000000000010100011000110100000001000010000001000000101001000001100001110001000010001101000110010000101000001010000010001010000100011001001001100000011110000010000010011001000001100010000000000001011000000110000011010000100100010010000000010100101000100000001010001000000100011011011100010010111000000100010000000001100000000110000011000000010100000000000010000000100100001011010001000010010101100111000000000000100001010000000011000000000000000011
11000000001000101111000000010010010000110101001001000000100011011000100001100010000010000111000000010000010000101100100010000100000100001110100000000000010110000000100000000101000100100000100000010011000010001010000010001011001000000010110001101001000000000001100001110111011010000000100000000110100000100011010000010100000110000001100100100101101000000100000100000001000110110100000000000000000000100011010111100101000001100111010011101100001000000000110000000010010100000000000000100010100000100000
00001011000000110010100100000010010000000001100000000000010000101000000100010000001001000000000000100000010000010100011000100010001000000001000101001001100000000000110000010000010000100000011000011011010010000001101100000111000010000110100000100001001000101000000000000001000000001000000000010100000100000101000001011000001000000011000100011001000011000000011010010000100000100000000010010100111110001000100000001000000000000010000000010001000000100000000000000001011011000000100110000000000100001000
00010000010000000000011110010011000100000010000010000010000101010000000100000000010000110001100000110100011100000000100001101100111110000110000110100110011000100000001100010000110000100000100010101000001011001000010111001001100100101001000001000000100010100001000000000001000000010001001001010000000010000000000000000001001000010001001000110010000000000000011000000001000010000111110011101010101010010010000000010101010000010000101111000000000010001000100010000100010000011000100100110010100100000001
00001001000100110001100000000001100100010000000010000010000101001000001010000000100000110000000001101100000110100101000010000100000001000100001001000001000001000000000000000100000000000111000001000001000000000010001011000100100001000000000111001000000000000001000010010111001000001000000100000000001000001010000001001000011000001000100111000010000011110000000000000100001000000000101100100110100010000010000000001100000110000010010000100000000010110010000100000100100000000000110000001000000011000110
11110010000010000001100000011000000010000000110000001010000011001100000000010100000001000000000001000001000000100001001000100000000000000110000001110001110000000100000010101100000001000000000000100000101000100000000010100101100010000100101001000011101000100001100010000000100010010000000010010011001000001100010000001010100001111000011001000110010001110001011100010000011010001000000010101010001110000000100000100000000000100000101000110010000000000000101000000010100001010000000100011001100000010100
11111000101000100000100000010010001010101000010000010000001010010100111010000100000000111000011111110000000100100100110101000000011000000000000000100000000000100000100000001010100001100010000100100001000100100100101111101010110100000000000000000000100100001000001000011101001110001000101000101100000000000101010000101000010000101001101110100010001000110101000000010010001000000101011000000001000000000000010010010101000010000001000000010010000000000111100000001000000100000010010101100000010001000010
00000010000000011100000010010000101001101000010000001000000001011000101000001000010000100010100100000000000000010000100110000000001001001000000000010100000000001100000001100001000010000010000000000000101010110000100000001000000010001000001011010000010000100000000000000000000010010000010101110000000001101100000101001001110000011100011001000100011010001000010001100001000100000000001100000010100100000000000101011000110000000000010001010001000000100000011010010100010001000100011111000100000000100100
00000000100000001101000000000000000000000000101001000000101101000000100000100100000100110001000000000000000101000100100010100000000100000000000010010000000001101100010000000000010001010111010000010000000001000010000010100000010100101011001000010000000011110000001000000000011001000100000110010011100100011000010110100011000100000000101010110000010110000000010100101100000010011001000000000001000010000011001010001000010111000000101000100000000001000001001000100010000110010101100000110011001000100001
10000000010000001000001010000000010000000001010000000001001000001100000000101111100010000101100011000001100000001100000000100001001000001000000000110000100000000100000001001010110000100000000100000000000000101010000000110001000110000001101000010010000100010000110000000000001000001000000100000010000000001000100101010010101100000011000001001001001001000000000000000010000011000000100010100000000000000101000000000000110000110000100000100000110000000000000000101000000001000001000000000000101000100010
00001010100100000000000000000000000100000100000011000000000100001000100000100101010100101010001001001100000010100100111011001110010100011000100010100000100000100100001001000010101000000001001001101011010010011100010101101011100110000001000000000100000100000000000000000000001010010001001000000011000101000000001000110101001011011000000100100000000111000010000011001000100101000000101000110000011101100000100000100110000001101000110110000001000000000000000100000000100011010100000000010000001000001000
10000110010100000010100011101000011000000010000100011001100010000000000010001010101010000000110001000010000000011000000100010110110000001001001100001110010100001000001010000001001000010001000000000011010000000000010000110110100010100010110001100001010100000000101010100001000100000101100000001100010000000000001111001101000011001001100010000100000010010111001000101100000011100100111100000000000000110100110101000010000001000010100000001100001110000000000011100001101100000110010100100111000010000000
11000010000000100000100111001100101100100000010100100000000011001011000001000000000010100100100001010100000000010100001000111000100000001000000100101010001010001100000011011000100100001001010001000000010010000011100000100111001000000101000000000010010011001000001000001000010011101000000010101000010000010000001001001100011110000110110111101110001101010000110110000000000000000001101010001011100000000000100100010110011000100000100010000000000000100001101000110100000101001100010110100100000000000001
00010110000100001100001100000001100010100000100000100101100100000101001001001001101001001000000001000000000000000100000110100011001000001001010010101111000001010101000111101011010011001111100010100101000010100000010001111000001101000000000000010000100000001000001100100000000010110000100000110010010000000001011000000100000100000000011000000000000110110101000100001000100000001100010001001010001000010010000101110110000010000110000110000100100010010000100011001100001101000010000101000000010001000010
01010010110011000100000000100000010000000000000000000001100000000010110000001000010000000001100000000000100100001100100110011110000000000011000010000000010000101000001001001010000000100000000000000000000000010000000010001010000000000000001101000000000100000000110010000010000001110011000010000000000000000100000000000100000000001100010000000001000000010000010100001110000000101000000100011100000000000010011010110000010000000000001000000000100001001100101000001101010001100001000110111100000001010001
00010000001010100011001000000001010000000001000000000010110000000100001000010000000100010000010000000110000000000001001110010000000000000111010110000000000000100010010011000001010001000010010000010100000101100000000101000000010011010100010001100000001000000000000000000000000100010010011000000000001100010100001100100100001010000001000000000101000000000000000100100001010000000010000001000010100000000010000110110000000000110001010000000101000000000000000110000000000001000010100000010100001000000100
00001000100010000100101000010000010110000100000000000000000011000011000001100000010000000001000110001000101000001010001001101000000000000101000110000000000100100010000110000000000010001100000000000110001001001010000011000100100100110011000000000000101001011000010000001000000011000000100010010010001010010010101100000000000001100100100000101000000000011001010000000000001000000000000010110100000101000100000001000000001001100000010100011011001001000100001000000001011000010000011100000010001100000010
10010010100000100000000000010011100000001000000000000011000000100000010000011000000100000000010000010001010001011010100000010000110101000111000100011000100000000000100101000000100100000101001000001000110010000001010110001001000010100101000001000000000000110010001010010000000001100000100000000000001000000000010000101000010000100110001010110010000010010000000001000000000011100110010000001000000101110100000010001100000101100000101000000001000010000000010001010100100000110001000100000000000000000100
11101010100100000100100001100010000000000000110011100000001000110001010000100000001101001100001010110000100001100000000000000000011000000100000000000011100000001101110000000100010100000110010001010000001010001010100000000100000001001100000001110100100100100000010010011100000100000000000000000101100110000110000001100101010000000011000000000000000000000000000000010000000000000100000001000000000000010010100001100000000001101000001010010110010101000000010001000001010111010000011000000001100101000101
00010000000000010100000000110100100000000000010100001100000001000000000000110001011000000110011000101000100000001100010000110001000000000000100000000001100101010010110000010001000001000010011100100000010001000000000000000000100000001000101100101000000110110001000001100001000000000000000100000000100100000001000101100001100001001000011001110000100100010011010100010000100000000000100000001100011010010100011010010000000000000100000000000001000001000100000001100000011100010000010100000110000010100100
00001000100100011010001101011010000000100101000011101011000101000100101100011000001001000101001101100000001010101100000000110000000101011000010001010001000000000100000001010010001101010000100100000111010001001001001000001000000000000100100001000010100000011100000000010100000000011110001100010000010000010000001100100010000100100010101011100000000000000001001100001000101001010000000010001001001000000010001100100001010011100010000100010000000000010000100101000000100000010001010000000101011001110000
00001100000000000001000011000000000010001000000001100001000000000000001001000000100000001001000100010000000011000101100010100101101011011001000001000000000001000011100011110100101000000100111010010000010010000100000000001001111100001001000100100000001001000000000001001110010010110000010101100110010110000001000000000100010000000000011000000000000000100010001100101000010011001010000100000010010010010000000110000001000101000000000001101100100000000100100000110001100000001100010011000101011010000001
00101010011010100000000010000101000010000000010001000100000100001000001001010010100010000001000101000000100000000000100100000000010000110001000001000000001001010100000000100000000001010001001010010000000010000000010000000011000010000000101000000001000000100111100001101000110000011000000000000001110010010101010000101000010000000000010010000100000000001010000011000010110001000101000000100000100000001011000001010000000011000000000100000000010000001000000000100110010011000001000000111001001001100000
00000010000000000101000000000110100000001100000010000000000001001100000101010100010001001000000010000100110010010001000101001001011011000000100100001011001000000001000100000111001001001001000000000111000000011000010000000001100000101100010011110011000001110110010001100000000001011100000101000101000100100000100100000010010101100000000100011010101000000100000010001000100000000101000100000000000000011000000001011000000111011100101010110001001101000001000000000010110000100000000010000000100000010001
10100000001000010110100100101000000000011000000000010000111000101100010001000000011000111010000001100010001100001001000001000000001100001101101000000101000010100000100110000000000000010000100000100100100010000000001000000011001010000000111110000001010010000000000111000000001000101100101110000110010010110110000000000100011100000000110010001000001000001101000010001110000001000110100000010011000001001100001100101000010000010000010001101000000001100100000010000010010000101000100101011010111100001001
00000101001000000010000000000000100001000000010001111000110111000000100010000000100001000001110000010000010100000000000000000000100000000000001001000000000000001000000011000001101000100000001000000011110000000100000100101010000000000011100101100000000001100000100100001011001100000000000000000100000000110000001100010001000110100010101001001100101001110000000000010010000000010000110000000010110101000000000000100001000000101100000001000010000000010000100000000000000000000001000000000000000100000001
10000001001000010000100001010000001001000100000001100000000110010000001000000111000010010010000001011100000011010001000011000100010000100000000110000000000000000100010000000000110000010100101000010010001000010011001001000000000000000011000011101100010011100000001100001000010001000000001100001001000010010001001110110100000010001010100000100110001111101111001001001111101100000110000100011000011100011100001001000101000010000100010000000100010001101110000000001010100110011111000001101000010110000000
01000001100010000001000000100100000100000000010000000000001100010111010000011110100000000010000000000000000000010000110000001000010000010000000100000000000000010001111101000000000010100000011100000001001000000000000010001010000000000000010000000101000101000001000100101111000100100100010010001110000010000000111000001000011000001000000010110000000000100000000000101100010000100010000010000000100000000000000000000011100001100000000001010000101110000010000000000000000000000000010011000000000000011100
00111000000100000000000100000000010000100100000001110010000100010000000010010001000001001000000000100101000000000000000000100100000100001000111000100001010000010100001010000010110010101101000100100110001110100000100101010101000100100001100011000001000000110001000000001000000100000000110001011000000000010010000100000000001010000100100100101110000110001010000000001000000010100000000100000000100000101010110100010111000110100010010000000000000101000111000001000100000000100110001100000100100000010000
01001000100000001100011000010001001010100000000100110011001011100110001100100000110100101101000000000100000010011001000000000000010000001001110010100010100100100110100100100000011001100001100000001000000100000110010010001000010000010100000001110101010101000000001001000101010000010101100100010010101000000000010000000100000100001011000111110010100011111100000000111011000000010001100001001010110001001100000000001010001110110000000000010100000100001100001100000010000000000000000000010100001000001010
10010000000010000100000101000101100000000000010101000100100001100000010110100101001001000100001000000100100000000000000000001000000001100000000010000010000000001000000101000000101000001101000001000101000010000010000011101010000001001000100100010001100001000000000000010001000010100001001100100001000000100100100100011010100010001000000000100000000001000000000001000000000001011010100000100000000100000000000011000011000001000000000010000000000101000010000001000100100000000010101110000010000000011000
00100000010001110100110000000001010001011100000010010001000000000100001000000000001000100100110000010000100001000101110000000000001110010001000111110100001000000000000101001000000000000000000010001000000101011110000010000000110000000000110010000100111001000000010001001010011000000100000001000010000000110010001000001000000110000101000011101100010000000100010000100000001000001001010000110101001010000010001000010100000001010100100001111000100011100000001001100000010000000000001000010000010100001000
00100000011100001001100110000110100111000011000000000000011000000001100000001110000110110100011010110010000000001011000010000000000100010000000100100000111010100000101000100010000100100000000100010000100100100001000110100010110000101011100100110010000000001000100000001000001011010000000000000111001001000010001001001000001001011000000001010001000000110001100000000010000000011100010001111000100000000000000010001100000010010000000000100010000000001101001001011001010011000010000001000100010000010010
01000001010000000000000000000000101000011000000000000000110000110100100000000010111000000100000000001001010000000100100000001010010000000000010010001010001100000000000010000011000100010010010001100000000000010000000100011100100000000010010000001001101101001100000000000010110110000100000000100000001010010100010100110101000000000100100001010000110011001000000100000001010000100100100010100000000000010110000000010101000110010001001100011001001110100000001100100000000001001000000010000001000010000010
00001010000001100011100010000000100100110001110100000000000010001000100000001001000000000000010000010010000001011000010100001000100100000011000100000010000011000100000000000000000100100001000001000101000000101000000001011000000000000100000000000000010000000000000000100000100000011110101000010110100110100010101000000000000000100000110010000000000011001011000001100011000010000001000000100000011000101011000000000101000000010000000010001000100000100001000100000000001001000000101001101010000000010100
00011000011001110000000100001110000010000000001000000011100001000011100001010001100000010100101001000010000000001010011001001001000001011111001010001000000010001000100000000000100001001011000010101100100001010000110100011100001001101000010001100001000000000000101001001001001000000100000000000001011011000001000001110010011111000000100101000001010011000001000010000001110000000011000010000100000010001100000000001001100000010000001100000000100011001001010100000100100100000000000001000000101000011000
10010101011010101000000011000000000000101000001000010000100100101010000111000000010001000000100000000000010000100000110110001000110000101000010001000001000010100100001110000111000000000000000100010000010011000010111100000000000000001000100000001011000101000100001000011100000000000010010010000010100001000100001000010011000100110010000000111010100110000000101001001000000000100000000100010000011000000101011110000010010111100010111111000011100000000000000000100001101000000001000000010110100110101101
00100000000100000000001110000110000100001000100000100000100110100001100000010000000010010010001011000000001000000110100100110000000000000010010100000100000011000101100000000000001000100100000010010001010000000000010000010100010000000000000000000011010001110110000110000000100001001010000101010000010010000000100001101100000001010000011001000000000000110001100110000010111000000010101100000000010010010110000000101000000000000111001010001100000001010000000000011010110000001000001101010100001000000001
