10010000100100000000000000000000000010110010001000000101000000000001000000000111100000000000010001011000101001100000000101010010010000000010100000000000100100000000000100000001000000001000000001000000100101010000010000010011000110
00000000101000001000010110000000100001000110000010010000000000000100000001001001000001101010000100100000000010010100100010000100010000000011001100000000010101001010000010000000011001000100000100100000100000100000000000100000100100
10100000001101000000100000010100001100010000000100010001000001000000001001010110100000010100101010110000000110000000000001000100011011010000010100100000110100010110000010100000001001110000001100010001100000000000000010001001000110
10000000000100000000101010010100000100100000000010100000010010110001000000000000010000000000000000000000000000000100010100101001000001101000000000001001011101000100001111010000000000001000000000001000000000000100101010000001100010
00010010001000100000010000100000000000001001000000001010000001010010100100100101010000000000000000000100100000100000001100101000000000001001100001100000011000000010011010001000010100110000100110000110001000100000001001000000010000
00000000000101100000011000100110000011000000001011100000100101000010001010000010010000000011101000010000001010110100000101101001001011010000000100010000000000000110100000000011000000000000000000000000100011001000001010000001000000
11101000000001100011010011101100100000010001000000000001000000010000000111111000110011000001010000000000100001001001011001000100001101010001000001100110000100000000101101100100000010100001010000010000000000000100100010000011000000
00010001000011010000000000010010000000000000000001010000000100001001111000100110001010001010010000000010000001000110101000001100000001110100000010011010000001000010100101001000110010000100100010100100000011010100001000110101100010
00000000000000000100100001100000001000101011000100000001001010011000000001100000010010000000010111111101110001000000000000111100010001000001100000000010010000000001101000101011101000100000111010000000100000001101000001000000000000
00001100001011100010101000100001110001010000000101100001011000000011000010000001101011000000111011011010010000000001010001111010000000000001010100001010000000110000000000100010100100010100001000001000010010000001010000000000000000
00000001001000000000111100001100000001000001101000001001000000010000101100000000110000000100100111000001000001110100100001101010011100100010010010000001000001000001101111000001010100010000100001000000011010001010110011100010001001
00010100010100000000001010000110000101000100101010110000100010101001100000010010001010011000000010110000101000010000010001100010011100000001100010000010001000110111010010110100000010000001000000010000000000010101101110001010010000
01000001110010000000000100001001000010101100000000001111001000100000101000000100000100000011000000010001000000000011010001000000000010000000001100011110000111000110110010000001110000000000100000000001111110000110000000000000010011
00000101000011100110011000011000000001000001100000000000001000001010000001000000001000010000100010100000100000000001101010101001000000100010100010001000100000100100000000010010000000100001000000100101100110000000000001001000000010
00011000001000000001100001000000000001000100001010000101001001100010100101000000101110000000000010100010001000010001000110101001000000100010001111000100001011010110000000000001000000000000100001010101101100000110010000000000010001
10000010100100000011001000110000110100000110110000100000101000001010011100001000010010000110010001100001000000000010000010000100010000000110000001000100100100101010000010001100000000110000100000100110010000001000000000111010001011
00000100110010000000000001011100000000000110100011000011100000001000000010000110010000000000000010000000000010001000000001100100011010000110000000001100001000011101010000000000010101010000010101001001000010000001000010100000111000
01000000000000000000000110000010001010001010000000010110000000111010000101111000100000001100110011000010101000000000000011000000000000000000000110000000001001000001110000101001000000000000000000000100001000101010000011100100100011
00000000111000011100000111101010001001100000010100101000001011010100100110001001111010011000101001100000100010000000000010001000000000100010011001010010000000000000100000000101000000010001010000010100100000000111110001001010100010
00000000010000100001001001000100000010001100000010000000001110100001001010010000110010100000100100010100110100011100001000001100000000100101000000100010000011110000010000100000001001100001110001010100000100001001000100000000000001
11000001010000100000000111010000000000000001000000000101010110011010000000100000000100001000000000000000110100000110000010000011011000000000001000000000100110010000000000101000000000010001110110000000100000000100000100001000001100
00101010000000100010000000000100000001000100000011001000100100011000010010101000000000001101001000000100000001010100010000000010000110000000000001000001000101000000000000000000000000100101000000010011001011000100010101000000000000
10000110011001110100100000000010101000010000000110000000011010100100000001000010010110000010100000010001010001010001001100000001000000110101100000100010000100001010000001000000000100111010011100001000000000000001000000010000000000
01000111100000011011000000000000100010110011001001000010000010000010000000000110000001010000000001000101100001101100001100111000000000000000110000110000000000000000000001001100100100000001000100010010100001010000111000011000000100
00100010000000000100000001100001011000000000011010100000000010100000010000000000000000000000000110000010000010001000010000000110010000100001100100100011000010000100001000001100001001000010010000000100011000000000000010100000000100
00000000010000100000001001000010010110100001101100001001011000101010000000000001100100100010110100101000000000001001000001100000000100100100010001000100000100000100100000010000000101000000100001101000000101000100000000000000000001
00011100010000000001000000000001100000011000000000000001000110100100000011000101001011000001011010100000111110100011000101001001000000000010001001101000001001000110000110100001010000000000001010100000000001000000100110100000100000
01100100000101000110000100001000011000000110001000000100000010000001000111001000011000100010010110011000000010000001000000110001000100010010010101000100010000000101010000000101000000110000101100000111000010100100000000000000000000
11000000001000000010000010100101010000000001111010011001010110101100001001111010000000100001101010000000100000010010000000000010101100100000010000000100000001000000001000000000100000010000000000011101100000001101100100101100110101
10011010001000010001100010101111010100110100000001110001011001000001000001011000011000000010000011000000101000010000001110000001000001001000000101110101101000000000000000110010100000000101110000000000010000001000100001000000000100
10010000011010100000000000000100000010000001000001001100000001100000110000001000000110000001000000000000010000000000000000010011000100000001000000000100000000011000001001010000000001000000001011001100000010000000100001110011010100
00000000000000010000000001000001100101000011010010000000010010000010100001000110100100010000000100110000000000011001000000010000111000000000100100011000011000000000010000000000010101000000001011001001000010010100000001001010010000
10110010000010000001000000100100010001000100000000010000000010000000000100000010000100110010010100000000101111000000011000000000000001010000000000000000000000110110001000100100000110000100100000010000000011100000001000001000000100
00100100010100110100000010100000011011000001000000010001011000000000100010000000101000000000000000001000000000000000000000001000010100010100010100010000000000001100000000000011101010010000000011001000000000010000100010010000000000
11000000100001000000010000100101010010100011010000000010000000000000010000010000010101000100000100001001010100000000010000110001000100000100000000000100010100000000100100001000001000000000000110000000100100000100000011000000110000
00001000100000100010000000110000000100100100000001010001010000000000001000100000011000000000010101011001000000010000011000000011000100000001000110000100010000001000001001010010000000100100000011000000100000010000011000100000001001
00010000010001000001000000110001000010000000000000000111101000000100011010000001000000000001011001010100010000000000001101101000010110010000000000000111000000100111110000000100010000101000100000100010000100001010000000101101000100
00000000000001110000100010000100000100100000000000000000011000000000000010010000001001000010110010010000100010110000000000000000001111000000100000111000000000010000000001001000110000000010000100001000000111000100101001001001000001
10000101101000000001001001001101000000001110101000011010000100000010100000000000100000000000000001000001000010000000000000000000000000100100000000000000011010000000110111011010100000100000000000001000000000110100000000000010000000
01000000010010000110100100000010000000101000100100000001000001010010010101010000010010100101000000001001000110100000001011100000000000010001101000100111000100100000010010010011001000010010011000000100000000010001000100000000101000
10101010100010001001000000110000000010000011010101000110000000111000000101101010110000100000001100100000001001000011000100000000000000000000001100100000001000000100000000000001000000000000100010010011001011000100000001011000001001
00000010000000000000010000011000001000001100001000000001000101000100000000000100000000001011001010000101001101110000000000100011100001000000010000110100000000011000000010000000010000000001100010000010000101010001010100110000111000
10100100010000000010100000101100011000010001100100000000001001100010001000011010100100010101000000001000001000000010000101000000100100010110001000000011000100010000000100011000000100010001000010001011001110100000000000101110000100
11001010100101001000001000000001010100100000011010000010100000000000010110100000110001001011001110011100000000000001001000001010001000101100000101011001000000000010000000010100100000110100011000000010000001000000000000000100110000
00010000011100100000100000000001000000100000000010000000110011000000100110000000100000101110010000001110000001000101010100001000000010010001000011101010110111000010000011000000110010110111000000001011000001100000101000001011000010
10000000100000010100110110000000010100000000001001000000000011010000101001100110010000000100010110001000000000011010000010001001110000010000010001000000001000100001000001000000100000000000001111110000000000010000010110000110010000
00100000000000001100000000010001100100100010000000001000010011000000000000110001100010010000000011001000101000101001000010101000000000010000010000000000001101010000000000000010001011001011000000110100000000000010000000000000000100
00011010001101000001000000001000100100011000000001010001000000111100010000000001000000000010000000100000000100001000001110110001000000000001001101010000100000000000000000000010000100000000101000000001010000010100101000001010010100
00010000001101010000001000000000000110101000000101010010001100010100000000000000010010000101001100101011000001000000001000001100000011000000010100000010100000100000000101010101001000010000001100000000011101000000100000110010000000
01101000101000000101000100010000000010011000010001000010001100000100101100100100100110000001000010000011000100000001011100000101001010110000001000101101001000011000001000001010001010000010100101110001010000000000001010000000010000
10010001000000000010000100001011010100000000100100100100000000010001010001000101100100000010000101011111010110000010000001011000000000000101010001010000011000011001100110011000000010110000110010000010000011000000011001000111010000
00010010010100001110100101000000100000001110000110001100000100000000001001000010101011000000001001100000010010000001000100100011001101000100101001001000010000100000100011010000000000110110110000001000001110000110000010000000100001
01101000001011001000001000000000110000011111110000000000010000010010000011100000110011000000001000000001000110011011100000001001001001000010000010101000011000001100100000000000001000000010000010100010001000101000010010000010000101
01100011000001000101000001000100000000001000001001000000000011100000000000100100000010111000011001000000000001000000111000001010001100000001101100000001110011100101011101000001101000000100001000100000010101000000000000000001010100
11100100010001000111110001000000001010000000100110000000010001010010000100010010000000110100001101000001000000100100001111100100100000100001000010000101010000000011000001100000000000010100000001010000100110110010001101000000000001
01101000100001101101000000100000001100100011010001101001100000000010011000000000101000000100101000101110000100100001011110001000000000101000000011100000000000000001010010000000001100000011100100010010001000000000010001100101000100
00001001010010000000011100101000001000110001000000100110100000001000000100010010100100000000000001001000010000010000100000110000100001000000001000001001101000000010000100000100111000000000000010010010001010000010000010001111000010
10000010000100001000001000000000110110000000110101000010001010000011000100001000000000011010110110000100000000111001000001000000000110100000000000010001010000000000000001000001000010000100101000000000010000000101001100000010010000
00000000010000000001000100010010000000000001110110000101000100000000000000001110000000000000010100100000000000000000100100000011101011000001101000100001011100000010000000000010000010000000000010100000100000001000111000010000000100
00101100111100100001000010100111010100101000000000000100010100100101000101000000011000110000010000000000100100110000000000010010010100001101000010000010101100011000001000000000000000010000001010000100010000000101000100000000111100
00000100000000000000010000100000000001101000100000001100000001000000000000100001011000011000000000010000000001000001000010000000011000100000100011001000000100011000010001000001010001001010000110100010111101111100000001010000001100
00000000001011100100001010000000010000000000010001000001100101001100110010101010101111100001000001110100000010000100000100001001000000110000011000101000001010001000000010011000000010011101010000000100000000000000100110100001010000
00001011000010110000100000101000000000000000011000000011000000001000000000000001000010010000010000100000000110001001010010001001010111000001011000000001101001100000000010011001010101001010000000000111000000000010000001100000100010
00000101001000000000100100001000000000000100001101101000110001000000100001000000010000010000000000000000000000110000000100000110101100000000010001100000000100010100100010100000100000000000010101001000100000100000100000000001010110
11000100100000000000000001100001000010000110000001001000000100100010010001100001000100000011001001101010001110010110001110000000001101001000101000001000000101000000100000010000000000001010000001010011001000001011000000000000010010
00100000001000001000001000111100010001100000000100010000100000101010000111010000100000000100010001000010000000100100000010000101100001000010011001001011000000010010110000000000100010100100010001100010000101000001000100000100010001
00010000000110100000010010101001000000000000101000101000000100100000000000100000000000101000000000000010000000001100000101010000000000011000101000001000001001000010000000110000001010101010010000000001101010000000000000100001000100
11010000000100011000000100000101001000100000010000001000110000000000100100100011110011000001101010100000001010100101000000001001010010011010010000000000010001000000000000010001010000000111000100100100000000001101010101001000000100
01001010001000110010001111001000000000010010000000011000001010000100100000000000010010100000100000001001000001000100000000001000000011000100100001000000000001000100011010010110001000100101000011001110001000100011110010100100001000
00000001001000100000010100010000110110100100000100100000000100011000100000000000010100000010000101001010001000001000000100011011000000101110011000000000001000011101011000010010001101011000001000000000001000100011001000110000010110
00000000110001000010000110000000100010000011110100000000011010110001000000001001001010000000000000000001001000000100001000000010000000001010001100000000000010000100101000100001001000101000100000001011000100011101010101011011001001
00000001001101001000010001000000100100001001001011001000010100010011000000000000010000001100000001000000101000111011000100000010100111000001101010010000001000001000000110000110100000001000000001001000101000000010000000001011000100
01000001000001000111010101000000000110000001000000000100111100000000001010000000100000001100100010100000100000010000000001000100011011000000000100000010000001000000000010000011100000000010010000001001000000000010010100100100110110
10111101101110100110000100000100000010001000100000100000000010000100000110100000010001010000101000010000100000001100011000111011000000000001000000010010100000111000011000100000010000100000000001100010001001000000000100011101000110
00001001000010100000001000000010000010100000010010000000100011001010000110000000011100000010000000010001110000010000010000010000000000100000110000010100101000100001000111000001000000100100000000001000000000000100000100000000000000
00100000000010000010001100000101101011001101000000000000000010000000001000001011000011000000101100001000000001010000101001010001000100011100000011000001000000100000101010001100110000010110001100000111111101101000000000000001101011
01101000001000000000000000001000100101010100111101000100100000000000100001010110100010001110000000011000011000000100000010000010000010000000000111101000000000100001100101110000001001010000100101001000011000010101000000011000011001
01011010101101001100010100100000101010110001100111000010000000001100111000001011000000000000100000010010000000000000010010001010001000001000011010010111001000100101001010001000000000001011001010011000010001010000010110100000000000
00001000000010000000000000000100001000001000001100000001100000000000100101100010101000000000100110000100010100101100001000010010000010010000010010000000000001101000000011000100011000000000000000000000101000000101101001000000000001
01000011000100010000100100001110000001000000101010000001000010010111000001010100000000000001000100010000010001010010001100001000000100101001000110011000100000010001000100000010000001010000001100011101010000001011010010000110010010
01001000001010001000000110010000001010100101001110100000100000000000100001101100000010011101000000000100100000010100001000000000001001000010010000000100000000000000000000010000000000000100000000000100000101000000000000001010010010
01000000010010000000010110001001000011001000100000100100000001000010111101000001011010100100000001001010000000001000010010110000010000011000000000010100100000000000001001000000000000000110010110000000011100000111110100100101000010
01010000100000000000001000010000000001000010100010100000000100010001000000000000101000110000011001011000001000000001011000000000100100000000000000010100100010011000000100011000000000000101010001011100110100011000010000000000000110
00000001001000010000000001000000000000000000111000011001110000001000010100000010000101010000001000000010000011010010000010010010000000000011100000011000100000001011001000001010001101010001000010001001000000001010010000000000000101
00000000001000000100011010000000000000000001010000000100000000001010000100000000000000101010010001000001000000100000001010001001011000000000011000001011000100101000000101000100000010001100100111010000000001001000000010010000100011
10110000101100010001100010011011000100000000100000110000001011001000000000010100000000100010000001100000000100000000000000000000100010000001000001110000000000000000100101100100000000000000000100001000100000100000000001011110001000
00000010001100001001001100001010011010000100100010101100001100110000011000011100001001101100010010010001110100000000000100100001011000000000000010100100000001000010000001000010010000000000101100100000000100100010010000110000000000
01000000100000001000000000010110000010111000000011011000011100100000000000000010000011000000110000000110100000000000010110010000000110110000000000010001000011000001000010011010010010000010000100000000000010010110000000000100110000
01100000101000001000000000000011000000000000001100000001010000000000100000000000010000000100100011100010000000000110000000000100000100001100110010000000100111010110000000100000000111000000000110010000101000001000000010000010001001
11000010000011001001010010001010100010000100000000100001010001000000110001011000000000000001001000000000010010001000000001010100010001100001100000010110101000000000001000100011000100100000000011000001000100001001010010010000001000
01010011001100001000110000011100100010001100011100110010000010001000101100000000000010100110010000000000000001011000010000000100101110011000000010110010100000001000000100011000000000011000001000000001000101000100001000000000000000
00001001010101100000100100100000100000010100000000000000010111000000001111010000100010000101100101011011001000001000001100000000000010101010100110000000000000101000000011000001000010001100000000000001000110000000000000110000000000
10000010000110010000001000000101000000000010000010011000000100000011010000010000100000000010001000100101000011100110000001001010101010010000100010100100100111000100000001100000000000111010000001101010001000000101101100011010101110
00011001000010110000101010000000000001100000010101001010001000000010100000011000011001000000000100110001010000001000000100100000111001000010000000001001100000000010100000000000000000010000010000000000000000000001000000100100000000
01010000001000000101110001000000100000000000000101001000110101101001111000001000000011000100000001100001000000000000010100000001100101010000000000101010000000000010000000000000011000100010110010000011000001100000001101000110000101
00010000000000011010000010100000001000000110000001010000001010000001100000110010000100000000000011001000000000101001100000010100000000000000100000000000001001000100010000100000000100000000001011000101001000000100000000010000101001
10010010000101100010010011000010010010000010001000010000000110010010010000010100000011000110010010000010100000000100000000111010000010000010000000011100000110000100001100000010000110101001010011100000000111000000000000000000000011
00001101000000100011010100100010000101001010000001010000001000000000100000101100000100000000000000100010100000000001010000010000000001010010011010000010000001010000000001001010000100000000001000011000000011000010000000001000000000
01000001100110000001011000110000010110010100010000110000000000000000000000000010101000000001000001000100000001001001000000100010010100001100010000101000100000000100000000001001100001000000100100000100000000010000000000000001000000
00100001100000100010000000110100000101100000010000100010100010110000010000001001000100000001010000011000000100001010000101000000001010001000010000000010000000010000100000000010001000000101000000000010100000000101101000000010000010
