10001100101000010000000100001001000001001000100100000101001000000000001011111010010000010110000000000010000000000000010100000000001000010010000100010010000000000000000111001110000001101000101000000001010100010000000000001000001000010000110011001000000100000100100010000000010000100100101000000001111000000110011001100100100000001111010000000011000000110000100010011011010000000001000010100010000000000100000100
00000000100000000010001100000000010001011000000000101011000100000011100010010000100000001001000100100000010110000100100000010000110000011000011001000100001000000110000010000011011000000001000010000011001000011100100000010001000000011010010000001000100000000100001000000000100000000010001000111010000100110000000001000010000110000000100111100010100010100000000000000010000000001011001000100000000011000010011001
00010000110000010000001100001100001111001100000000000000000001100101000000100010001000000000000000000000000000000011000000000000001000000100000001000000001010100000001011000101100000000000101100000000010000110100000010000001011100001100010000010011010101000000000000110000000100001010001110000001010000001001000000000010000000000000110010000000000011100000001110001000001100010001100000100000000000001000110000
10011000000000100010100000000000100101010000001011011000100001000001010001000001010000000100000000000010100001000000011010000001000110100011010000001101100000000001010100010111000000101111011101010000000000000100000010000100001010001110101000011010100010010000000100000000100001110101101000001011000100000010000000010001010100010000000100010101101101010010000001000000100110000000000000010000100000000100100010
00100000000000000100010010000000001011000000011001000000000000000101001000100001010000001110110101000001000000100100000011000000000000000010000000010000010101100010000001000001001001100100000001001000001010000100000010000110001000000011000101000100001000001010101001000000100001010001000000101000100000001001000000001010000001101000101010101000000000000011101010101000010000000000100100110000000100000010000001
10000000110100011000001101001100011000010100101010000000111100100000010000100000000010001000000011001000010000110010000000001011001010001000010001000010011101000111000000000110000100000001100001110001000000101010000010100000010000000000000110110000100110000101000100100000001001100001000000000000001010001000110101010010100000011010010000110000000100010100000100000001011000000010010100110010100010000000000010
00111010111000000000110000000000100110011000100000010010110011101010010000101000001000000001000101010000000011100001101001010100000010000000000010000100101010010010001010100100000010111101000000001000100000010100010000010100001100010010011000001010000000101100001000001101000010100000110101000101001010000010100000010011000000101100001000101110100001000101000010001000110000000100000010001000001101100001100001
00000000010000000000000000000100001110110000000010100111000010000001000000000000000000000100101010100100001100000100000000011100100000000110100101000000010000000010001010000010000011000000010010000100000001000110100001000000000010100001100000000010000001001010001001000100011100000110100001110010000001100001000000100010100000001001000000001001000100000000001000000100010101000010010001000101010110100000100000
00000100000000100000100110100001000001101000100000110001101010000101110000100100000000000101001000000000100000010100000001001000000100100100000100010000000000000000000000000000100000000100010000100101010010000010000010000010000000001001011000000000000000001010001000110100000000000001010000000010001010000111000000000100100001000010000000000010100001001000000010010100000010000000000101000010000101000001001010
10100000001000000010000010000000000001000000101000000000010001000101001111001001000001000000000001100011000110110000000011000001011000111011001000010110100000001000101001100000000001100010000110001000101010110000000001100000101010000000101110100100000110101000010000110100011101000000000000000000001010000000001000000110110111000100100001100100000000000000100001100011000010000000010000000011110011010101010011
10000101010011000000000000010100010000010101010011111000000000000011001010001011011000001110001100001010100000010010011000100000000010001000000000000011000010000000001000010010000110010010100001000000000101001000000001000101000001110000000100010000001101001000000010011010101000000000100100101110110100001000000100101001101000000100000000000001010001110010001001010010000100000101001000010000000010000000001010
10000001010001000100001000010011000000001110100010000100000010111000100000000000100000000000100010100011001000001010101001000100000101000010010000010000001000000000000000010001000000010000011001100100010000000000001000000011010100001000001000000001000000100000001001000000001000100000000011000001000000000000000000100100000000100000000000001000000000000000001000000110000100100000010000001111011000001000001010
11110101010100000001000010010100000111010001011100001000001011001000010000001100100001000000001000100100000000000110000000111000000000100100001000000000000000000010000100000010001000011011000000000000100000001000000000000001100101001010100000000110000001101101000000110100100001110000110000000100000010010110010100000000100101010000000010000000000000010000000000000011001110100000001000000000000010000000010100
01000000000000000000110011000011000001100000011000100000001100011001010111000100000000000110110000101010000110100000000101001001010101000100110010001110000100001111001000000110001001100000100100010000000000100000001000010000000100001001000010001100001000000000010100000000100000000100010100001000000000101000001101000111100010100101010100000001001010110101010011000101001000110111000000001100001100010000010000
00100000001000100100000000100101110000000000001000000010010000000010000110100100010000100000000100001000000100100000010010000000000000000001000000110000000000000100001010100000001001010101010010010101001001011100000011011001001101100000101100000010001000000000000000010001010000101110100000000000000010001000000110111000001101001010010000000000000000000000000000010001000100000001010100100000000000000001000100
00000000000100000000010000001000010101000000110000001000010100010011000000000000000100000000100100010001000000101000001000000000010100100110000111010010101000001001000000010010000000010001000010000000100010100100100000100100000000000000001010001010000001001000001001101001000010001100001010000010001100000100001000011000100010101000001010010011011001100000010001000000110000010001001010101100000010000000010000
00000000001010010011011000000101000011001000000000001100000000000100011000011010100001000010001000101000000000000000010000000110010000000100000001010000000110000000100100000000100100000010001000110001000000001000010010100010100000100011110001100110110001000000001010001000001110010000000011001000000100000000000000110011000110000110000000101101000000000000100100001000100000110000101000000000000001111000001010
01101010010001010000000000000100111111000100010001001001000001000000001100000000011000100000001011000000000100001000000100000100000001001010110000000011001100000001100100001000100110101100100100000001000010000000001010010000100000110000010100000101000000000000100000111100010001000001100100000000000000000000001000010010000110000000001100010000100100011101001110010000001000000001010000000000000100000000000010
01100010010001000000000110100010001010011001010000101010100010001000000000010001100000111010000100010010000000000011001101010010011101100011000001001001001001010001000001010000001010001010011000000010101001000011001100110010000100000000000000010100000110000100110000001110100000001100000000101000100000101000000001010101100000100000000110001010000100010000000000010010000100100100011000100000001010000010001000
01000000010110100110100000000100001000001110000001000101010101101011000001000110010100001000110000000001000100000010110111000000000000010000000011000001000000000110011000100110001011010001001001001100110001000100001001000000101001010010000000000001000000000100100110000100010100000100000100010110100010011111100101000000010110100110000000010100110000000010001000110000000010000000011100000000001100010001101011
00001100010000000000000000001000100010000000010101010000100000001001000100000111100101010000001000000100000010010101001000000100000000000000100000100001000001100100000000000010000011000010010001100000000000010000000000000000000000000101101000000100000100000000001000000000000111100000100000100010000100100001000000011010000000000100101100000000000001100000011100101000000110100000000100000001000000000110110000
00001101100010001000111100011010010011110000000110001100101100000001000000000011000010000001100010110010010000010000000000011010101111000010001010110010100001100001000010000000000000000000010010000001000000000000000101000100000000101000010000000110100100100100000100000100001110000000100000000000100000000111001100000001101010010000100111000001101000111101000001000100000000001111000100100101010001010100000000
01010111000110000110000000100000100001001010000000010000100100010100110001010010001000011001001001100000001110000010100001010010111001000110000100001100011000001001010011101000101000001010100001001000000101001000110000101001000001000000000000010110010011000000010010001100000000010000000101001100100010001010110000000110001010100111000100000000000000000110101001010000100100000110010100000010000100100101010110
00100001110000100101010010011000001010000000000100010100000010000100100011011011000001000010010001100000000000010001100011001000000001100001011000110000111000100100001000101001000000001010001000000010000100000001100000000000010110001100001000000000000001001000000001000000000100001010000101010110100000110000010000001000100010000001000010101000010001111000001001110000000000000110000110000000000001000000000110
00000001000000000110011000000000110100011000000000100010001000110000100010001110000010000001000100000001000000000000100001000000011000000010000100010001000000001011001000100000000001110000001000010001100001010000000000000010010010101000100000101100000010001101000001000110010100000000000100101000000000000111110101000011001011001001100000000100010010110000000000101101000110010000010001000100001011001000001000
00011000001100000101011000000110011000001111011001000001101100000000001000000010000010000001011010000001001000010100101000100000010010000100100001100100010001011001100001110001101000011010111101011000010010000001100101000010001111011000100000010001010010000110100100001010000000010100010000000000110000000100100100010000001000000010000011001010110100000000000011000001001000010110000000000011001000000011001100
10000010101000001110000001100000010100000111000111110000110010000001000010001000000000000000000001000000000000010000000000100001010010010100010010111001000010010101010000000001000000010000100100100001110000000101010000000001000110110001101010001000110010110010000001101000011011100100000000110011010011010000010000001000100000000100100101010000011001000000010000000000101011010000000000000100110110001010000100
00100000011000100011110011001001010010000000001101110010000000011010011000100001100001000000000010100010000100011101000111111001010010000000000010001000001010010010010010100100000000110001100000000000000000000000010000001010010000100010011010000011111000010101001001010100001011100100000101000000000000001110000101010001011000000010110000001110001000000000000100000000011010100010000010000010000100001000010100
10010100100001011000001000000001101010001101010111000000100001001010010010001001000100100001101001000010000001000001111001100001110010000010001101010000000010000000010000000000010100000001010000100001101001100000100110000100100101001011100011000000100011110000110100000001001000000000010001000000001011000010101001000010100001000100000010000001100000000011010001100011010101100000100001001000010100100011101000
10100000010110001100000000010000100000001000000011001000000000000000000101100000001111000000100010000110000001010000111000100001000001010000000101000100000101000000010100000000111011010000000010000010000100001010010001100010100110000001000000000000000001010000000001000100100000010011000000000011000010000000001001100000010100100000100000000000000000101010000010000101100000001000000010010001001000000000001110
00011110001011000100001001000000101100000111000001001010010000000010100001100010000010110001000000000110100111010000011000001100001000001000100100010111000010101000000000101100000100010000110000001000000001010011100101000001000100000001000000010000101100100001000000001010000001010000111010010000000000011111110001000000010000001000000001010001100110010000000000100101001000000000001101110010100100000100000000
00000000010000000011000000001000000000000000000100001101000000000110100000000011001010110000000100000001000100010000000001100000000110000000000100001001110100111000000001110000000100001000000010001010010010001000010000101000101110101100000011000000000001000111100000001000000001010100000000000001000010000000010000100000000000000011000001011100101100000100100000000001000000000000000000000010000000100000100000
00101001000110100100111001010101000000100000101011000000100010000100000100100001001100000101110100011000000010000010101111000001011100000001000100000000001001101000011001110011000010001000000010010000000000000100010000001001000001000000000000000001000110001000000010000000100001000100001000011001000000001100000000010000000010100000000000010101001000100000000000100001011001100000100000001000010010000000000001
11000110010010110101000000100110000011000000110000000010000001101001000000000110000110010010000111000011000001011000000010000001100000010011100001100001000000000101000001000100011000010010001001010100000000111101001100000100001011000000010000000000000110010010000100000100100110000101001101101100011001000100110010000110000110001010110001000011010100010100000000000000001000000100010101100100100000000010000110
00110000001110010010000001000001000110000000000000001101000001000001000101000000000001000001010000000000000000001000000000000000000001100000000001000010000100000000000110010010000100100101001010000000101001001000000110111010001010000011001000111110000100001000000000100001010000100100010000100000000010001000000101100000001000000001000000000001010000000000001100001100100000000000000000101000000000001010000110
01001010010000000110011010000000000101010000100000010000000100000000001000000100010000000100000000100010000000101011110000000000000010000000100010000100000000010000000000010010000100100001000000110000100010010000010000000010000001100100000010000000110001000100010001010001000101010000000100101100001000000000100000110000000011001010000000000010000011000000010010101000100100010000110111000000000001011110010000
00010100101000000001111000000100110100100010100100011100000000010000000000100010100101100001111000010000100000000010000000000001001000001000000011000010000000010010100100111001110000001000001100000001001000001101010001100011000001000100011000001000100101010000000001001000010000001110000101010011001000001010000001000010000100001000100101000000010101100001000100100100100101101110000010001000101000000000010101
00001010000010000000000011111001000001001000000100000010011111011101101010100000110000110000111100000001000110110000010000100000000000100011001000001000100000000000110111000000001010001100000000010011100000010000000010000000000010000100100000010000000100001010000000011000011000000010100000100100000001000000000010000000101001100010000000000000000101000110001000001010001001000101100001000001000001001001000000
00001001000100001010000100000001010000000000010010000110000000000001011000000000000000110110001000100111000000001000010001000001000011001000010000100000000000001100000100000011100001101000010000011000000001000010000110001001100010010001010001110001100100001000101001001000000000000000000000100000000011000000011010001000100000001100011000100001000011100001100000000000001000000010000000011011000000100000010000
10100000110000000101000001000000101000001000110001100100101010010010010000100001110000010101000000010100100000001001000000010110001100001010000001100001001000000010000000001110111001001100001010000000000001000001000000001010100001010000101000000010001111100001000110000001000000011000000100010000001010010000000100100000110001001000000110010100100001111000000010110100100110110010110010000000001101010011000000
00000000101010101100100000000001000001000000100100100000010000000101000000011000000000001000000000000101010110100000010100010000011101100011000000000001001101001000001101100000110000000000010000100000001111111001001100011001000000000000000010000001101010000000001011000010000000000100100010000001001011010101010001100001010010000000111000100101000001010000000110000000000001000001100000001010101001100100110010
01001000000010010100011000110000000000011010100010000000000001100000000010000011101100100000000000001011100000100000000010000000000010010010000010100001000000010000010000001001010001001000000110000100000010000001001000000001000000000011011100100010000110001000010000001000000001001010000000100000000000001101010000001000000010001000100100000111110100111010100000110000011000010111000000000111010100001000010000
00001101010000100100101101000001100000010001000110101011000000000000001001000001001110001000010101100001000001001000001001100001011110010001110000100011001000000010111100011000100000001100100100010000000100011000110000010000010000010001000000010000011100100000011001001100000010100011001001000110000000011000000010001000001100111010000010000000000000000000000001001010000010000100000010000000000010000111101000
00000000000000000000000000000000010010001000000010000000110000000000000000010010001010000001101100000100010101000000000000100001000000000001000001000000011000000010000100100100100000001110000010001101110000111000001001001000010010011000000000100101010000001100000000011000000100000101001000000010000000100010100011001100000000010100000001001100000100000000000100000000000000010001011100010000000100000100000010
00010000000011000000001100000000000010000000001000101000000000100000100001001000110000110010000110010101001100000000100001100001100010000000011000000110010000100110010000000000101100000010000010110101000010000000000000000010001001100000001000000001011001111001000010010100000000000000000000000000110001110000001101000100000010000000001110000001000000000000000010010100010110000010001000011001001000000000110110
00000111001000010101000000010111000010111010110010000001000000000100100100100001000000110101001000010001000001011011100100110000011000001110000100110100010010011100000010110000001001000010001100000111000000111100011000100001000000010001000010000000000100010000000000110000000001000110001000001000000001100000101001100100001011000001110000000001000100110010010010000101001001001111000010000110100100010100000000
00101011001001001010000001000000110010000000001100011000100010001110011010000010001000011000100001110100100010110100000000101100011000010000000000000100001100000000001000100000101010101100100000000101101001001000000010100010100001010000011011000000001011010100000001000010100000010001010010000100000110010001001000010000000011000100100001001001000010000100101000000110100111100101101001010100000010000000000110
10010000000001000001100100110000100000010010010001111001010001111000010010000000000010000001001000010110000101000000111011000100000100011000000110100000000001011110100100010010110000100101100100000000001000100111011010100101010010001000010000010010001001100100001000100010000000000000000010000100000000000100000010010000100010000100000001000101000111010100000000000000000000000000110001110000101011000000100100
00000101000100010000110100001100000000101000010000000010101000110001100010010010101100000000010000000000010000001000010000000000000000100000000000100000000100000000100000100010110011100000000100010010010110000100100100010001100111110000011000000000010000000011000100001000010000000000011101100000110001000010000100001100110010010010000010000000000001000000011001000000001010000101010101000000100000100100010010
00000000001000000100100000000001100001100010100010000100000000000000011000000100000000000000100000010101000000000000001000101000000000000000000001001000101101000000000010000000000000110101000001011101100000000000100000000100100100001000000000000000000100100111110001011101010000001110000000001100000000100010110000000000000000000010011010000000000000001100011110000000010001000100000000100101000000010110001010
00000011000100110000101100100100101000000100001001000000100100100101010000000101011010000000101000000001000001010000000001000100010011000101001000110011100000000000000100000110001100000101000010000010000000000100110100000000100000100111111111101001011010010000100000100000000000100001001010110000010000100100001000010010010000100000000100101011110001000000100110000001101000100101000010000010000000000000000000
00000101000110010000000000000010000010000000000000000100000000011100011000000000001000110110000000000010000000000000000010000010010100000111001000100000001001100001100000010000000000000010101000000010000011011000000000000000000101010010000001000001000000100100000000100000100100000000101010000000100100101100000101001000010000000011001000000001001011101000010001000000010000000000001010000000100100000010001000
00000000000101100100000000010010001000001000011000110011001000000000000011001010000001010000000000000000001000101000001000001100101000000000101000110001000010010000110000001010000001000100000101000000001000101000000000000110011011100000100101010001011000000100000100011000010111011111100111000000000111100000011100101000100010000000000000100110000001000000000000000000000100000000010110100001010100010000101100
00000000010100010001000000101010000010011010000110001000000001000000001100011010000001100001000000000000000010000000000100000101010001011000000000000001010100100000000010100000001000000100101000001000001000000000010000000100100100001001000010000111100000000000011000100011000001010001000000000000000011001000000010000001010001000000110000000100110110100000001000000100000000100000100011001000000010011001010000
00110000001000010000000000110101010000010110001000111001101000100001010011010110110010000000010000101000100001100001000101100000001010011001010010100110001000001000011000110010000010000110011100100001011011000001010000000011000000000100000000000001011100100100001101101010010000110000000100000000000100000001100000000000100110100100000000101000101100100010000011000000100001000000100010001000101010100000001001
01000100111000000000010011000000100101100000000001001010000111000010010001000000000001010010001010010000000001011001000000101000101010011000001000011001000011101001000010000100000000000100100100001001111010000010000000001110110101100100000100001100011010000100001001010011001010000000101101010011110010000100010010001111000001010010010010001000100001010000101100001000000000010001000000001000100100010011000011
00101010011000010001000111000100100000010001010010010010001111100000100101000000000010101111000110110000000000111100000010100011010000010000001010011100100010101001000100001001010001100010001000000000001110000000100010000000010001000000000000100010100111001000101001000000000001101100000110001110000111101010001000111001100000000001000000100001000100000010000000000000000100100010000001011000010110000100110001
01100101000010000100011000000010001000001100000000100001001010001001000101000000000000001001110000001100110100000010000000001000000000000000000010000000000000000111000100100100100100001000011001000111000000000011000001101000100100000000000001010100001000000100000010000000000000000001010010000110000010000010101000011001001000000001000000000000000000101101000000001001000100110000000000101000000010100100001000
10001011100011000011000101010000000000010000100100110001000000000000101010100010010000001110000000001101000100010000100000011000100111010000000000000000101000000010011100000011000100000011000001010010010000000000110100000000000100001000110110000000011000000000000100000010100000100110010000000010100000001001000010001000001000000111011100011000000010001100110001001111010000000000000100011000000000000100000001
00000000010000000100100000001000110010000001011000000100001000101000000000100000001000000000000000000000000001000000001000100000100000000100000001101000010100001100010010100001000100101000000011000100100001010000000101010100001001000001111000000000000000100010001010000000010000101000100000101001000000000000010110100000101001001100010001000000000000000001110000001010000110000000010000000001010010000000011001
00001000000010000000001000110000000000100000100000000100000000000100001000010000100110000000110000100100100000000100010000010101001000000010000000000110000010011110110100000010001000000000100001100001000010010000110110000000110011000000010010000000000000100001000001010010010000100000100000000000100000000110100000000101100000011010100000010001000100000000100100000110000010100011000001001000000100000000001010
01000000010010010001000001001010000001110000000000001000000011000011000010010100010001000000100101000011000010001100001001010101001110000011100010000000010100101001001000010000000000010000010000001100110000010000000100001101110100001000000000011100000000000000010001100000000001000000000000000000000001000000000001010001001010000000011000100110001000001001000000001000010100010010000000100000010000000000101000
00000001101100000000000001000000001101100010000010110001110000001010010010100001111001000100000100000101000100000010000000001000010100100000010010000000000000000000000000010000100110100000000000000001110000000000011000000000000010000000000101101001001000010100000010000001100101101000000101001000000100001011000001001000000001000010001100000000000001100010000001001000000010110001000110010011000010010100010100
10010000000100001001000000100100000100101100110100010000010000010000010000010010010000101000010001101000100101111100010100100110100000000100100100010001001000000010011010000000000100110000000100100000011110010000010000000000000001001000100000010001000000000000010000001100100000000001000011000001000011100111110010110100101001110011011100101100000010000011110100100100110000001000000000100101010100001110000100
00000000000000010001010100000000000010000001100000001000000000000010000010000010000110000010001000010000110000010000000010000100100000001000010000000100000000001001000010000010001010001010100100001001100011000000000000100011000001000100100000110000101001001100010001000010110000100101100000000001000010000001101001000100000010000000000000000011110100001000100011100001001000001000010010001010000010000100100000
11010000010000000010001111000100010000000001000000000000110000100000011000010010011000000000000010100100010100000100000100000000000000000000100000101000001000000100000100000000000100010000000000110000110010001000000000110001000000000100100010010000000110101110010001101001000100100000000010010010010100001000000000000000000000000000000001000000000010000011100110000010001000000100000010000011000001001000001110
00010001100000000100000100000000000000001000000000000011100000001010001100000000000000010000000011000100000011100010100000000000000000000000000000010010000010100001011000000001000010100100100001000010010000000000001110001000000000010000110000000110000000100001101111000000100110000110110000000010000111011000011000000000101000100100100100000000001000100010010000100000000100000000000010000000000000000011001001
10010000000000000000010000000110010101010100000100001000100001100010000000010101000000001000000000010000010100000000010100000000000010001000000001001000000000000000000110110100100000110001100101101010000110000010100000000000000010101000000000011000100000011000000010000011100001000110000001010000000000000000000100001000000000000000101000000000000000010000100000110000100101000010110000010000100000000000001100
00011000010000010000000000111001000000001100000111000000000001100100000010100000000001100000000010001011010010010001001011100000110100011000010000011110000000000000001010000010111000000010000000001000010000000100110010000000000000000000010110010000000100001000100001000000000000000001100000110010000000011100000010000000010001000001100000000011000000001001000101100000000010000001011000001111000000000000100001
01011000110000100001001101000100001000110011000101000101001010000000110001001001000100100010000110011000110000001100100000011001000001000000000010000110100100100001000000100010101001001000001010010110100100100000100100000000000001011011000000000000001000000101010000000010110000010001000110000110111001000100010110000001101000100000101000000110001110001011100000111100000101000000010001100101000000000000000000
01100010111000011000000010000000000001100110001000001010000000001101001010000110001001100000000000100001001110101101100011000100000001001000111000011100010110001000001000000001001000000000000100011000000100011101000100100000010000100111101101100101100000001000000000000000000100000010100100010001010000000010001010001000010000000010010000010001000010000100110000111001001010000001100101000010000101000001001011
00010000000000100101000000010010100100000000010100000101000001000101010000100001101000001000010100100100100000000000010000010110000111000010100011001000000000001000010001100000001000000000000010000110010000000010000110000111000011000100100000000010001000000000000001110000000010010100000010000000000000000000000010011000000001010000000101001110101100001001000000000001011100000000000000000100010000000111000110
10000010110101010000000000010100000111000100011000100010100010110110000001010010001000000001000000000011100010000001101000000100110000000000101000110001010111001110100101000011001100100000011110100110000100000000001000001001100000000101110100000000000000001100100000101000001111100000110010000000010010100101010000000000101100100100000101000101100100010000001000101001001100001000000110000000000000000011010011
00000100000100010111010111001110001101000100001010011000001100001010001100100001111000010000000000000001000100000001000000100100001100110100010001001000010100100101000100001010001000110001100000100000000000010000110010000100001010010101000000000010110000001101100000010001000000001110100100011000001000100001011000000001010001000010010010011100001100000100101001100001000110010010000000000001000111010000001000
01100100000101001010001000100000010000010000011001000010101101000000011010100110001011000000000010010010001100001000000100000100010100000100000001000011010100010000000000000000100101010000010000110010000011000010000011000000000000000011110000000010000000100101000000011000100001000001100000011101110001000100000001101000000011001001100010000001000001010000000000000000101011000001100000000110000111001000000011
00001000000000000000110000000011000000011100110000101000001000010101010101100101000000000100000000000001000001011000101000100011010001000001001000010110000001001100000011101100001010100100001000000000000010001010001000000000000000011001000000010000000000000000011000001000000110000000000000010000000010100010000100000110001000001000010001110100000110000011000001100000010000100010000110010000010010000000100000
10000101001011100010000000000000000001011010000000000000101100000011000100000000000000000110000001000000100100010000000000000000000000000000010010000000001010001000101001010010001100101000000000000010000000000000000101011001000000000000001000101000100010001101010010110000000000010001000110000010000000000100011010000000000001000011000101000000010001000001000111000000000000100010000001010000000000001000000100
00000100100000110100000110000000010110000100001001101010000000100000101000000001000000100110000000010100000100010001010000100001000000000011000000000000010100000100011110010100000000000000100100101000000000010000110000010000000000001000100010010010001000000000101110010000000111000100000100100000001010100100000001001000000001000001000010000001000000000101100000100010000000100001001100000001000000000000000000
00110001000110000100110000001000000001000000011010000010001101100001100000000010001010000101001010001000100010000000000000000100000100100000000010010000000001000000010000001001010011000000000000000110000010001001001100000100000001000000000100001010000001001010000000001000000001010000100100001010011000110001000100100010000000000001100000001000110000000100000100010000010000100000000000010010000000000000101100
00001100000100010001010000000000001100110001100001000100001101000100100000101100011000001000000000001100000000000101110000000000110001000100001000000101000000000000101001001001000000001100100001010000100000000100001000011001000100000101000010100000101100010000100010000000010001100000011000000000100001001010010001000000010110101000001000010010000000010000000100100000000000000000000001010000000110110000001011
00100000000110000000000000000100100001000010110000101000011010010000000000100010011011100001000100001100000000101000000000000010100001111010000110011011000010100111000011010000010000010001000011001011010000000110000000111000000011010100000100110000001010100000000001100001010000100110000001100000000000000000000000001000000101010000100010010000000001000000000100000000000001001001000110000001000100010100000000
00000010000000000001010010000110011000100001010001110001000001001100100001000001000000100100000010001000000101000100001100000100001010011001001110100001001000010010100001000000000001000100000000001010000001000010000101000001001000100101000110000000000001000100010000100000010010000001100010000100001010000001000011000010000000000001000111000100100010000100001000011100000001100000000000000011000000100000000000
00000001001000000000000000000000000001000111100000011000001100000000000000000100110110011001001000001000011100000010011100001011000000001010000100000000000000000000100100000000110100100100001011000000100000100100000000001011001000010001000010100010000000001000000010001000000000000000000001100001000000100010100100001000000000110011100010000010010000000000000000010000000000100010000000000001001011000001001000
00000000000000100001110111000100001000000001000110000000000011010010100010000000001000000000000011000000000100010000110011000011101100000100001100001100010100010100000000000000000010000000000001110100100010100000000000000100100100000010000100001101011000100011001000000000011000000000001000001011000000000100000101000000000100101100010000000000010001001000000000010000100001100000000000000100001010000000010000
01101011010100000000010000010100000001000000000000101000001000101001111000000000100000000000010011000101000101000000001100010011000110000000000010000000000000001010110011000000111000100010001000000000010000001010010000110000011100000001100100010100100110010100011010000000111010110010101101011101000010001000000010010110000011001001000110000000110100111000000010000010001000100000010011100001100001100010000000
01100000101001001000010001001000000100000000101010001000001100000110000001000001001001000001000000000101000000011000000000000010000100000001010000001011010100000010100100000001010010000001100110000100011010000111001000000000000000100100001000100010010100000000001011010110101100000000000011000000000101100001000001000001001010000000100001000001000000010010000000000001100010000000001010010000000010000010010001
11000010010000100101000000100010000000110001001100000011011010010000001110010000000001000100010001000001010001010011000001000000111000010010000100000001100001001000110010000010001111010000000100100000000000000110000011000100000001000010100010000010010001010000000000010000010111100000000100000001000010110100000001001001101000000001011100010000000000001110001000000100101010100000001000000110000100110010000000
10001000100000110001001000010000000000010100100001100000010001000010100001001000010001101111110000000110101110100100000100110000001000110000100001000000100011000010000100100000011001000100000000100100000001000010001000000010000000110000000101110000010100000000010000001001000010001001010000000101010000000000000001100000000001000001000001010010000001000100110101000100000100010001000001010000001000110000011000
00000100010000000000000001110100000000110100110000000011001000000001000000000000101110000101000000000010000000001011000001000101101001100100011000100000000011100001000010000000010001110001010010000000000010101001100101001101101001101000110000100001110110000000100000001001000001001101100001000001001100000010101000001010000110001010100000010000001000000101100001000000001000010001000001110000001101000110011011
01100000000000000001000010100010000101001100000000001011000011100110001000010000011000000110100000000010000000000011110110101010101100110101000001011000100101001100000010000000001001011000000110000010110000000110000001000000000101000000001100111101101100011100110000010100101000001001100000000000001000000000000000010001001110100100110001001000000100000100010000010010000100100000000100101000011000010110000000
00001010000001100001000010010100000001000000101000000000000000001000000100000000000100000000010101100000010100001000001000001000000000101000000010001001001001001010000011000000000010000000000101000000001000000101000110010000010100000001000000000000100000000001001100010000000000000011011000011010000001000000110000000001000001100100001010000000011101010100100001000100000000000000001001010101000000000101000000
00000000000010100000000101010110000110000000000000000100100000010000000100000100010101100010001011000000000100000011000000100100010000000000000100000000000101001000000010010000010100010010000010100000011110000001001110010000001100000000001000001000000000000100010010110100110000011001000000100011000010010000100000001010100000011100100011010001110000011000111110000000000100010000100100110010010011001000100010
00001001000000100000000100000000010000000000001000001001000010011000001010100001000000110011001010000000010000100010001110000000100000000000010000100101100000000000010000000011010110101000110000000001010101001100000000000000010000000000000000000001000001001000000100000011000000000001010001000101000010100000001000101110000000000000101000010010000000001000101111000000010001011000001000100000000010010101100010
00001010000100000010000100000011100001010000000110001010001000010101100000000000010000000100000101011100001101010000000011010000100000011010001000000000000000000111001000001000000110100110100000100011010001001010000001000000010001000100000010100000000000110000110010001001000000000011001000001000100000000000000010100000001000001000000101001100000011100000000100000000000000101100100001010011000000001000000001
00000000100000000100001001001001000000010000000100100000000000100001000011000000110000110100010011000000100000010010000001001000001001010000110000000001000100010101010010000100101000001000010001001010100011001000011001001100000010010100000001000101100010101000100000001000000000101011001000010000011011101100000000001100001010000001100100000000000100000000000100001000000000001010100110000010100000100101000000
00100010010000001010101001111001010010010010000000100001100100000000000010000100100010000111000001010000001001110000000110000010000000100000100110000010000101101001010000000000100001000100100000100010000011100101100100100111000001001000000010010000000000001010001000000000110000100001000010001100110001000000000100011001001010000000000001100100000000100001001100000001000000110001110011010000100010010001100110
00000000000101001001001000000010000000010001000000100000100100000000010000001101001000001000000000000000010000001000110001000101000000010011000010000000000011000001001100000000000001100000101010001000010100001000000010000100010000000000110110000000010100001000100000100000101110000000001000110101100000000010100100101010100101000000100000010001000110000010100000100000010000010001010100000000000111000000001011
00100000000101000000100111000100010100000000100000101010000001010100100000010000101110000001001100000100010000000000000010000001000100010001100001101001101010000000000010001100000001011001000100001001110000000010100000000010010000000000000000101000010100000010001000001100000111000100000000100010000100001110100000110000100100000000001010010100000000001001001000000000001010000010110000001010010011011000000000
00100010110110000000000000000000010001011000010100010000000001001100100100000000000001000010100000000101010000101000010000010000010100000110100000101000000010100100010100100001000010001000000010000100000010000000011110010001000010000001000010100000010010000110000100010000101010000000000000000100000100000000000001001101000000001000001000000000001010100000100000000100000001100100000101000010001000010000000010
00000100000001000000000100001010011000010110001010110000000001110010100000010000000100000101100011000000000000100001000000011100100000001010000000011000000100001000100000001000000010000010000000001100011000100110100000010001000011100000000000000011100010000010000101000000000010011100101100000000100011111011001000001010100010001001100010111000110000000001000010010000000001000000111010000100100101000110001100
