0010001111000000001000100000000000010110000000000101000000000000100010010001100000100010000000000010000000010010010000001000011000000010010000001110100000100010000000100001000010000010000000001000011000010010100000000000
0011000000101000000011000000010110011000001100011001110000010100000000010000100000000000110001001011000000101001111000000001000000000000000000000101000000001101000110000000010010000010000100100000100110001000010110101010
0000100100001001001001001000000000001010000000000010100000000000000010001011000000010010100110100000101110000000000100100000111000000001000100000011000001010100110000100000000000100010001001001000100000010000010000101000
1011001000000101000000010000000000000100110100110000001110001000000001100010110010000110000000010010001000000100000001100110100000010000011000001000000010110001000101100000000001000010000000000001110011000110001000000000
0000000000010100001000010001000000111000100100010000010000000000000011001000100000000001010110000000000000000010000010110000010000001000010010100000000000000000001001000000000000001100010000011110101000101000000110001000
0000000000000000010001001100100011010100100001111010001100000000000001001000100110000101000000001101101001000010000010000011101100010000001001000010100011001111100000000010000111010110101000000100000010000100001001100101
0000101011000000100101010010000110000000000000000010110011000000010111000011100000100011000000100001011000001100000100010000010001010000000110000000100100000000001000001101000001000000000000000000001001000000101000100001
0000000100001000000000000001000000000101100011101110110001010110000001000001110011001000010100010000100101000100001000010000010110000100010000100001000010000001010100011001001011000000001000111010001100000101000100001001
0001000100001010001010000010000000000000001010000100000010011011000000000010100010001100000001000010000000000001001001000010000001000000110000100101001011001000100010000000000001000010001100000000001001100000100100001101
0000010000000101010000000010111000010010000001000000000110000000010100010100000000010000011100001101011000001001000000000100000001000100000000000100001001101100011100100000000000011000010000100000000010000001010001110000
0000101000000100011000001000010001100000000000001110000000100010000010011000010000001000001100001000101111000100011010001000001100100000001010101100000100000010111000010100000000011110000101000001000001110011010010100001
0100000010000001101000100111100001110001010111000000000010010000000000010000010101100000000101000110101000010000000001001000110100001101000001000000000001010000001000000101000000001001000000110000010110000000011011000001
0000001000001000000011100000000011000000001001000110000000000110110000000000101010010010000000001000000010000100011101000000000100000000100100100010001101100001001001110010000101100000000000100111000011010101000100100000
1000101111000000001010100001010100100000100010000000000000000000000000000001000000001001000011000000001011000101000100000111100001011011001101000011000000111101001101000000100001000000100101000000000000010000100000000100
1000010000000000101110000100000101011100000000001100001000000000000000000001000011000000100000000000001000011010000110011000001000000000001010001000000000000001000010010000000000001100010001000010000100001110000010001000
0010000000000000001100000000001110100010101011011011001100000000100100010000000100110000101010000000000011100000001100110000100001000000001101000000000000010011000001001111000000000000110001011000000001001110000100010001
0000110100011001001000000100100000100010010000000001010010010000000100010000000000010100000010000000000001001000001000000000000101101001000101001000000011011000000100010011001000000000000000100000100100000000000000110001
0010000010110100000000010000100000011000110001100110000100010100011100111000011011000100101000010011110010001000000000001010000001010000000110000001001011100100000000010000000000000011100000011010000000011000010110011010
1010010000101010000101000000000000111001000000010000000000000000010110101011000110001101011001000000110100000001000000110000100010000100111110000010100101010000001000000000000010010000001110000100101100100010000101000010
0000100000101100100101100000001000000000010011000000010000000000100001000011000000000001101001010010000010000000001000010100000000001101000000011001000100000000000101000110000010000100000100000001100010010001000001001100
1100000100100001100010001000000000000100100101000000010000010001010010001000001000001111000010100000000100000000100110010001010000100101110001000101100000001000000010000000000000000110111010000000001100110100000000100011
1000001010011100110000000000001000001010100010001000000100110000000110000000000001000010001000000000000000000111010000010000101000001100000000010101000011100011000000000000001100100000100000010010010100000100000000010001
0000000010010000000000001000000101000000001000100001000001000100001010000101000000001000010100100010101000100000000001000000100010100000111000100000001000000000000000011001100000001100000000000100010110010001000000001000
0000010100000010000001001001010001000001100001110100011011000000010010000000000001000000000011111010000001000010000000000000000100100000000010000010110110000000100100011000011000000000100000001010000000000000000010000011
1110000001011100001101000001000000000000010011011010100000110011100000010101001011001101000010000000000001011100010000001000000001000011001000000010001001100001100000001100010001000111110101000000000000000000000100100111
0000010000001101100110000011000000010000000100000100000001000001010000010001100100000001001110000001100000000000000010000010000110000010000010111010000001000000000000000000000001000001010010000000001100100000100010010000
0001010000100000100100100100000000100000001000100101100100110001000000101000101000100001000000000000011000000000010010000000010010000000000000000001001000010101101000000000001010001001000000111001010000000110000000100000
1000010100011001100000100000000001010000001000000101000010001000000000000001010100001000010000000000000100000101010010010010001000000000000010100000010110010000000010101001000110100000001000001011010000000001000000000000
0101001101000110001101000000100100000000011011010001000000000000011000010010000100001000011000000001001000100101010000000000010000010110101110000000001001100100010010010000000010000000101001011001000000010000010000001110
0100000000000000100010000001010000010101011100100000010000000101000000010000100000100000110000110000000000000000000000000000010001100100010100110000000000000000000000010011000000101010010000000110100000011101000001010001
0100000010010101101000000011001000001000000001000110000010001000001000000000000000000001100100111000110100001110010000010001010110000110000101000000100110000011001000000100000010010000011000000001010010000000001000010000
0100111100000000000000000000100000000110001001000000000000100000000000000100100000010101001011001011100010101100001101000000000001010100001010010100111100001000100000001100000101000100001010010000000001010000000101110000
0101000011010000001100010100001001000001000001000010000010000010100010000011110010010000000111010000000000000110001010000000000000100000001000000010010000000000010000000011001011010000000001000000100000001000000000000101
0000000001010100010000010100010000101000000000001000000000000000010000011000001000010000001010000001000001000000100000000011000001101001100000100000100000000101011100101001101001000001101100010000100000100111000000000000
0101000000000000010011000000000000100000111010000001101000001100001101001000000000010011001100001001001110000110010010001000000010000001001000000001010100010001000101001001100001111000001000100000011101101100000000000000
0100010100000010000010001000000000010001010100001000000010000010100000000011000000000100100000000001000000101110011100101000000010100100000000111100100001000100100000010000000000000000000001001000100000010000010100000000
0100000100000000010000100100000000000001101101001100001101001000101001100010100000000000010000011000010101001000010011100000010010000000000011001000001101001000000100011101000110100000000000000000010000101000101000001000
1000000100000100000000010000000000001101100010000011000000100000000100010000011010011011000000011010110100000001000000000100000001010000000000100001001000001100111000000000100000000010000000000010110000000000100000000000
0010011011100111001111000000000100011110010000000010100000000000000001000001111001111000011010100000000000000001101011001010011000010000000000000111000010000000000000000000000000000110100000110100000000000000100100000100
0010011000001000010100010000001110100010010000010100111000000000010100001000000100010101100100100000000100001000000001100001000001001001001001010011000010000011000110010110000100000000010001000000000010000001011110000110
0001110001000001100000000010000001000000000000010000000110100001001010111000000111010001001000001100010001000000100001000100101110001001000001000010010110000101010000100000101010001000000011001101111000000100100000011010
0010000010000000100011000000001110010001000011011010100000100001000011001000011100001100100010010000010000000100000110010001000000001001010000000100010000000100100011100010000000000000000000100101001110001000010001000010
1000000000000010000000100100000100011010100010110100101000110011000100011000000010100111100100000000000000001110000100001001001000110101000010100001000000100010000000011001000010101100010000000101000000110000000100001010
1100100101000000000000000001011010100001000000000000000000000000010000000000000010000000001110001000000000000000000000010010100000000110000100000001101000010000000001010101010011000000011000001001001101000000000010110000
1000000100001000111000000001000100010000001100000001100000000000100000001001010010100100010001000000100100000100011111110001011101000100000000000000000000010011000010001100110100000000110110000000101001001100001100011100
0001000000011000110001000110001000000000000000000000000000001001000000000001000001001010011000100000000101010000010000000100000010100111001011001100110100000000000001111100000000000011100100000100000001100000100100110000
0001100000011010111101000100001000001000100000100111100000001000111000000010111101100000000000100000000000000111000101000010001000000011110000100000100110101001000000101000111010001000100010100011010010000011000010000000
1001100001010000111101000001010000100100110001000001000000000000100100011000000000100000000001000100000000000001100001110110100000000001000110001000000000000011011000101100001100100001100010100000101101001100001100101011
0101000000000000101101101100000010000000000000000011001000001001100001010010100010100000001001101001000001011001100011010000000011010000100000010010000110100001101000000000000001001000100101010001001010000111001000000001
1000000000000000000000000000010001011000010001110000100001000000100011001100000000000010000100000011010010011000011000000000000010000000000100000011000100001101000000001000000010000001100011000100001110001101100001010001
0100001001010000101100110100110010000000000000101001010101000100000001110100110001000000000001000000001001000011001100000100000000010010100101010000100101000000100001001000100000000011001100000001000000001100100011100000
0010010011001000000101000000100000100001000000000100000010001001010100001000110010101100011100000100000110001010010010111110010000000100010000111010010000000000100001000001011000010101000000011010010000100010000001000101
1000000100000001000000001000010101100100000111000100100000101001010001101100010000100100101000010111000100010000010100100000100100101001001000001101111000001000000110010000000010000000011001010100100011010000010000010000
0000010000001000110000001010001011001000100100010001000000011000001000000000101100101000000001000011001010100110000100000010010100001000010101100000000000100000100110100000000100000000000000000000000011000010000110000001
1011000000000000000000000011100010000011000001000000100001000001001100000000000001001110001000000000000000000000010010000010001000000000000000001010000001100100110001010100001100000000000100010001010011011101010000100010
0000000100010100000010000010110000101011010000000100000010100010010100000010101010111000000000000000000100000001001010101100000010100010000010000000000100010000100000001000000101000000010100001010001101000000000100110100
0001000100000001000000010001110101100010000001000000000000100000000100000001000110011000100100000001000000100101000000000000100000000010000011000010001100000001000000000000000101000000000001000000001100000000001100111010
1000010000000000000010010000001000010001000000100010000001001000001010000000000000100001000010111010001010000001101000000011000111111000010000100000000000011000111000101100010011000100000001000010110010000000000111000011
0000001000000000010001000000100001000100101001010011010110010011000011000000000011010011010100011100001000000001000011000000000110000000010110001010000000010000000010000000000100110000010010010001110010101000000000000011
0000111000010010000000010010010110010000000001100010000110000000000001000000001000000001100000010100001001000100000000001000000000010000000000100000010101100110110000000010100000000000000001000000010000001000000010000011
0010010010100000011000101001011010010000101101111000000001000100000100000110000100000000000000000010100000010010000010000010000000000010000000010010000110000000111001011000110010011100001100000001101010000000100100100010
0001000000010011100000001000010100001010010011011100000000001100000001001100100010000100001000000000000001000000000000010100000000000000101000000000000001110000000010001100000000000001100010100001010010100000000000000010
0011110001000000000000010000000011001000000000010100111110000000010101100100110100110000101000001100000100000000000001000000111100000000100101011010100101110000000001100111000000010010000001010000001000000010100000001000
0000001010000000110100100011000000010000000001000001000000001000000010100001000000001000001000100011000001000110010011000000001101011000100100001111000000000100000010000000000100000100000000000000000010100101000100100000
0001001000011100010010000011001100011100110111010000001001000000000000001110000100000000000010000000001000000011010000100000100000100000000000101100001000101000001000100100100000111010001000010010000100001001010010000110
0000000110000001000010010010000111110000001000001000010100000100100001100000001000101000001111000100000010010010000100000100011010001010010010010000110100001000000100001100110100101001000100011100001010001001001100010001
1000001001100001001000010010010101101000001001001100011110001001010000100000000000011000110101011000000100000000010100011010000000100000001000010000000001000100000000000000010100000001100000000001000000010010100000010000
0110000000001000000100100100001000000100000000000000001000110100000100000010000101101111000000000000010101000100000000000001000000100010000000000010001100000001000010000110000001000000010001010001100010001001001001010000
0000001000000100001001000000001000000100100011000000000000110101100001001100000000100000100010000000000000010001000100000000101000010110000011001000100001111010000001011010010000000100101001011100000011000010000000010000
0101100000000101000100010001000000000001000010001000100000100001000000100001010100100000100000001100010000000000001000000100100001010000000100000010101101000000010001100000000000000110100111000001000100000100000000101100
0001000000010001100000001001001100000000100000011001001010000000100010000000010100011000000000101010001000011000000000001000000000011010101010000001011000010000001101110010000100000000000011000010001000000010100000000111
0001010000010000000000101101010111100000010001010010100100101010000000000000010000000100000011010000100000000000000000100000001000001000000000000000010011000000010000001101101000000000100000101000100000110010000100000001
0011001000110000000100000100000000000000110000001001001000010000000010000110000000010010010101011000110010010000010001100100000101000000000001100000001011101000101100001100001001000001100000101100000101000000011011000110
0001010000010000000010000011110000010000000000100000000000100100010000001100000001100000110110110000000000011110010100010001110100100110000100000000000000000000101010000000101000100000100000000110101010000100000000000100
0000110011000000000010000000100001000100010100001000001000001000000000010000100000010000000000110110100001001000010000010000010010000000011001000000000010100100000000010010000000000000000000011001110000000001000010100100
0001011001100000100100100000100001100101101100111100100000010000100000000110011110000000100001001010000001000100000100000000100000001000010001011000000000010001001110011000000010000100100101100000001011000000000000000000
1000000110001110001000011100100001010000100010000010100001011010100000010100111010000000001000000000000010001010100010101110000000000001000000010001001100000001011001000001111000010000000000001000000001010100100000100010
1000101000010000000000001101000000000000110101100001010010100000100010100100000100111000000010001000000000000110000100000000101100000100110000001100011010001101100101010000000101001100001010110000110000101010100001010000
0000100010100000011100000100110000010010100111010000100000011000001011010011100010100000100100111000000000011100000000001001000010000010001001010110000100000001000110001011000000000000111000000100000000110011100000100000
0100000011010001100000001100000000000100000011011000000000000001000000111010000110000000100001001101000011010100001000000010001000000001000000110000100000000010001000000100010100001100000100101100010001000000100000000100
0000000000010000001000010000101010000000010011000010100111110010001000010110110000010010000100000001001010000010100000000100100000000000110011100011000000110000100110100100001010011100100000010100100000100010001001010010
0000110000001000010010001001000001010011000000000000001100000010010100000001000011011100011000000100101000100001100010000001000110001000000000100000011011010100000000000001100100001010000000000011000110001000001000010000
0000100010000000000100000001001000000010000000010000000000001000001101000100000000010110010001000000010000010100001000000000110000100100100100001010000100001001100000000101100010100100011000000001000010111010000000000011
1001010100110001100110101110000000001010010000011000000000011010100000000000000001000010000100000000001000000110110000000011000110000110001000000110010000000010000010101100110000100011001001000100001111010001101100000001
0000000000001000000000001000001010000010100000100100000000010100010010011101000000010100000000011100010110001000100010000110000010000010001000000100011000010100100101001110010010000000000000100000001000110011100010000000
0000010000000000010001011100000000100010000100011001010100000110110001000100000000010101000100000000000100001000001101000100100010000010001000001101001000001000011001100010100000000101001000110001010000010101000000000001
1010000000111000011000011000101001010010010011111000010001101101100100100001010001000000000011110000010000000001000000000001101000000000001100010110000000000110000000101000110000000001000110000010100000001000111000000101
0001000011000000010100000000000001000100010000010001010000010000100000111000000000000000110000001001001010000000000001110010001010000000100000010010100011010011001110100000100001110000000000100010110000100000100000100001
0010100000010000011100100011101000001000001001000100000100110010000100101001000000100110000001001100000000000101000001011011001101000011110000000010000010001000010000000000011000011100111000100000100101001001010011010100
0000110001010100000010000010000101000010000000100100000001000110000000100100000010000010000100100100001101000101000011000001000000101000001000001110010000100100000000000000000111010000010010100000000000000010000000010000
0100010100100010000011101001000000000101100000001000000000110100000000000101000000100000010000000011101110110000001010001001001000110011001011011000001010000100110100101000000100000001000101000011110010000100010000001001
1100000010101100000001000001000100000111101001001010000000000001100110010000100011000100110001111111010000010101001000010000000101000010110000000000000001100100000001000100000000001111100001000000110001010100010100000001
0111011000100100000010000000010010000100000001100010011000110100100000000101110001000101001000001000000001000001000000010001001000000100011000000000110000100010000000010000000000000000000000000000000110000011100100000100
0000010100000000010000010100001000101011000100000001000100000011101001011001010000001000100000000100000000010000000000110000000101001000010011001000000101100000010010101000000010001000000000011000000010000100011010100001
0000100000001100001001000000010110000010000100001000000010011001110010000001010010000010000000000010000110110000100000100000000000010000000100100000100000000010010001010010000010000000010000000000101100000001000000000000
0000001101011101000011001001000100001000010101000100100000100110000100000000110101000001001001000001000000000000100011010100000100010101000000100000100001101000100000110000000011000000001010000000001100010000000000000100
0000010010010010101100001000000000000010000000000011111011000101010100000100000100010001000101000001000000000101011000000000001000000010000010000000000001000100011000101000101011001000111101100000101000001010010001100000
1010100111010000000001000101101000101110000000010100010001001001001000101001100000000010000100000000000001101000000101000010000010000000010001001010001001000110010001110110000000100011111001011000000000100000000000100001
0100100101110111101010001111010000010000100000000001001010001000000000101010101100010000010111010100001000001000000001010110101010000000000000000010000000001000010010001011010000000010010000000000010010000111001000001101
1001000011100010000000000011101000110001000001010000010010000001001011000110000000001000000000001000010000011001010000110000001110000100110001010101000000110010100010000000000100000100010000000000001010000001000011001101
