0010000101100001010000001001000010000000000110110000100001000000010010
0000001000011000000101000010100101010001000010001101101100010000000010
0010110000000110000010000000000000100000111001101001000000000000010001
1000110000001010011100000001001001010010000100000100000000000000000001
0001101010000101100000000010001000000010010000000000000000010100000001
0011010110001100000011000000010000010000010010011100100011101000000000
0000110000000010000000001000000001011000111001110001000010000000000001
1000100000001100001000100000000000010000011000001000001010000011000100
0000000001000000100100000000000100001010011110000000000001001010010100
0000000101000000100000010010010001000000001000000100010001000100001111
0010010000000000100000000101000000101011000000010011000001001000000010
0000000000001000110000100001000010100011000000000000110100000000001001
0001100000000101010001000010000100011010101100001001000001100001000000
1000100000001000000011000011000000010010000000000000001000110010000001
0101000001001010001001010101000100000100000000000000000000000010000010
1000001110111000000000000100010010000100010000000100000000000000000010
0011000100010100000001000010010100110000001000000101000001000000000010
1000100001000000010010001000001110000010100001001010000000010100000000
0000001010011101010010100100010001110000000000000000100100000010101000
0000100000100000000000001001110111010101000000000000010101000100000010
1000000000000000000001001100100101000000000100000100100000000100101100
0000111001001001110010000100000001000000001000000111100000010010000001
0110101001010001100001000000001011010000001010010000100010000010000010
1010100000001001001010111000000000000000000001010010001001010010100111
0000000110001000001000101000100000000000000101101001101010000000000000
0011001010001000000010000100000000000100100111000001100000100010001010
0000001001101010001000000000010001010001010010000000101100000010100000
0000001000110001001111000000100001010000110000000101000001001010110010
0000000000010001001100100000101000000000010110010100000000100000001100
0111000100010000000000011000100000001010000010000000010000110100000100
0000110000000010010000000000000001111011101001010001001000100000000001
0000001001000100000000100010000000110000011000000001101000000011011000
0000100000100000100000111000100100001001010010101001010010011010000000
0000000011001000000000000011000000100110000001110000100100101110010000
1000000001010001000010100001000010011011010000000000101000101100000000
1001000000000110000000001000000100101010000000000010111100111100010000
0101000000010010011000000101000000001000110100100100010000000000110000
0001000010010010000000100010101000000010001110000000010001000000000000
0000010000000000000000010000010010011100100110010111001000000100001110
0000000000010011010000000001000011101000010110100000000100000000000000
0100000000000101000000000000000000111000010000000101010011001000011000
1001101100000000000010010000010100110000111000001001100010000010001001
0010000000000100100001010000000010001001000001011011000001000010000100
1000001000000100001001010100001000110000110010000000000000010000011011
0001010000001010000110010101110000100000010010101000010000100110000001
1000010000000100001000000010000010001000001100010010000000010001000001
0000000000001001011100100000001000000100111100000000000100101101000001
0101000000001101011010000000111000000000000000001001100110010001001010
0110110000010100001001001000000101100010100000000100000100000000000011
0000000001000010010101000001000000000101000001110010000000101010011000
0000100000011000100110000000100000100000000011000010001000000000010001
0100100000000001000100110100000100000100000000010100000111100000000010
1000100101110101000000100000000000000000001000000101101011101000000001
0110010101101001010000000010001000110010101001100000000100001100000000
0000010000010110000001000111001000000000001010011010000000000000010100
1000000010011000100110000101101000000110001010001001010000100100000000
0100000000000010010000100000101010000011000000000000010100000000110001
0111000010000000010010110000101010101000101001010000000000000001000000
0000100001001000010100101000110100000000000010000000011110010110000001
0000011010011000110010000000100000100000011100101111000010000010000100
0011101010000110000000000010000000000101001000001000000010010000000000
0000001010010010000000010000010001100000101010001010000111000010001000
0010100011001100000100010100100001100000000001000000100000010001101100
0001001000011000010001000000001000001001101000100000100010000000000110
0011001101000001000010110000011100100000000100000000000001000001000110
0100000010110101101000010010010000000000100100000011100010001000110000
0100110100100000000000010001000100000100010100000000001100101100100010
0101000101000000000011100100100000001010000010000000010010100000010010
1100001000100001001000000100001001000000001000110010000110011000010000
0000000011000000000000101000000000001110100100001100000100000100011000
1100000100010000100101010000100000000000000011000000010101101100000010
0010001010000000111100001000010011000000000000000000001010000000001100
0001110100000001011000100001100010010010100000000001011000100011000000
0001000000010010001100100100000011001100000000000100000000001100000001
0000000001000001000101011100010000000000101011001110010000000001010110
0000000101000001000001000000000000000001000001100011000000111011100001
0000101100000000100010001110001000010000000000000000100000001100000010
0000001001000000010011100100001001000100000010001101001010001101100010
0000000010000000100001010010101010010001010000011000000000011101100001
0000000001001001000001000010000000001010111000000000100000110000100000
1010001100000000111000101010000000100100000000101010010010011100000000
0010010000100000101000000000010001000001000010000100001110110000000000
0000011000000001001001010100100001001010110010000001100100000000000000
0000110100100000001000100000011100011000000000000001000100000000100001
1001000000100000000010000101000000011011000010000011001100110000110000
0100000010101000000100010000101000010010000000000001001000011000011010
1001100100100000000000001101001000010001000000001000000010100100001000
1000000010000010001010001000001010000011001000001011101010010000100010
0010000010000101000000001000000010001100011101001001001110001010100100
0001010000011000000010000000001001000000101100110000000100001001011000
1010001000010001100101100000000000010010010000000100000100000000000100
0001000010000101000100000110001001000000000010100110000100000000010001
0100000010010111100000100100100001000000100011011000000000000010010000
1101100000100100001000010100000010010010010010000100001000001000110001
0000010000011001100000001001000001001000000111010000000000100010000100
0010000000010000100000000010101000010010001001100100101000110001100000
0001000001010000000000000010000000001101000001010101000100111000000000
1101010010100101000110000000110100100000000001001001000000000010010010
0010001001000010010110000001001000010000000000011011000001000000100000
0110010001011100000000000110110001000000000010000000000011000100000010
