0001010010000101100000100110000001000110000101100010100100000001000110000000010000000100000101001100100000000110000000010001001000001000100000000110000100001000100011110100001001010010100100001100100010000100100000000000100100110000000000000000001000010010100001001001000000000000011100000000000000100100000101000100011000011000100000010101100010010000010000001001000000110010100100010000010110000000000011010100000000010000101000111101100010001010000100011100
0001100010011000000110001000000000010001001001010000000100101100000010000000001001010001001010001000000000000100010001000000110001000000000000000000100000000000010010010000101000000110000010000000001000000100010000010001000000000010010001101000000000001010000000101100100000011100000000001010101011001111000100010000011101111111010000010001001100000100100000000000010110000001001100100001110011000001100111000001010001000101000010100000100000000001000000000000
0101000110100101000111001011101001011000000100010000001101001000101001000000000000000000100100000000111000001000100100100101101001000000000100000000100010100111100000000010000001000101001101010101000000001010010000001000000100000100010001010000000111011010110110000011000100001100000000100001100100011001001001000000001000100000101101001000000001010000100000100100000001010000010100000100000000100001000101001000000011101100000010011010010100000100101000110100
1000000000100010010100000000000000101000010000100000000000100000000110000101100001000000010000000010000000000111010100000010000000100000000100000000001000010000000001011100000000010000001000011110100001100000000101101010110000100001101000010000100000010000000000111000101100010100000000000100000000000100000010010001010100101001001010100000000011001111000000110000001000000100010000110000000110010100000001011000001010000000010011010011000100000010001000001000
0010000010010000110000000100110110000000100001100010000000100000000000000001000000101010000100010010001010110110010000100001000100000000100000000000000000000100010001010001101000000100010001000000001000000001000000100010000000000000001101000000100011000000001000000000010100010000000010000000000000000001100110010000000000100000100010000110010000000000000000111010000110001001101010001001000010000010001110000001010110001000000000001001000000000000001001000100
0001101000000111000100101011000000000010010100110100011000110010101000000111101100000110000000000000010100000100100000100011100010000001100001000000000000001001100011000000100100010100010001000000000001000001010001101001011101010000110100100100100001000110000001000001000010000100101000001001111010010001100100011010110000011000100000000100001000010001000000010001000000010100101000101000010001000000000001010000000001010000001000010010010100000001000001101000
0100000000000101010000000000000010000000100001100100001010000011001000000010000010000000001100100000000000100000001000000010000010000010100000000010010011100010000001111001110001000000000110100010000001001001001001000000011100010000000110001110101100010100000100000000100001100011100000000001000001000001110000100000000001000110000010000010100010100001000101010000010000110010001100001000000000000000000000001111100100000100001011000100000000010100000000110010
0010101001000001010010000110001100001101001010010010011001001000100011000000111000110011000001100000001001000100000100000001000100110001010001100100010111101000000010001000010000101000001000010000000000000000111000000000001010000000010001100000010010000000010000100100000001000000001110000101000101000000000010010000101000000011000000001000001000001000100000001001000010011101001100010001001010000100101000100010000000010010011100101000000000000000010100000000
0010000000000110000000010000010001110000000000000000110010001001100000000000000100000001001010100001011000001000010001000000000000010000100000011100000101100001000100100000101000010000000011010001001000100000010010000001000110000010001101000101110010101001011110000000000101101001010000100000000000000110000000010010110000010001000011010000101110000100011011010100100010110000101000100010000010111110000000000101010001010011000100001000001000000001100100011000
0000000100110000000110000000000100010101000001001110011010101000110001100000000001100101001111100100010000100000010000001000001111001000001000011010011000010000010011100000001001010111101100010100000000001011001000111101010000011000000010000100000001001000100000000000010100000000000001000000010000100001010000100010010010000101010100001001010010000000000100011011001000010001010000100010010001011011011000101000100011010000000001100010000010000110000000000000
0101000000110011000000000100100000001000110100000100010000000111110001000111000010000010000010001000001001000001101100010000110000100110110111100000001000010000010111001000110100010110010101000100000010000000110000000000110000010110000011000010000110000000100000000000000100000100000000010001001100001000000100000001000000010000100010001101000010100010010100110000100100000110001000100100000000000000010000011000111010010000110100100000100101001000010011000000
0101001010000000000000010101000010001110000010001011000001000000001000001110100010010100100100011000000110000000000000001010000000000000001000000010000010010000000010000101100001000010110001110000100000010001101000010001101000000100010001000000100000000011000000000001000001010000100001000100000110001000001101010000101000000101000001001000000000000011000000001000010010101001011011011000000100101001000001000000100000001000001000100000101000100001010110101100
0001100110000000000000000000100110000000100000100100000000100000010000000000000101001100100101000000100010110010001000000011110000000001001001000001000101000001100000000000001000101011000010100000001000001000100001010111000110100000101000011101101000100000001010000001000000000001100101000110011000000001001000000100001100111101010110000001001000000000100000000000010000000100110100100000010100010000000000010011000001000111010111000000000001000100000000000001
0111101001100110000100010001000000010100100000100010000000010000001010100001100001010100000011010010010010001000001000000000000010011000001100000000010010000000100000000000010000101010000000110000000001111010000010000000000000100010000001000000010000000001000000100010100000010011010000100000010001010001000000000100000000001000001001101000100001100000000011001000100000011001011100100110100000001110110010100000000001000010000010000011000000000100011100010011
1000010000000000010100110000001001001000000100000001000100000110000000010000000001001000010100001000000010000000000001111110000001000000000000010100110000010000010010000010100000001000000110110000001001000100100100000000000101000010000010000001100010111000111111000011010100010000100000101101000101000001000110000000000010001011011010000100100000000001000100010100100100100000010000000000010000000010000000010100001010000000100110000010000000001110000000010100
1100010001111000001000000000000000000010001000010000000101000100000000000000001000000000010010000000100100011010101000000000011110101011010001010010101100000001010000010010000000000001010100001000000010000000000100000000010000000101000000000011000010010110101000010000010000100011100001001000000100100000000010000001111000001001000010000000000000100000000010000000001111100001000010001010001000010000100000101000101010001000100110001000010010000000000010000110
0001100010010001000100000000000101011010101000000010001001100010011010010000001010000000011010000100011000001111010100110110010001100100000101000100000110110010110100000000010001000001000100110001000001000000000010111100000010000110000000100100101001001010010001100100101011000011000011001000000000001100001000000001001000001010000100000100000010010011000100000001010010100000110010100000001001000100000000100000010010010001110000000010001000001010000000000000
0100000100001010011100100101110001000010010100000100010100101000000001010000000000001010001000000011101000000011010000000100010101000010010010000000110100100000000011010000001100001111000000010001010001000000100110000001010000111000101100101000000000000011110000000010000100100000000010000100000000010101100111000110001000100100001000000011010000001000000100001010110000100000011001011010100010001111000011010000001001100010100011101000110001100000010000000000
0000000001000100011001001100000001000000011000001101101110101000000001001000010010000100000101000100010000010100010100000010100000000010010110000010010001100000010000001000100001001100000000100010001000000000000110100000100000011011000010101000010010101010010010000010011101000100101000110110011010000000001000000010001001001000001000111000000000101000011100000100101001000010010001100000100010000100000010101100100000000000100010111000000000101000000000000100
1010000101011110000000010001100000100111001001000011000010111100000010000000100000000000000001000000000010000100000110000010010110101101010010011000011000001001000000001000101100000001100001000100001000000111000110000000010110010001010001010000000000001111000000101100100010001001000101000000110001000000000000001000000110000000101100000100000111010000000000000010000011000000000000000010000100111010000001000000000110010100000000000101001100000001110000100001
0100000000001000000100000100100001000000110001010001100000011111000000000010001100000000110000010110110000100000100010101110000001001001000100110100001000010101100101000000000000100000011100000001001111100000000010000000000001000000000000010010000110100000010010001001000000000010000001100010101001000000101001000100010001000100010000000000000001100001000010010000000010000100001010000000010011011011000000100010000010100000000110000101101000000100010000100100
0000101000110011000000101000001000100011000101001101100001000000000101000001000000100000000100010101101000001000010000100010001010001010100000000110000100000000000010000001000011000100010000000100010000010010011100100100101000000000000000010010100000101000000100010001011000000100010101100000110001010101000000000000100010100010000000101100100010100100001000000010100000001000000101000010100001010000010000000101111000000000000000010000001110000100010010000011
0100000100010000000000001011010110000000000000010000000011010001000010000011010000101000001000100010001101000000000000000000100000001000001000010000000010000110100000010000000000010000000010000000100010110101000000100110010000000000001001000100001001001000110000000100101000000000110010011000100000101110011000010000000010001000101001001000110010100000100010011100001010000010010100101000001011000001101000000011000000000000100011000011101010000010001000000001
0100001110001100100000000000000000000000000010000001000011010010110010001000010000000010010000000000101000010010110100101000010000000000000000011001000110000101000000010000010100000010010000000000000010111000000001000111001010100010010000000100010100000000000000000000000000000110101100100010000000000011100010000000100001000100000000010000000010000001000010100000000000000100000100001001100000011010000110010100010001010000010000011000000010000010101000010000
0000000100001001100010000100000000000000000001000100011000000110110000000000001000001000010000000000010000001001110000000101011000000000000000000100100010000010000000100000000110100100001010101000001000000110000100000000010101000100000000011011101000000000001100000100100001000001001000000000110110100000011100011001100000000011000100001000100011010001000100010000000000000100100100010010000000000001000000001000001010010100000000100110000010001000110110110010
0010000000010001000110111001000000000001000000000010010000000001000000000101000000000000000000000001000000001010011000000000011010000000101010000010001001000000011010000000110010000101000101000000001000000110000000001000000000000000001000110000010000000100000110000000000110000110001000010001001010101000100001000101001000000000000010010001011000000000000000000010010000010011100001000000000000100000000100001100000001111000000010000101000100011100100100010000
0110000000001000110110100000001000100000110010000000000101000000000000001101100110110001101100000100100000000101010000000000000001010101000000100100011000100000010001110001000001110110101000110001010001010000000010001110000001000000101000010000000000010000001100000000000010101000001000001110010001000011100001000000100000001011000001001010110000010110000010001010000000000010000000011001000000010010000110000001000001100000000010000010000010100001010011000100
0001000000011101000100000011000010000000000010110011010001100000011100100100001100000000100100100000000000000101000000000110001100000000100000000000010010100000100010000111101111100000100001000000000010010010100100010000100000000100000000011000000000100000000001000001000000000000000000000100000000001000010000110000010000100000101001000000000000110100000001000000100000000000001001100000000000000000000111011100001000100001010000110010100001010110000001000000
1000000100000000000000010000000000100101110000100000000000011001010001000000000011000000010010011000000011100111000011001100010000000001000001000001000001100101100010000011101100100001010010010000101000000000001000001000111000001111011100100011001001101001011101000000000000010001000000000000001000100000100111010010000110001101011000000100100100010100001000010000000100010100000011011001010000000100000001101001101010000010001000000001010000000001011001000000
0000000000000010011100001000000010000010001000101001100000000100000100010010100000000000001111010100000000000000001110010100000000010001000000010000000000000000100000001100001100101000101010100000011000010000000000101100100001000100000010001110000000000000000000001011100100001001000010000000011001000000000000000000010100000000000010100011000000101000000110001000001110001000010000100010001000000001000000000110100000000011101100000010000000000000000101001010
0001000010000000001000000100001101010010011010100110000100010000000001011011000011010100100001001010110010001010101000000001110010001100111010000101000000111100001000010100000110000001001100100100011010000010110001010011100000000000000010010100000001010000001010000001000001001010000000101000010001010101000000101000000110000001000001010100101010100001000001000000000000001000001000000000000011000000000000000000000010000010100000001100100000000010110001100001
0001000000000010001100000001000000000000010010010100000001001100101000011110010000000100000000000001000110010001011101100010001001000000100000100100010000000010000001000000011000000111011110000110110001000000010001110001110001010000011000000000000000000000011100000110000001000000100000001010100000000010100010100001000000000100000100100001000000010000100100000011010001000010010101010001000000000001101000000010000001000000000010000000000000000000100001001001
0000001110110001000100010000100000010000000000000001100000001000000000100100011011100110100000000101000000000010000000110000110000010100010000100000100100011000000010101000000110001000010010000001100000000000100100100100000100000001000110000001000001001000101000000001001000000000000000000000000000000110001010000001011000001101010101011000001110000000000100001001100000000000001011001110000000000000010000000000000111010010000010000000010010100001001000100000
0010100000001001001010011000111000000100000100101000000010000111010100100000000000000011000010101000010000000111000000010001101000000000000101000000100100001010100011000100100000100001000101000001000100011000010100000101110000001001000010101000100010100100000000001111010001000000100000010000010011000010100010100011110000011001111100001000010100000100001101000111000100001100001001001000011111101000000000010011001000010001100001001101100000011101000011010100
1000010110100010010001011000100000111000010000000010010000010100111010100100000000100110010010000001101010110001000000001110000000001111000011001000000000110000010001101010000000010000100100010000010100000000001000010001110000000100000000000000111000000000000000000100010001000010000100000100000001010100001010000000011001110101000000000100101000010000000010000001100010001000010100100000000110010101000000000000110101000000000001011011010000000110000000101000
0001001100000001100011010110101010000000001000101010011000010010001000000000000001100010011010001001000000010001011000010010110000010011010100010100010100000010001000000000100000000000101001011001100001000000100100010000100010000000100000000100000100110001001101111011000000000010001000000000000010011110100001001011000010000110101110011100010010000100000010011000100000001000010000101100000110011000000000100000000001100000110011110100000010000010001001000100
0000101001100001011011100001010001010000000000001000000000110000000000100100001000010000000000000001000010001000011000000101010100000100000000001000000000001101000100010100010001000000000100001010011000010000010100000100111000000100000000101001100000100000010000101010100010000000100010010000010000110100100000000000100000010010000000000110000100000101011000001010000000010001000000100100010100110010011000100000110000010000000110100000000000001000011010001011
0010000000010000000010000000100000100100000011000010010100100100000010000011011110001000000001100000001001001110101000100000000010000000001010000000001000011111110000001000100101010100000000000000101010011000000000010101100110001000100001001101010000000000110010101000111101010100001110100000000100000000011101000000000001101000110000010100010110011000000100000010010010001000000000001010010000000001000000010010010011000010100010000101100101010000010111000100
0000010000001000000101001000001000001000100011000000001000100101000011001000011000110000010010010010101100100000001010101110000110000010100001001000001000000100000110010110001000010010000000100001000000000011000001110100010010000000100100000010010000010110100101010100000000000100100000000000101000100100101000001100101010110010001000000000010101001010000010000000000000000110110110000100100000000000001000000000010110001000010110000000000100001110000000001100
0000001000010000010001010100000100000100001010001100001000001000010110011101001010001101000000000000100000100011000010010000111000000000000000001000010100000000100001000000010000010100101010100100000001110000000000010101100000111000001000101110010000000000000010101001000011101000010111010010110000000000000010100100110110000010101101000001100000100010001110000000000100101001000000000000001001000011001000000000000000100000000100001100001010001010110010100000
0100001000100100000000001000100010010010000011000011000000000000001010000010000000000000001100100100001000001000000000100000000001000010001000100000000000000011000010100100000000001000000001001000000101001100000000011000000000100000011000000000100100010000000000000010110001000010000001001000010100000000000111000100000010000000001000001001010000110001000110001000000000110110000110000011011100101100000101000000001010100001000010110001000000000110001101000001
0000010000100000100000000000000000001000100010000110010000010001100000000000010000001000000000001010100000111000100011000001010100010010010110000010000000100101000101001001000100000110110011000100001101001000010110001000000000010010000100000001011000000000001000000000010010010000001000000010001000000010101000100000010000000010010000000100100000100100101100100000000101110010000011000100010001100011000000000100001011000000100000000000000100100011010000000001
0110000001000000100110010000100010000100000000001000010100000100000010101000000000000000110100100100001010000000011001000010010100000110001000010000100000000100010000000000000000010000010010001100000000110000000101000000000000000000100100000001001011010100010000000000011000000110100100000000000101000010100000000100000000000101110000100000001010101000000000000001010000100000000000000001000010000110001101000100000000100010000100000010100011000011010110000000
1001000011101000111010010000000000100001001000000100110000000101000010000000000000100000000010000001000110000000010110000000010010000100100000000100001001010100000000111100000001000100001000000000000000000011101010001001010000100001110010010000000100001000100000001000001000101000100000000000010010001010100000000010000000000000000001000011000000011000000001000100000100000000010000010000001101000100100100000000010110000010000100010010000000000000000001000000
1000100010110001001011000100101000110000000000111000110001000100101001001000011011000100010110101000000010011000000000000010000000000101000110100001001110001101100000000011100100001000000100000000100100000000000000100001000000000100001001110000000100001010000000000100110000000100100000000000001000000010010000011000000100100111101100000100000001100010001110000000001001101101110000110010001111000100000000100000000100000000000010000100110110000000010110000100
0000100110000000000110010011000111010010000000100000101011000010001000010000000000001101000101000000000100001011000000000100000000001100000000000000010010101001011101011000010010010100001010001011000000010001001000010010000000100011000000010001010010001000010010000000011000000000010000000110000010001010011000011010001100011000000000000000001000001100000001101010110000000000010000000000100001000000100010000000011000000000011011011000000001001000000000100000
1100000100111001100111011100000100011110000011001000100000100101000010000010001000010010000000001000000101101000010000001000110101000100100000100110101100100010000100111100000000000101000000001010000001000000111000000111010000000000000001110001001000000001000000000000001000000011010000000000001001011001010001000000011001000000001001000001100110000000000100000010010000100010110000100110010001000001000000101000100011100000111100000001000000000001100010000110
0001000000000101000100000000000010101000000010010001100011010110000000100000000000001011000000010000000010000101100000001000000000000101000100000001100000000000000000011000000100000001101000100010101010000000100010000100000010000001000001000011100000000000001000010011000010000000011000000100000010000001000010000010000000100000100000010100010000000000000000011101001000000100000011001010101000100100110001000001000101101000011010000110000100101000010000000001
1110000101010100000000100101000001000000001010001001010100000000010001000110110001010000100011010010100000000011001000000000000001000000000000000000000000010010000000010111011000000000010000010010000000000001000000000111000010101000110001001110101000010010001000010100100010001010000000111000110101000001001011110010010001100000100000110000010100110010000101100011001011100000001000001010000010000011000000100110110000000000110000100000001000001001000001100111
1000010000100010100100000011011010000100000000000000000001000110001000000010001000101000000100000100001000100100100010100010010100000011010000000000000001010111000010000001100101000100010011100000010001001000000000101000000000100100100000000000000011000110000101001001010101010000000000110000000010000000100000000100000000011001000001000011000010000000110100000001100010001001100000000010100000011001001000000000100011100111001000010001111100001100000010000000
0100000001111000100100100000000100000011110000000000000101000000000000000100000001000010001000100100010000010000010000101000010100111001100000010110100010000001000100000001101001001100010101010000100100000000100000011010010110010010010000001101100000101100001000001011001000000000001000001000100000000000000000000011100110010100000110011100000001000000000000100000001110011001011000101100000101000000100000000000111000100000101001000000010000010000001000001000
0000000110100011010100100000010000000010001101110000000010000110000110000100000000000000000001000001000000000000000000010000000000010001011000000000001000010001010001001100000111001001100000100000010101000000000000000100011001101000000100001110000100000010001000000100001100010000001000100000000000000000110001100011101100101000100001100001000000010000010001000000000001000001000000101000000100001000000010100010100000001100001010010000010100001000010010000000
0100000000001010010100001000100001100000000001001000000011000000000000000000100001001010000010001000000000010000000000000001000000110101000001110010010010001100010000000010010001000000001000111000001010000100000000000101010001000000001001100001000001000100110000001000100000000000000011000001001000000000011001000001000001000001100000000000000001001000010000000000001010000000000100001000110010001000010011000000000000010010110000011110000000000000000000010000
0000100000100101100000000001001100100010000000001000010000000000100000000001000010000000000000101001010101000010000011000000000000000000000000000001000000001001000000100000100100000000010000100000100110000010100001000111000000100110110100000100000000000000110100011100000100100101000000000000100100000100000000010010101000001001000011001010000010000110011100001000000000101110000000001101110000000000001000011000001010000000000011000000001000000000100101110010
0100010000000001001000000000000001110000000001100110000000000010010100000000010010000011000010000100100000000010000000001000000110010001100001000000000001000110000001001100100101010010000001001001011101000000100000001001000000001000010000100000000000001000000000100000000010010000110001100100000101010001010010000110000010110000000000000001010001000000000010001011100001000000100001000000000010000000000000001110000001100010100100000100010001001000000000011010
0000000000100000100100001000110000000000101000010111101001000010001000010011100001000010000011010101100000000100111000000001110100001000010000010000010100000111000000100001000001100110100001011001110000000000000000000000000010000000000001000000010000001001000111100010100100001010100010000000100100000010010100000010000001100001000111000010000001001010001000010011000000010101100010000011001001000010000000000000000001100000000000000000100000010110010011000010
0010000001001011010110000001100000001010101010000100100011001100001100100001110010000010000000100100000011010100000000001000000001000000001000110001101000100001000000001000000000110000000000000000101001001100000010101010000001010001000100000001000010000000010010100000000001000000000010000000100000001000001000101000000000111001000111001000000000000110000000101011001100110101001110000100010000000000000110000001010000000000001001100000001101000000011000111011
0000010000010001000010000101000100000000010000010000000001100100100001001000010101010000001000000000010000011110010001000000101100000010001010000010000101000100010000010000000000000100000000100000001000101001000000000000001010000101001000000010001000000000000001000010000000000000000011000000101011001001000001100000101000100110000000001010010110000000000010000000110000000000000001001001000001001000001000000000000000000000101011000000001110010100010000101001
0110100001010000000100000000101010100010101011100000000100000010001000001000000000000001001010000100011010000000100010001000000000011000001000000010001001010000000100000000000000101100000100000010000000011000010000000100000010010001000100001000000000000001000000000000000100110000001000001001010001110100000000010000000000101001001000101000000000000100000000000000010100010100000000001000010001001000000000000001000010000000101001110100000010001100000000100000
0000000010001010100010010110110100000000000010000110000101010000010001000001001000000001000010000000000000001110000000010000000001000000001000000000000000011000010000000010000110000101000010000010001000000100000100000011100000000101100001011000000011000000000100000010000000101000000110001001001110000000000000010010000000100001010001000010000011100010000000101110000000000010100000010000010000010000010110001000000001000100000100000100100010100000001000000000
1000110110100000100000000001000000010000001001000000011010001000000010100001110100000001000100000000010000001100000001100010000000000000001000000000010000000111000010000000000100110001101100000000010000001000010010100000001000000000010000000000000100100000000000001111000101000100000010000000000000000000000000101000000100000000001000000100000010000000100000010000100101000101010100000000010000000001100110000101010000111000000011000000000000001110001011000000
1110100101000100000010000010011000001100100001101000000010011000110010000010101011011000001000000000000000000000000000001101010000001010000000100010001100000011011001010001100011011000100000010000011101001010010100000101100000100000000110100011010100001000001000001100000100010011000000010100001110000000100101100100011000100010011010011010101010000000100000001000010010100100010011001000000110001000000100000000011000010100010000000000001001000010010000100000
1000001000010000101101000011000110100010000000010000000000010000110001001000011000011000000000000000000001100000001100010010101001010000000110010110000110100000000010000000000001001000000100011000111000110000000101000010110000000000000011011100101000001001101000001101001011000110100000000000010011000000010100100000000101010011001000010000000010100000000000001010000000000000100100000000100100101000100000000100001001101000000010001000010000100001100000000000
0000000100010000100000000001100100000100000000001010100100010000000011001000000000100000001010000001001000010000001010100001000001000001010000000101010000000011000000000000101000000010110000010100000001100000000000001100000001000001000000000000000010101100001000000001010010010100000010110011000010000000010100000010010111110000100010001010000000000110000001000000011001000000000000000000001100000000010000010000001100001110000001000000000000100011011100010101
0010100000000010001000000000000000000010010101000000010000010000001000000000100000010010001110100000000110010000101000000101010000000000000100110010001001010000100100000000000010000000000000010100100100000100100101000000000100110010100000000000010001000001100001100000000111101011100100011000100000000011000111000000001000011011000101000000101001000000000000000000100000000000001000000011100000100010011011000010000000010010000000010010000110110100100000000000
0011000010101100001111000011000000110001100000000010001000000010010001001010000000000001010100010100011101110001011000100010001010101000101000110100000111101001010101000101001001001001000000000001100000100000101000100000010111011000000001111111000010000000011001010000000010101100000000010100000100010001000000000000000010010000110100000101011110110010000000000010000100000001000010001001001010000000000100000000000011001110000010010101000110100000000000101110
0011100010000010000110010100010000001001000010011000000100101010110000000000100000100000000000000000001100100110000100001010000010010000000000010000100101000000001101100101010001010000010100010100010100100100000000110110000010010101000010000101100001010100100101100010011000000000000100000001000000000000000000010011001000000000010001000011000010101100010100100000001000001000000100110100011001010000000000000010001000011100100001000000000010010110100010100000
0000001011000001000000001000000000000100000000101000010101010110001001000000101011110001011100010000100001100100000101100001000011111011000000010001100010100000000000000000100000000001110000101101000001001000000000000010000000000011110000000110000000001101100010000000001010000000001001001100010100001100000100000100100001110000101010010101001000110000000010000000100100010110001001000000000001110100011010101010000000001000101100000000100111100000001100000010
1001000000100000000100101000000000000000111100000000100000110100100000010000010101100000100110000000100001000000101100000001000001001001101000110000010010011111100011001101010100000100111000001101111001000000001000100110001101010000100001000100100000000010000010000000000000000100100101010100100000001010100000000000100000000010000000000010101000100000100000010010000000101010010010010000001000000100000100001100000010100000100000000010110100000000000001011001
0001101000000001000000101000000111000101001110000010000100000010000001000000010010000010100000000010001001100000001100000000000010000000110010010100000000001000010000110000000000000101000101100100000110000001110100000000001000000100100000000001000000000000011000000000100000100001001000010001100000011011001000000000000000100110001001010000000001100010000010010010000010010010011000000000100000100011100101010000100000000010000100000110000000001000110010000000
0110100000001000000101000000011100001100100000000000000011000100000000000110110000001110100000001100110011011100001110000000000100000000000000100000010010100000000000101000100000000000011011000000010000000000000000000100100000100110100100001010001010001011000000000110000000000000001000000000010010100000000000000001000000001000000000100001000000010000100000010011011100000000000000000010000000010001010000001100000000000000000001000100000000001000100101010100
1000010000001000000010000001000100000001001000011101100100000000110001010000110000010010001000100000111101001010001000010001010000110011000001100010000100000111000101000001000001010100001100010010000000000000010011010100000001000100010011010101000110100100011001000001111001011100100000100111010010000000100000010101100001010101111100010010010000100100000001000100001000101000000000100001100000010001100011010100000001000010101000100000000000100100010011000011
0001000000111010100000000000010000000001000010000000010000101000010000000010000011000000000000010000110101000000010000000001001100001010010001000000010100000010110000100010101100000000000000100000000010010000000000101001000100100000001110100111100001000011000010000000000001000000000000100110001001000111000011010001100000000000010000001000100101000100000001101001111000000010010000000000000000001010101110100110000000010000000010000010100000100000111000000100
0000001110101010000001000001000101000101011010001001111000010100000000000010000000100001100011010001000001000000010010100010011000000010001000010001010000000010110010000100011010100100100011011000100011000010001010010000010100000000011001010100010110001010010001000000100100110000110001010111000001100000001000010000000000001010000100100001000000000000010000101010000100101100001001001100001000001000001010011000000100001101000011000000000000100000001001000000
0111000000000000000000000000000000111010110000001100000000110101000000000001100000000010000001001100000001000000010000000100000000000100111011000100000011000000000010000100000010000001001100010110010101000100010000101001110000000000000001010100000000001000100000100000100000110100100100100001000010001000001101000001010000010001001010001000000000001000000000000000001000001000010000000110100000101000010000001000000000001110000010100000000000110000000000001000
0000010001100110000100001000001000000101000000101000000001000010010010000001100000000000101010000011000010001010011010000000001000000001001010000000010001011000000000000000010101100101010100000111011100000000101000000000000101000000100011011000011000001001000100011000000010010011011000000010001001001110110010000111100101000100011000001010001001011000000011100100100000001000000001000001110011100000011000010000000100000000010101101011000000000000000000000100
0000000000000000010011000010000001011000010000001001000100100101010111000000000001000000100001000000000000000000001000110001000000000100000000100100001000111000010101010101000000000100010001000001011100100100001010000100000001001000000110010001000100100100001000010000001100000100000101000000000001000101010000010000111101001010100101001000001000000010001100001101100010000000110000001000101001101110000000000110000101000010000100100101100010000000010100100000
0000100000000001100000100010100100000000000001001000001000001110001000010000000100100000110000000000000010000001100110011100101010000001100000000110100011010011000001001000100100100000000001000000000000000011010001010010000001001110000000010010000011100000000001000001000000100110110000001110011001001010100000001000000001100011000101101000000110000000000010000000000001000010000100101100000101001001010000000101000100101010001000110001000001000000100000001000
0001000000000011100000010000011000101000000011001000110000101000010010100010100001100101100000010100111011000110001101000000000010001001000001000000000001000011000000000010000001000110001000000010111000000110000011001000000000000000100010000010100000000110001101000100010000100010010110010000011000000101000000110011101010000100001010010000100010101000000110010101100000100101100000100100010010110000001000010011001100000001000010100001000000100000000100000100
1100000000111000111000001101000011001000000100101000101110010000100000011100100010000000000000010000000110100100001000000000011100000000001000100000000000001100000001101101000001001000101001010000010100000000010010000000001010010000000000001100000000000100100000000100110000000000100110000001000001000100000101000001000011000111111000001000000000101011100000000000100000001000000010110100110000000011001100001001000101000100100001001000000001100100110100001000
0001000000000000000110000000001010001110010000100001010100010100000011100000100001000100000001000010000000100000100000011000011010000001100000001100011000000101100100001000000111000100011100000000000010000100000000110010001000000000000000000101000110001000010001110001000000000010001100100000000000000000000100000100000001000000000101000110000000101010010000001100000100010001010010100010001010000000000000100000000000000000000000001100001100001001001000000000
0000000000100000000000100000100000000110000000001000000010000000000110001011010000010000001001000000000000000100000000100001100100101010100100000010000100100111110010000000010000000110000000100100000000000100100000001001001001000100000000000001001100000010110010001011000001001000000101011000001000010100000100000000000000000001001000000010111000000010100010101001001000000100000100010010000010000010000011110000000010000001110001000101000100000001000000001000
0100000110010100111001000001011001010100000000000001010000000100100110001001100000100001000110000100000000000100000000000101010001000001000110010000000000010100001010001000000001010010001100101001000000000101001000111001000100000001000010010000010000000000000000010100100010000100101011010000010000001010000011001000010000010001000001100001010000000000000010010001000010000000000000000000000000000000100000101000100000100000010000101010010000000100000101010000
1000000001100000000100011001000000000101100000001101000000000000001000010000001010100000001010010000000101000000000000000100000110001010000010110100000010010001001000000100000000000100000000100000000100010000000000000100010000011000000011000000000001001010110000000110000100000001000101001100000000001000001011010000110010010000000000001100100000000100000000000000000010011000100000010100000000011010001010000000110000001100000100000001100010000100100000100100
0000000000000100000100000001000110100001000000010001011001000000000111010001001010000010000100011010000010000000000000110011100100010001011100001000001000010000101000100100000000100000000000100100000000001010000100000000101000000011000000000000000000000000010001011000000001000001011000000111000010000000101000000011010000110011001000000000111001001000000001100000000000000001000100000000100001000000000001001001101011000011000000000000001000001000010100010011
0000000000100001000100000010000000100010000000000000001000010100011001011100001010010101010000000100000000000100000000101000001001110100000000000010000000101000100100010000000011000011000101110100000001010110000011010100000000010000000000000011000000101100000010110000000000100000000000000000000110100001000100000100001000001000000011000100000000000000000110000001101000011000001110001010001001000100000111000100010000100000000010000001000000001000000000000000
0110000000110000101000010111000000001010001000100101101100100001001010010010000100101001011010010000000000000000000101001000000000001100000100000000001001100010010000000000000001000000100000001100101000000001000000000011000001001000101010000000000101000001010000101000000100010011110001000000000001001001001001001100010000000000000001011001011000000000001001110010000000001000101000000000110100101110010000101100011000110000000001100000000000000010010010100000
1001100000000000000001001000000001100000000010010010000000000000000010001100000010000000000010001000001001100000000010000010001010001011110001010010010001000000000100000111000001100000000011100100010000000000100010100000110010001000000001010110100100000000000100000100001110000000010000010000011000000101000110101000001000100000010000101000000010010100010000110000000101101101011000100000000000000000010001011000000001101000111000011100111000000000000000101000
0001100010100000000000000010100000001100000000000010001001001100001000001000000000000010000000001000000000010000000010000001010000011010000101010000000011110000110101000001100111010000001001001001000010010000000000000000010100111000010100011000000001000000000000010010000000100000010000001000000001000001010100000100000110000110000100100000001000000010000000000001000001001011000000110100101000000000000000000000000000100000000010010000011000000010010000000001
0000001101001010000000000000001000111010000010100000100010000001000010000000001000001000010000100100001000011000000000000010000001011010001000000111001001000100000000010100001000000000100010000000010001000000000100010011000000001010011001000100010000000101010000010000000011110000000010000101000100100000000111010100100000111001100101011011010001000100010101010010010100100100100010100010000001100010000001001001100000000100000110000110010100000001010001000000
0000000000001001110000000100011010110000000000100101011010011100000101100000000000011100000110000001000000010000000000001001000000010000100000000110010001111001010000011110001100010001000000100000000000000001001010000000000000010010000000000100000100110110000000100101000001000000000000000000100000000000010000000000100010000000100111000101010000100100001000001110010001011000001011100001000001110000000010100100000000001000000010000110000110000000001000001011
0000000100000000000100010010010001000000001100000000010000001100000101100001010110000001001000100000101000001110000100000100010000001000010000000010001110000000000110000000000100000000100010100001000000000110001000100110001000110000111110010000010000101010000010010110100100010100111101001111001100001100000001001000100101000101000000010000001010110100110001010000010000000000001000010101111010000100010100010000000010100010011000110010000101000101100011000101
0000110010000000000010011000110000110000100100101001000100010100100110000001111010001000000110000000100011000010000110101001100100000010000001001001000110000001010111000000000010001010110000000001110001000000010001011000100000110011100010100000101001011010000100100010010010000101000001010000000000010000001000000011010000100011001100000100100010010001000101100100100000100010000000000010010000001100100000001001101000000000000100001010000010000000010101000000
0000101000010011000000010000000100000000100001000000011000000100001001100000001011010001010011011000000000000010010001100100101000001000011000000001010011100110000000010010000000000000000000111000000000000000000000111000100000000000110001001100001001100011000000101000000010001110001010000000010010000001010010011010010111000110001000000100001010010100000001010000101010000000100101000000000001010011011000010001010101001010000001010001000000001000110000010000
0000000000111100100000000110100011010000010110000110000000100000000000001000000100001000000001010000001001110000110000011000011000000001001001000000101000010100110000001110100010110110000010000100000111000000000000000000000000101001000000010000010010101000001000011000000000101001100100101010011000000000010001000010101001000000001100001000000100001001010000000100100010010011010000100010010000001110000001000100000000111000100100010001001000001000000110001000
1000001100000000000010001000001010000010000010001000000110100100000100010010000000000010000011110000000001000000100000000000010100000010011100000101000000100010101100010101000000001000110001000000100000000000000001001000000000010000100000100011000001011000000000101000001100000100010001001101000000111000000001000010000011010000010100000111001000100100000000000000000010000000000000000000001011000110001010001010000010010000100000000000101100010000110100100010
0010100000000010000001100010001010000001010010000010000001011001000010000000000011011000000000000001101010010000001010100000001111101000001000010001000010000001100100000000000000010100010000100011000000001010011100001000011100010100001000100010000001010000100010000001000000100101100110100001001000000100001010000001000110001100000000000100100000000000000100100000000000001100000100000010010000001010000001000000000100001100100010010000000110010000000000000110
0100100101100101000101100110001000001000000001011001001101001010000010000000000100000000000000001010101010000101010100011010011010000000101000000000100000000100010001000011101000000001001100000000000010100000110000000000000001000100001010100110100000000001001000000001110010111001000100110000000100000000000000110001100010001000011000011001001010100110000110110011000011000000110000001100001001110000000000100000000010100000000011000010011000010101000100110100
0110101000000001010000110000000010000010000100011000110010000100000011010011100100000010000000001101000001000100000110000000010101100000000010000000101011010100000000000000100101101011000101001000000001010000010000000001000100010000000000000001000100000010000000000000101001000001001100000001111000010000010001001000100000001011000101001100001000000100101101001110000000001000000000001011010100100101000010010010010000001101010000001000100110010110010100010100
0110001011101000000010001011010011000000010000010101000001010000000011000100000010101001101100100000001010000110101010000000000000111011000000000000000100000010001000000000000000001000110011010010000011001100000001001010001110000000010100001000001001101011001000011010101001110101101010010001110001110110000001000010100001100000011101000110100000000000011100000000011000011001000000100000011000001001000000011010100000100000000000100000000100100000001010001000
