00100011000000000100
10100000000000001001
00100000001100000110
01000000011010001000
00010000000010100110
11010000100000101000
00000000010101100000
00000000010001011001
00000000010101001100
10001010000000010100
00011000010001001000
10111000000001000000
00010010000100000001
11001000001010010000
00011101000000000110
10000000110001000101
00101011000000001000
00011100001011000000
10010001000000100000
10000000011000000100
10000000011100000001
00001000000110000110
01001100000000000100
01000110000000100010
01100001100010000001
00010000000001101010
01000001000001010000
00001100000001000001
01000100001110000000
10000010001000100010
00011011000010000100
00000010000011000110
00101000000010110100
00010000011000100000
00101110000001001000
01000100010001100000
00100101001000000100
00000110001000001000
00010000000101100000
01000000001000010001
01010000000100000010
10010010001100010000
00010000001100011000
00000000000010011100
00100100000000100001
11001000000000011000
10000000100010000100
10000000000000100011
00101000010000000100
01100010001000000100
00000001011000101000
01110000000100000110
00100100010010000000
00001100100000011000
00010010000011000000
00100000000100011100
00010001011000000010
10001000010001100001
00100001011100000000
01001000011001000100
00000000100011010000
00100000100100000101
01000000000110000010
00100000100000000110
10100011000000110000
01001011000100000100
00100000000110000010
00000101000001100000
10001000100000000010
00000110000011000100
00001011010000010010
01000101000000000100
01101001000100001000
00000001101000100000
01100010000000100000
00011010000001000000
00110001010000101000
00001010000001000001
00101000000100010100
00111000101000000001
00000001010101000001
00000100000010010111
10010001000101000001
00100000010000011000
00001000110100000011
01000001010000110000
10000000100000101001
00010001000010010000
00100011000110000000
00000110000000101000
00000100011100000001
10000110000001100100
00001000000001101000
00000000000111100001
00000100110010101000
00010000000100101101
00010010010010001000
00100010010001000101
01000100000100101000
00010101110000010000
