00000101000100000110000000110100010100101000010101100111010000101000010000101000110111000010000000011000000000100000000000000000010100000000000100101000101010010010010010100101000101000011010000000000011101110011000101011010010001000001010100000100110000100100100001101001000001101100010100011100010000000000010110000000
01011100100001110010010000010000000000010000001000000000000000110001001010000001101000000010000100000100000100100000010000000000010010010010000000000000010001000101000100001000010000000100001100000000100001010010000010000000010010100100010000001000000000000000001000100000100010000000000000101000100011101000001000001000
01000000001100110011010000101010010010110010001000010011111100100010000100100000010000000001010000001110000100011001000010000010101010001000011000000010000010010000111001000001110101010001010100000010000001110101000001010110010000010101000010001000000000000001010000010000100100001000001100100111000001000000100000010000
11000000000001110001000001110010001010000000100000000000110001010001000100000010010010000010011000100000010110010001010010000010000100001000110000000001100010001000010000100000001000000100000010000000000000110001010000100000101000100100100010000100000011001011000000010101010000010000000100100000010100000101000000100001
00000110111001010000110010101101000000001101000010001100000001000001101001010000010001001000000000001101010011110000001100000100000000001000001000000000001000000000000100010100000010000000010110001000100000110010000000110000000000001101000100100100001011000010010000100100001011001000000000000011101000110100011000010010
10000101010001000110100001100000001001000000011010000001011100000000111000111010000000010000000100010001000100100000100001000100000011001000000010000111000000000100011100100000001000010000000100001000000000100010000000100101000000100000000110100000000011010010110000000000010101000000000001001001100000011001000100001000
00000000011000000100000100000100001000000110100110000000100000001000010110001011000010000000101100101000000100000000110010000000101101011000010000010110000000001100000000000000001000000010000100010000000100010001000001100100000000101000001110000000000000000001010100000000000000001000011001000001000000010101000001001000
00001000100011100101000001100000000001000000000000000001010000011010000000010000001001000001000101010101100100110000110000100100001000110010011100010000100000001000101101100000000000000001000011001101000000010000010100000000011010001011011101001010000010011100000001101100000100000001101110100001001001000000101001010001
00101000000000100000110100010100000101000001010000000010001100010000010101010000000000000101100010100000000001011010000000010100000101000010100000000001100000100001000100000000000000000000000000100010000010101001100100100000001000001000000000010001100000000100000000000010000111001001010000000011000100010100100000000000
00101001000000001010001000000100001001010011101010000000000001000000001000000000100100000000001000001100000100000100000000100100010110011000000010101000000000101001001000001000000000000000111000000000010100001010010001000010001110000100001000000000001000001000001010010000000000000100100010000010010001001000000000100000
00001000101011101010000101001000000010011010000000000010010001101000000010001001000001000000001010100000010000000000000000000100000001100000000000000000010001000100000000001011000010001000001000001000110010001000010110000000010000010000001000100101000000100100001011000000001000000110100100010000010001001001101001001000
00111011010100101100100100100001100011101000101010100000000000000000000000100010000000001110111000001000100100101110010000100100010101001111110001100001000000001001000100001010000101000000000000000100010100001001000001000010000100000100110000000100111001000110010010000100000011000100000100000101000000001000100000001000
01000100010000000000100000000000111110010111011001001000000000000000001000000010000010000001000010000110000100001110100000000101000010100001001000000000110010000000101000000000100000100001000000011010000000100100000001000000100100000001001111000001100010011110000001000001000101010100000000010010000000000011011000000000
10000001000000010000100000100100001110100100000100000000000100000000000000100011001100110111000011001001011010001001000110001010110000000011100011100100000010101001000000001000100100000001000000010010010010011000010010100011001001000001000000000000101000010001000001010011000000100000000000001011101101011000001000000110
10000000000001001000000010000100100010000000100000010001100010010110000010111000000000010000101000101010101001000011100100000100000000110000000010101000110100000101100101000000101000001000101110011010000000101010100100100000000000001000100000100000000001111000110001000000000010000001101001010000000001000001001001110000
10011001001001000000000011000001011000000100001010001000010101111000110000100001111100010101000001100000100110000000000000100000010010010000001000000000000000011000101001011000010000000000101001000000100000001100001110010010001001000110000100010001000000000010100110000000000001000001011101010000101000100110110001000100
00001000000100111000000100001001011001000001001010001010001000000000100000100000000000011000101000000000010000000110001101000001111100000000011101000000000010000000010101000000000010000001100000010101110110000010010110100000001001100011010010101011000000001000000100011100100000000001101000000010000000000000111000100000
11011001010101001010000000000100000000000000010010000000011010000110000100001101000100000100000000000001000100000100000011010010001100000000001000010000000010100010100000000110000001011001000001000001110000100100010000000000000110000001000000000100010000000000000110000001010010100000000001000010000100000001100000000000
00000110000000000000000000000100011010001000010000000000000001000011000010010000100010000010001011000000000101110100001001000010110010010000000000000000000100001100000000010001000000000010000001100000100101000010010010000110001000000110011000011101000000001000000100100010000001100001100010001010000100000001000001010010
00000000000110000100000000000000011010001100100001001000100000100001000000110101100001000100000100100001000011100000000010000000100000010000110001101101010011000100001000111000100011001001000000000000010100000001010000001101000000000011000001000000001100100001011000100011010000101000000000000101110011010010010111000000
00000000010010000000001010000001111100000000010001010000000000000010010000000100000000000000001010010011000010110000100010001000100000000000001000000110100011001000100000000101001001001000110001000000100000010000011000000000010000100001000000000101100000000000100011000100000000001000000001000010000000000010110001000100
00011000100010000001000000000000001100100100001001001100100000100000000100001010110010000010001000000000100000001100000010010111000011000000010011000001011100010010100001111001001101001000000000111001111111000000100000010001000001101001000101110000000000001010101010100000000111100000000000100000000000000000000101010000
00011000110000000000011001000000100000000000001000100100010001010000000110000010011101000000010000000001101000101100001010101000001010010100000000000101000110000010010010010000000000010000110000001000000010010001001000000000101011000000000100000011100010010000000000000000000010001000100010000010000110000101000001000011
01001000010100101000010000100000100000100000010000010000000001000000000001001101110100101000000110000010001000100001000100001001000000000000001000110001000101000011110100000000000010100000000000010100010000100111000001010100110110010001000000000011000000100010000000000000010010000100111101001010000011000001001000000000
00000000000000010100000000110000000010100101000001010010000010110011100000010001001000011100000111100000100010100000010110010010001000111110000101000100100001001001000000000100000010010000000010000010000000101000000100101101001010001001000111001010100000001011100010101001001000010000100010100000001010001010100000011011
00001000010000000100001000100000011010010100000011100000000001000000000000000000000111000101000000001000001000011000000010000000000110100000000000000000000110010101000100011000000000001100100000011001101000000010001100101001011001000000001000000110000000000000000101010000011001000000100000101000100000011001011000001111
00000001000111000000101000010000000000000000010000000000100000010000000000010000010000001001010100010001010011100000010000011010000000000100000000001000000001000001110000001000100000000100000100100001001001010111000000100100000101000001000011000000100000000101011000000000010001000000100010101111101000000100101101010011
00110000100001100111000000010000010001110000010000101100001000000001001001000000101010000000000110010000001000000000010100010100010011000010001001000000100001010000110001010111110000000001100010000000001001100001110110100001000001000000000001000100010011010000011000000001010000011000000001000000100000100000010110100000
00100110101110010000010110000000100101100000100001100000001100000000000010110011001110000011010011000000000000000100000010101000000001000000101100001001000010111000110000000100000000110000001001000010001001010100010000110000001001000000000000001000001001000000000000011011010000101001110000000000000100001001000000000000
10000100000011010101001001100000010000000000010000011000100001000011100110110000111100010110000000100010000000011000101110000000011100001001000001010100000000001000001000000100000010100010000000100110000010000001000100110010100100000000000000001111110000100001000000010100001001011001000001010100001001001011101000010110
01010000100000000001001010000000010001110000100001010000100000001000001001010100000100101001011000000000100001000000000000000100010011010001000011000000000100000010011100010000000110000000100000001000000000010101100110010001000010011100001000101000000000000110001000000000001100111011000000000110010010001100000101000000
00100010010000011000101001000011000011100010110110000001101000000101000000000101100000100001001000000101000100100000000101010010001110100000010000000000010001000000100100100010000000011100000010000000101100000000011010100000000001110101100000000000001000010101100010010110110000101100000100010101000001000000001101110110
11000000011100000010010010000100001011001000000000011000110000100011110000010001000001000101010100100000000000001101000000001010000000011000010110000000001010000110001000000000100000000100000000000000100000000100000000000000000000000000100001000001100000100000100000101110000001101101000000000110001010000011010000101000
00001000100100100001100100011001010000100000100001001001000001001010100000010010000000100001001000000001000100001000000100010000000000000001001000010000000000001000100100001000101000010000100111110000100010000110001110100100000010000001000010110010110101001100000000110000000000011100100000000001100000000011001100000101
11000011000001001010000001110001110000010001010100000001001001010000000000000000000001000000010100100010001000000010001001101000110001001000100100000000001100010010000001001011100000000101101001110000100000010101010101000101000001110000100000000010000010010110011100010000010110100110010000000000001111000000100010110000
00000000010001001100001000010000100000001001000110101010000000000010000000010001011000001100001110100100011000000000010000001000001001000110000001101010000010000100010001000001001000101010011100000110000110100000110000001000001011000011100101000000000010000000000100001000101000000000111000010000001000010000000100001000
00000010001100000000001110100010100000000000000011010010100001110100000010000010000000010000110000000010010000010110000110000000000100000001000000100000001010000000001001101100111000000001100101101010000001000000000001100010000010001001000100100001100001100000100100010100001001000000000000100000000101001000001000000000
00001010000000110000000001100110001100000000100100000110000100000001001000010000001000000001100100001001111000001110000100000000000010000010000000000000000110000010001100100010110011011100001000000011100110000000000011101100000100010010000000000010000000110000010110000000000100100000101110000000101000000001000100001010
00000011000100001101010001001100110000100010001000010000101000000000000001000000010000000000100010001010111100010100100011111100001010001010000100011010101010010000010101000000000000001001100100100000000000000001000010100000001000000101000011000100000000000101100000000000001001011101000000001000000000011011101000000000
01000100010000000100000010000000000000000011011100000111001010111000100001001011001100010000000100100001010001000100100111100000110001001000010101001001000000100000100001000001010100011000010010100111000100111100110010011000000000001110000001010011000001101000000101010000001001100010001001000100001110010010000000000010
00001000000000010100000101000000001010000000000000011001111010000000100000000000100011010110000001000000000000100010000011000000000110000000000000100100001100010000000010001000100010010000000000100000011010000000000010010100000010010000010000011101100101000001000010010100010000001001010001011100100010001000100010100000
10101010010100110011010000000110000011100000010000100110010100101001101100000100000000000001110010110000101000101100010010110000001101101001100010001100000100001000100000000000100100000000100100001001101010000000000000001001100100000001000010100010000000100001010000001000000000100000110100011110000100101010000010010100
11001001000000001101001011010011000100000000010101001000001010000010000000000110001000111000111001001100011001011000100001100001010101010100001110000000001100000011010000000011000001000000000000010001101110000101100011000000000001010010000000000000010010000000110110001010001000000110100001010000010000000000001000000000
10100001000000000010000000000000011000000100000000000100100110000110000111000000000000000001001000001000001101000011000000110110000100100000000100000110000000000000000000101000011010000000100000100010001000100001001010101101100001000100100001011010010101001010000000000111000010000010000000000000100000000011001001000000
00100000000000000100101001000100000001010100010010000010100100000010000000000110001000010001001001110000000001010100011001000110100001110100000000100011100000001001001000110000010000000000100101010101100010110000001010100100100000000011001000011000001101011010000111000100100110010110100001000010111000111010010000000000
00011011010100000001000010100001011001000110000000000000000000100000010000000000000010100010000110101001000000001000010000000010011000000000010010100100000000000001001000001001010010000000001000001010000100000010000001001000011000100110011001010000000101000110010000100000000000000101000100010110000001000000000100000001
00100110001110000001000000000000001000010000000001100010001000000000000000000001000000001010100100111011001000000000110011011000100000100000010101001101001001000111010000000010010000111000000000001110110001100001011101010110000110110010010000000001000010001010001000011110101000100100000010000000010110000010000000001000
00100011100001000000000010011000000101000100000001000000000000011011000000100000000000000100000010101100000000000100000010010010010110000101000100111001000100001001101000010100001101000010011100100100001010010000000010100110000001001001010101001100110011100011001000001100010011000010001111111000000000100100010010000100
00000000001000000000100110000000110000100010000010000110000001010001100000100000000011001010001000100011110000000010001000101001101101010100010000001110001100100110111001000100100110000000110001000101100000110100000000010001000101000111001001010011110000001101110000011010000010011010100000010010100000000011000000000000
00000100000010001100100010101001000000000010000100010010001011000000110001011100110000110100000001000100000000000001000111000000100000100001000101000110010000000111100000101000110010001110001111010000000010001000010001000010110010100000010001100100110000000010000100001000010100100010001000000100110101000100100010000001
00000100010111011100010000010011000100100101000000000010000001100000100000100000100000010110100000101001100000000001100000001100000000000000010000000010000010101001000010000001010010100000000100010101100101000001110000110010000000010001100111100000100000101000110001010000001000110000110000010010100010010000010000000110
10101010010000001000000010000000001001110000000011000000100001011010000100000010101010001000000000000100100000000000001000011000000100000101000110001000000001000100110100000111100100011110001111000001000000001000001001000100001000000100000000000000000110100000010001011000000000000101010000000001000000010101001110101001
01010001010101011001000000000000000000000000000010101000100100010000010000010000101001000100001101000000000010000101100000001110000000001000010000010100100000000010101000000000111010000100000000000101000010000000001010001100000000100010000101000000000100111000000100000010001010011001001001100001000011000001001001001010
01110001100000010001100000000110001010100011100000000000100010001000100000000010000001011001100000101000000010101010010011000100001010000011000110110000101010001001000000010110001010000000010011010100001000000001111000001001000011010100000010110010000010000010011100010000010000000000000011000001000000111000100000001000
00000010100000100100010110000100010001011000000000000000000010001100100100000010101010000000000001010000000100000000000100110000000000100001100100010000000100010110001000100000000010000010000010010000000011001110100101001110000010000101000000000010100001000100010100010100000000111000101010001001010000001000001000000010
00000101101000010010001110110000000000011100000010110101000110000000000101011000010100000001101000000001100100000001000001110010011000101100001000000001101000100011000000001000000001000000010000000000001000100000011010010000100110001101001000010011001000000011000000010100000010000100100010000000000101101011101000111001
00000010000000000100000001000100010010001000000000100110000000101001001011000000000001110010110100000000000000000100000000010001000000100000000010000001000011101000111000000000011100000000010000000000000111010100010111000100000000101100000000001100100000000010000010000000000000000000000000000010010000000010100000101000
11001000000010010100011010101000000100000001000011000000000000101001000100001000010000000101101000000100000000000000000000000011000010101100000010001111010101010010010000000011000110010001100100001100000000100001110011000000010000010000001000000101000000011000000100100100100000000001001100010001010100010011001000110000
00000000000000000110001001010011000011001010000100000010100000000000000001000100010000000001000000000010001011100101100000100100001000000100010000110000111100100100000101000100010100000000000010001001100000100110010000010010000000001010000000010110010011000010000111101011100011010000001101100011100001110000110000000000
01011010001011000000000010000101000011000011001000100000000010000101110110010001000010000000010000001001000010010000100000010000011000010100000001001010001010000100010101010000110000101000000101100100110100000101000000001001000000001110000100100011100010000010100101000000010010001001010000101001011001110000001100000000
01000001001000001001000000000000001000000100101001100010000000010100000010010100110000000000000100000010001010011010010001110000001001000011000101111010011000100000001010000001010100001000001000000100000000000101100010000000000000000000110000011101000000011000000000000000100000011000000000000000000000000010000010000010
01100001000001001001000001011010000000110111001001100010000000101011001000000000100010001000000100001000010000000000010100010000011000100000010011000001000000000000000000000000011010000110100000001100011000000011000101111000010000100001101000001001000000001000000000000001000000000000000000000000010000010001000000100000
00000100010010000010001001111100001010000000001000000000001000000011000110000010100000000000000000000000010000000100100000000001010100000010000001000101000100010100000000101000001000000000000010000001100011010111001000110110000000000000000100100010000001000101010110010100100001111100010001000110000010011000000100001000
00010010000010100000000000000011001100110111100100011100000100110001010100010000000001101000101001001101001000000011100001010000000001100001010010001011001000100000000100100010010000100000000011010010011001000110000010000000000001000000001100000000001010101000010010110100000001000001100000001000001110111000000000010110
00000000001000001000010000000101000001000100000000000100000000000010010100000000000100100010001110000000000000001100000101010000100100100100000100010101000010011010100000101010001000001000000011010100001000100100100100010000100101100111001001001001000001000000001000000000000001000101001000000010110000000100001000000000
00010000000010011000010101001000001000000111000000110001011011000011000000000010100000001000010001000000100000001000011000010000000000000000111001111000111000100100101010000000000010000100110000000011000010000001000101100000111010100000000000000000110000000000101000111000100110011000010010011001001001001010001011100001
01100110000110010001000110000001010000010000000010100010000100000000011001001010101000000010011010010000001001000101000001100100001000011000101000000000001000010101100000000000100100101101000000000101001011000000010000110000001001101001100011011001000000001001101001001001111000000001010100000010111010010010001000110000
00001000010001000100010101010011100001011001000001000110010100010010010000000000000000000001011000110000001110010100100001001100101000010110001101001000001000100100010000001000000100000100000010000010110010100100010110001010100010010000000101001010000100000000000000000001000000000001001000000000000000100001010100110010
00100100010000100001000000011000000000110100010001100111010000010010110000001000010000000010000001000100100001100010001110100011000000100000101000000000100010011010110010000000001011000100000000010100001100000011000001101100001101011000000000000110000010000000000110100011000001011000000000000000100000000100100000000000
01000000000000000011010100101001100001011100010000010000111100000011000100000100000010000010000001001000010001000000000110010100000001000111110101001001001001110000000000100000000000101110001011110000000010110100000000010001001010001001000010100001000101110100011010001000101101101000000001010001100110010000000000000100
00010000100000010000000010000100010000000000010010101100001100100000100010100110000000000000000000000101000100000100110110000000000000000000001100010000100000010000010001100010000000010100001000010000100000010000001001010000111000000000001000100001011000001000000100111000000000000000101000000000000110100100001000010000
11010100000000001000000000111010001000000001010010100001001000000000000010001011111000000001000100100010000100100011101000000000010010110001001010101000101010100000010100000000000000000010010001001000010001000001000000010000001010000100001000001010110010010000001100000101011100011000111000100101110011000010000100000000
00000100000100000011001000000000011000000110100110110101000000011000010000011000000000100000000100000010000101000000001110000100111000110110001000001100001110000110001001000100000000000100100010000000001000100001010100101111001101000001011000001100010000000011100000001000100100000100111010010000101001010000100001000010
00010110000100000000000010100001100000010000000001100000101010010001100110100000001000001000100100101001000011001000000100101010010000000011000000000000001100101001001110011100010000000001100001000100010001100000000110011000000000001000000000100010000001010100001001010110000010001011000000001001000010000001001000001010
00000100000001000000000011001000100001000110000101010000100000010001010100101000010100010000001000000000101100010011001010010111101110010000000110001101000000000100000100000000000001110000000000001010110001010100000000000110000000000000000001001100000010010100101000011000101100100000110010010100010001010110111000000000
10000000001010100000000100010101000000010000000000000000110011010000000000011100101010001101000100110001000001100010100010101100000000011000000101011000100001100001101110100011000000000000001101001100011001000101000111101000110100110100100010000110000010001000001001000100010000010010101000010000010001000000000100010000
00000010000000000100010000000100000000000000000100001001000000000000001001000000001111100110001011011000000010010101000000000000000000110010010100100000000011000001000001000000000001000101000000001001000001001101000000000000000000101010100001110001110011001000110000010010000000010000000100010000000000010010101000000000
00000100010001101000000010001000000011000000001101001101000010110101001100110001001010000000010010010110110110000100100101000010000000000001000000110010000000000000010010000000000000000010001100100000011100000100010001010000100001000100000000001100100010100000000101010001000000010100100001101001000000100000000000001011
00110100100001000010010000101000010010100000000011000000000000010010101100110111101101110100101000000010000000000000001110100000000100001000001101111000000000000000111000000010000000010100011010000101001000110101000001000000010101110000110000010100000010110000000000100001100000001000000010010110101000000000001100110000
00000000000100010000100110001010000010001100100100000101101010000000001011001000000000001100100000101001110010100001001011001010000100010000100100100001011100000000010110000100100000010001000100000100010000001000100101100010010100000101100100000001010000000101001101100100100011001010000110010001000010000001001010001011
00000011000000001100101000001001000000000000000010101101000010111010001110001111010000010001100100110100000001000100110000011001000010000000010010110000000000011001011000000001000000010100000000011011000110100001011011000101000100000000100101100000000000000101010011100101001010000000000010000000010010010000100000000000
01010100000000000000100000000001000010000100000110001010011111000100011000010101001000110000000000011000010000000100000110000100010011001110000110000100101001000000110010000011000100000100101001000000010001001000010000011001101100000001010100000010011010100010100100101000000000100000000000011000100000000000100010000000
00100010100000010011000010000110000010000000100100000110011001000000011100000010001000000001000001000000100001110001000101000100011000001101001111000000000000101011000000000000110001000001011100100010000000000100000001101010000001100010100001000100110000000000000000000101010100101000001101101000101011000011000000000000
10000001000000001010110100000001000010101000100001101000000010010000100010000000001100001111000111001000000000100101110000000000001000000000110101000000000001000001100000110000000110101000011000001000000000110001100100000000001100011001000010001100000110000001010000000011010000000100001010101100010000000001000000001000
10000100100000000001100001100100001000010000000000010010001010100000001001000000000000010001100001100000000000001000100010001100000000100000101000000001011000100000010010001001000100000000010000100010010101000000010001100100000001000010110000011010101000000000010001001001000000000000001000000000100000001001000001100000
10001100000000000001110000000001100010000000000010101100010000010110110000101000101010000010000000000000100110000000001100100001100110000001100000100010001010000010000000000100011010000000011000001110111010111000011000000000000110110000001111101101000001101100001000100010101000010100000010000101001010110000110101000011
01011001001001100000100000000000101111000010100000100001001000000101010000000001000001100001010011000000001100001001100000001100000100000100110001010101000000000011000001100101000111100110001000000001100100000000000001100000100100000100101000011110110000010100000000100000000001000010010010000110010101000000000010000011
00000010000010000010100000001001110100001000000000000000000000011011000101000110001110000100110001000000011000110000001001010000000010000000111101100001010000000011000001000110010001010000001000000111001100000100000001000001000000100001101001001000000000001101101111100000101101110011110001000100100110000000000000000000
10001000101000000000000000100000000110001100010010000100000100001000010010010000100011001000100000001010000000000000100000110100101000100001000000101000110000000000000000000000000010100000011000011000100001000010000101000001000011000000011000001010000000100110000011000110100000010101000001010000001000100000010000000100
00010100000001011010001000111001000010100011001000011101001000100100000011000011010000000100100001101001000000010010000000000000001100000111100100010001000001000100001010000001010100000000000100000001010000001001110001010000010000001010000100101010000100001000010101000010000000000001100011100011000101000001001100000100
00010100000010001000010010010001000000000100000001001000000100000011001001000000001110000001100010011001101000001000000010000100000000001000010000100000010010001101101001000100011010000010010111101000000111011000001100100010100111001000001001000000000000010100100001010000001101000000100010000000000001110000001000000000
00000110100000100010100100111110000100111000100100010001000010010100010010010011000010000000001100010111101000000001011100001000001100001100000000010100010000010100000010101101000110010101001110000010000000110000010000011000100011000000010000100000010010000000010100101010011101100010001100001000100000001100000010000001
00100100011100001100100100001001100100011000100000000010000100001000000100000000000010101110000000000000010100001001100010000000001000001110100000000101001000011000000010010000000000000000000010010100011000110000001000000001000001001001000001000000000000000000010000010000010000000100000000000000001010000000000000101000
00100000010000010000000001000100000000000011000001000010000000001000000000000110000000010001001100000011000011000001001001101101100010100000000001000011000000000100110000000111001100110011000000001000000000001000101010100101100100000000001000000001001010010000110010000010000000101000100000100000000000001010000100000000
01000001000000010101100101000000100000000000000100001000010001000000011001010100011110110010011000100000001100011101010000010100011000000000000100001110011001001001010010010100010101010100000000010000000000101100100000010000100000100100001000101000000001100000001110100100110001000101101000110000000000000110000010110000
00000000100000000010000001101100000001010000000000000110100000000001000010101000010001000011000110000100100000000000000000000000001110010100000000011000000100000000000010100000100110000001010001000100000000100100010010000001010000000000101000000000000001010001010010000101010000100110110000000000000000000100100000101000
10000000000100000000001011000010000000000000000000000000010001000001101001000000011001100110000100000000001110000000000100000000001011000001000001110000111000000001000000000000000000010000100010000000010001010001000000001000100010110000000101000000000000000011000001100000000101000011001000000001100000010101010001000100
00010000101100010100000001000000000000001000001000000000100000000010000010100011000000000001000000000000000000000010000001100100100001000000001010000001000000010000100001000010001010000001010001000110000000000000011100000000000011100110000000000110001000010110000000000000101001100000011000011011011000000000100001001000
00001111001001000000110001010110111110101001000010000100000011010011001100000011101101000100010000000111000111000010010001000001010100000010001000001010010000010110000001000100000000010010100000100001010001000110000100000010100010101001110001001010000001000000010000000000000001100001000001001110000010010000110000101001
10001010010010010000001000001100001000000000000011100000000010100000001110000000100100010100000110000001010010000000010000111000000000000100100001011000010001000010001100110000001010001101000010000000000001101100100100101000000010101100000000000000000001001000000101000001010000100100000000000001110000010101110000000101
