000001000100100000000100010010001000000000000010010010000000001000000101000000000000000000000000010000000000000100000000000000000010100000000000000000000010000001010001000010010010000100100101000000000110000000
100000000100001001000100001000000010010100000010000101000000000100000000101000000000010000000100001011000100000000000110000110010000001010000011000001000010100110000100110000000000000010000000000000100001000000
000000000000001000010000000000000000010000000001001000000010100000000000000001100000000000000010000000100000000000001000000000100000000100000000000000000010000000001000000000010000001000000000100001000100000000
100000000010001011110000010010000001100000101000001001100000000000000001000000011000100000000000000010000001000000001011100001001000000000000001100001000000000000000000000100110000000000001010001001100100001010
101000000010100001000000010000100000111000000000000001000000010011000001000010001001011000000010000001100000000010000100000101000110000001000010000000000100000010000100000000000000001000010000000100000001011101
100000010111000100000010000100000000000000000000000001000000000000010000010110001010000000100000000000000100100100000100000101000001000010000001000010000000100000011000000100000000011001000000000000000000000010
001011000000001100000001101001001000000000001010000000000000000000001000010001000001110001000000000000010010011000000100010000000000000001000000000001010000001000000101000100000000000110000000000000001000000010
000000000110000000000010000010000000000000000100000110000001101000000001000001000000000000001010000000000000010010000000100000000110001001100010000000000000100000000000001000010000010011000100000000100000001000
000000000100001000000000000010001010000000001000000000000000010000100000100010000000001101010100000010000010000000000000000000000100001010000010010000000010000000000000000110000000000000000000000111000100001000
010001000000010010000000101001101000000000010001000001010000000000001000000000000000000000000000000001000000010000100000111001100000010010001000000101000000000010000000000000000001000000000000000000000001000000
001000000001000000000100000000000000001001001000110000010110000000000000000000000000011000000010010000100000101001000000010101100001011010010000000010000011100000110100010000000011000100000000000000000000000000
000011001000000000100100000001000100001000010100100001000000000000000000000010000000000000100000000000000000000000000001000000000001000000000011100001001000000001100100000100000000010000000010001000000001100000
000000011000000000100000000010000010010000000000101000000100100000000000000000000001011000010010000010001010000100000010000000000000010010000111000000100000100001000001100001000100011001001100000100000010000010
001101000001100100000000101100000000000100000000000000000000000000001000000000001000010000000001001000100000001000010000000000100000000000000000010000000000000000000000010000000010000000000001000000000010011110
000000001000000000101000000000000000000100000010000010001000001001100000000000000001000011001001001110000001001100000000001000000000010000000000000111001000000100010101000100100000000011000000010000000010000000
000010000000000000100000000000000101111010000000000000000000000000000000001000100000001010011000001000001100100100001001000000000001000000010000000000000001000010000000110000000100000000000000000000000111000010
100000110000010000000000000100010000000001110000010010000000000010000000000000001000001111000000000000000001000000000000000000000001101001100000000000000100000000000101100000000000000100000000000010000010011000
000000110000000111001100010010000000000010001000000010100000000010000000000000000000000000001000000000010010000000000010000000001100000000001000001010000001010000010010001010000000000000000000000100000010000000
000000000000000000000000000010100000000001011000000000100000110101000000000000100000000000001000000000000010010000000001000010000000000000010000000000010100001000000001010000011100010010000000000100100010010000
000000011000000000011000001001000100100010000001000100000000000000001000110010000001000000000000001010100000010000100000001000001000100011000000000101100000100000100000000000000000100000100000001000000001000010
000011000000000000100000011000011000000000100101000010000001000001100000000000000001000000001000100001001000001000000000000100000000000110000000000001010010000000000100001000000000000000000000000000000010000000
000010000000000101000010100000011000000000010000000000101000000000001000001000000100000010000000000010000000010000100100000000010000000010000000000000001101010000000010000100000000000000000000000000100000000001
000000100000011000010010000100000001000010101100000000100110110011000000100000000000000000000000010001001010010000000000000000100000000010000000000110000000000000000010010101000010010011000100000000001000000010
100000000011000000010000001000000010000100000000011000000000000010000010000000010000000000000000000000000000000010000000000000100000000000000010000000000000000100000000000001000000000000000001011001000000000000
000000010010000000111000000000000000000001100000000000000000100000010001000000001010000000000001001000000001000000000000000000001000000000000000000110000010000000000000100000000000000000000100000100010000010000
010000000000000000001000000000000001001000000000001000000000000000100000001000000010100001101000000000000000010000010000000000000000000000000100000000000000000001000001010100101000100000000100000001000001000100
000000000000000000001001100000100001000000110011000001000000010000001000100001110010001000000100100001000000000000000000000010001010000010000000000000000000001000000000000010000000000000000000001011000000001000
000010000000000000000000010000000000000000000010000010000000101100000000000000001000001000010010010000111000010000001000100100000000010000100000000100010000000000100000010000010000100000000000000011001100000000
000101000000000000010100000000111000100001000000000000000000010000000000000001000000100000000000000010000000000000001000000000000100010000000000000000000000000000000000010010010000000000001000000001100000010000
000010000000100000011000000001010100000001100000000001000000000101000010010001000101011000000000000000000100000010000001000000000010000000010000001001000001000010000001000000000000010000000000100000000001001000
000110000000000000000000000000000100000010000010000000000000000011001000000000000000001110010100001000001100001000000001000000000000000000000001000000000000000000000000001000010100000001000000000000000000000100
000000000010001000010001101000000001001001000100110000000001010001001101010000100000001000000000000000000000000110100000001000100100000000000100000010100000000100000110000000000000000000000000001011101000001000
000000000000100010000000000010110000000000000001010000000000000011000001000100010000000001000000000001010000110101010000000100000000010101000100000000010001000000000000010000000100100000010101100000100100000000
000001000001000000000000110000000000101010000000000000000100000000000000010001000000000000000000100000001000110000000000000000000000000000001001000000000101000111000100000000000000001000010101000000000000000010
000010000000000000000000001000000001101010000000111000001100000000001000000000000000000000000000000000000000000000000000100000000100010000000000000000000010000010000000010000001100001100000000010010000010000000
000101000010000000000000011000101100110000000100010000000000000000001000100000001000001000000010000000000000000000000000000100000100000001000010000000000000000000001000000000000000000000001010000000100101000001
000010110010100110010000000000001010100010100000001000000000101000000000000001001000101100000000010000001000010000010100000000011010011000000100000000100100000000000000010000000100000000000100000000101001000000
001010000001001010100100110001000000110000000100000001010000001010000100000001000000001001000101010000000011001001001000010100000000000010000000011000000000000001001001000000100000001000010000000000000000100000
000000100000010000100000000000000000010100000001000001000000110000001000001010000000000000000000000000000000001000010000000000000000000000000000001000000000110011001000000010010000001000000100011000010000001010
000010000000001000000000000000010000000000000000011110000000000100010000000000000011100000000010000110000010000000010000010000110100010000100110000000001000110000001000000100110000000010000000000000101001011000
000000001010000010000000000100000000110100000000011001000101000110010001000000000000100001000000100001000100100000001000000000000001001000001000000000000000010100100001001001000001000000000100010010010000001000
000000001000100000000010001000000001000010000010010000000100010010000100110000010001000000010000000010100000000100000010000000000000100101000000110100000000100000000000000001000001001000000000001000000000001010
000100000000000010100000001000100000000010000000000010011000000001000000000000000100000000000010000001001000100010000000001000000000000000000000000000000000100000000000011000000001000000000000000001000000000000
010100100000000100000000001110000000000110101000000000000000000000000000000000010000000000000000000000000000000000000000001000000000000000000000000000000000100001000000010000000101000000000001000000001000010000
000100000010000010000010100000011000000000000000000000000000000000000000100000100000000010000101000000000000000000001100000000000100000000000000000010000000000000000010000000000101000000000000101100010000101100
000010000001000000000010011000000010100100000100000010100100001100000000000010000000010100000000100000010010000110000000001000000000010000000000000001000000000000000000000010010000000000000000010000000000000000
000000001100001000000000000000000011010100000000000000100000010010000000000000000000010000000100000000100000000010000000001000000000100000000000000000000100100011000000000000000100001100000110001000000000001000
000010000001000000000000000000000100000010000000000000001000000010101011000000000000010100000000000000000000000101000100000010000000000000110010000000010000000000000000000101000010000000000001001001001000000001
000000010000010011000000000000000000000010000001000100000001010000000001000000001011000000000100100010101000001000000000000000100100000001100000000010000010001000100000000011000000001000000000000000000000000000
000000001000011000010000000000100000000000000000001000000000100000000000001000000000000100000000000000010000000010000100000100010000010001000000000000000000000100000001000000010000000010000000010101010001000001
000000000000000100000000100000001000000100000000010001000001000000001000000000000100100100100000000000000000000000010000000000000000010100000000100000010000000010000000101000000010000000000000000000000000000000
100111001001000000000100100000000000000100001001001000011000000000001100000100000000000000000000000000100100000000000010000010000000111010010000000010000000000000000010000000010010000000010000000000001001000000
010010010000011000000000110001000000000000100000000000000101000000000001010001000011000110100000100010000100000000010010000000000001000100101000100000000000001010100000001010000000100000100100010000000000001000
010010100100000001000100100101000000001000000000000000000000000000100000001000100011001100000000000001000000000000000100000000000100000000000001011000000000000000000000000010000000000101010010000100010010000100
000001000010000000000000000000010000101000000100000000100000001000000000010000100000001000110100000000000000000000000010001000000000000000000000000010111000000000000000101010000000000100000010110100000000000100
000010000000000000000000000100000000000100011010010010000000000010000000000000000000000000000000001000000001000000110011010000010100000000000000000001000000000000000001000000001010000000000000000000100000000000
000000010000110000001000000000100000000000010001000000000000010000110001000100000001000100000100000000001000000000001000100000010000001000000000000010000000000000001000010000001100000010000000000100001000000011
000010000001001010000000001000000000000001000000000000010100000000001000001100000000110000000001010000000000110000010000011000000000010000010000000000000100000000100000000100100000100100000000000000000100000001
100010000000001100001001010001100000000000100100000001000101000010010001100000000100010001000000000000010000000000001100101001000000001001000100010000000000010001010000010100100000000000000000000000000001000101
000000000000000000100000000000000000001000000000000100000000110001000001000000001001100000000100010000000000000100000000000100000010000000011000001000000000000100000000000011010000010010000000001000000000100000
000000100000000000100000000000000000000001010000010000000001100000000010000001000100000010000000000000010000000000000000100100001000010100000010010000000000001000000000000000000000100010000000000000001000000001
110000011000000000000000000000000100000010010100100000000000000000000001000010010100000000000000100000000000010000000000001000000100000000010000000000000010000000000000000110000001000010000000000000010001010100
001000000100000000000000000000001000000000001011001100000000000000010000110000000000000000001000000001001000000000010000000010000000000000100000000000000010000000000000000000001000100100000000000011001000100100
100100000000000000000000000000001010100000000000110011000000000000000000000001001000000000000000000001010000000000001000000001000001000000000000000110000000000000000000000001000000000010100000000000000000000000
000000000001000000000000000000000010000100100000000100000000100000000110000000000001010001000000100100000100000100000000010000000100000000000000010000000000000000000000000001000000000000100100000100010001000000
100010000000000000000010000110000000001000100000000000000000000001000000001000000000000000000000000000010010000000010000100000010001000000100000000000000000100000000100000000000000000001000010000000000000001000
001000000000000010001000001100000000000000001000000000001000000000000000000000000000000000100010000000000000000000000001000000010010000000100001000100000010000000001010000000000000000110010000000000001000000010
001010000000100000000000110100010100000000000010000000000100000000110000000000000000000000000100001000000000000000001010100100000101000000110000010000000001010000000000001000000000100100100000000000000000000010
000001001001000000010001000000000000000101000101000000010000001000110100000000001000000101100000001000000000000000000000010000100110000000000000000010000000001000110100000100000000000000000001010110000000000000
100010000000000000000001000001100000001100000100000000000000000010000001001000001000010001000000100000000000001000001010001001010000000000010000100000001010000000001000100000100000000000000010000001000000010110
000000100000000000001000110100100000000001100000100100000100000001000010000000000001011000000000000000101010100000100000000000000000000000110100100010000000011000000100100000000000100000001001101010001000000000
010010000000001000100000000100100101000100000000000000000000000001000000000000010000001010000010000000000000000000100001000001111000000000000000100000101001001000000000000000011000001000000110000100000000000000
000000100100001001001000000100000000000000000100000000000010100010100000100000100010001100000111010000000011000110101000010001000000100001101010000000000000000100000010000000000000011000000011000000000000000001
010100001000010000000000001001001000000101010011010010000000000010000000000100001011000000100000000000000010001001000000001100000000100001000110001100000000000000000010000000010010000001010000100000000001000100
100100000101000110000000000000000010000000000011000001000000000000100000010000000000011000000000000000010000000001010000000000010000001000000100000000100000000001100000100100101100000001000001000000000000000000
000000000100000000010000100000000000000010000000010110001000010000000001000010001000000000001001001000000000000000000000100010010000000010010000001000001000000000000000010000100010100000000000000001110000000001
010000000001000000000000100001000000000000000001000000001010000010000000101000000000001000000000000000000000000100000000000100001100001101000100100000000000000000000000000010000000000010000100001010000001000000
010000000000010000010101000000000010000100110100000000000000001000000100100000000010000000000000010001000000000000100110010100000000010001111100100000100000000100011000000001000100000000101001010000100001010000
010000000000000000000000000000010000000000110000000010000000000000101100000001010000001100000101010000000010100001000011000010010001000000000000001010000010000110000001001011000000000000100001001000000000000010
001100000010001010000000100000000000000110111000000000000000010010001000000000000000001100001000010000000000100000000000000010000100000001000100010011001000010000000001000100001000000010100000000000010000011010
000010100001100000000001000000001010000000010000001000010000101000100000000010001000000001001001000001001011000000001001000000000000000000011000010000000000000100110000100010100001000000010110001000000000010000
001000000000000000000000010100000101110001100011100100000011000000000000100100000000000001001001110001010100000000110010001000011110000110000001000000000000000000010000100010000000000010000000000000010000100000
000001000001000000010000000000000100000100001000001010000001010000000000010000000000000000000000000000000000000000100000000010101100000100100000000000010000000100100100000000001000000001000000010000100000000000
010000001010100000000100000000000000100010011000010000000000000000000000000000000010000000010010000010000000000000000000000100000100001000000010000100000000000000000000000000000000000001100001100100000000000000
100100010000000001110000000100011000011001100100000000011000001000010000010000000010100000001000001000000010010010100110000000000000000000011000000101000000000001100000000000000100010000110000010000000000000000
000101000000010010000000100001100000000000000001110001001001001000011100000010100000100000100000110000000000000000000000000000010000000000100100000000001000100000000110000000000000000000000000000000000000000000
001000100000000000010000000010100000000010001001001000100000000001000000000000001000100000000110000000100000001000000000000001000000000110100010100010000000000000000000000000100000000000010000100000001000000100
010100000001001001000100000100000000000010000000100010000101010000000100001000101110011000000101001000001001000010010000000000000000000000000000001000000000000111000100000000000000100000001000100000000000000010
000000100100000000000100000010000000000000000100100000011000000000010000000000000010000000000000000000000100000000000101010000001100000110010000000100000000000001100000010011010000000100000001001000010000110010
101010000100000000000110000000000100000001100010000000000000000010101000100000000000100100001000100000010001101000000000000010000000000000100000001000000000010010000001001001000010000000010000000000100000000000
000101000000101000000000100100101001010000000000001000000000000000011000001000100100100000000000000000000000100001000000000000000000010000000101010000000100010100000000011000100000001000000000000000000000100000
000000000011001000100010001010100000010000000110110000000101000000001000101010000000010000010000001000000010000100001100000010110000000000000000010011010000000010000000010100000010100010000001000000001001000000
100001001101000001010100000100000000000000000001000000010001100000000000000001000010000000001000001100000000000001000010000000000000000000000010000000000000000000000000000100000000000000000011000010001001000001
010000000110000000010000000110000010000100000000000101100000000101010100001000000000000000000001001000000000010000001000101010000000000000000100100000010000000010100010000000000000000100000000110000000100000100
000001000000000000000000001000000010000101100000000100000000000100000000000000100100000000010000000010000010010000000110000001000000100001000010100000000100001000110010010100000000100000000100000000000000000010
000000000000010001000000010100000000110000010000000100000000000001000010001010000000000000010001000000010000000000000100000000000000010000000100000000000000000100000001000000000000010101000000000000000001000001
001100000000011100010000100010110000100000000000100000000000010000000000000001000001000000100010000100100010000001001001000000000000000100100000000000011000010000001100110000000000100001010100000000000000100000
000000000100000000000000100001000111000010001011000101001100110000000100000011001000000010001010001000101000000010000000011000000100000000000000000000000000001010000000100100000100001100000000000000010000010000
000010010010000000000001001100011000100000000000000100100000000100000000010000010110000000000000010000100000000000000010001000000000110000000100000010000010011000000101001000000001000000000101000011000000000000
010000010000000100100000000000010100110001000000000010000010001000000000000001000000000000000000101000000000000001000000001000001000000000100000000011000010000100000000000000001000100000000000100000000000000000
