00100010011000010110000000100100000010010110001000000000001000000010001000000000100100000000100000000000000000
00001001000110000001010000000000010000000000000110000000000100100000000000000000001000000000000000010001000000
00100000101100000000001000100010000000000000000000000000000000000000000100000000000001000000000001000000010000
01010010000000000100000001000001000000000000010000000001010100010000000000000100000000000000000010000000000010
00000000000000101000000010000000000100010000100000000000000100000100110010000000100001100000110000000011010010
00000001010000000000111000000001000000010000100000000000100001001000000010000100000010000000000000000000000001
01000000000000000000000001000000010000000000000000000000000000010100000000000000000101011000000001100000000001
00010000000000000100010000010000001010000000000001000001001000001000100000010001000000000000000000001001011000
00010000000000000000010001000110001000000100000100000000000000001000000000100000100000000101000000000000000000
00000000010010010100000000000000010010000000000100100000000000000000000100000101000000000101101000000001000100
00000000001100000001000001000100001000000001001000000000110100010010000001000000000000110010101000000000000000
00000100000000000000000010000000001100000010000000001000000100000010010000001001000000001000010000000010000001
00011001010100001100100001010000000100100100000000000000000000000010010000000100000000100001011000000101000000
01010000000000100100000001000000000100000000100000000010001000000000000000000000000000010000000000000000000010
10000000000100000000000010000000000000000100000000000010000100001000000100001000000000001001000110000000000000
01000000000000000001000101000000001000000000100000000001000001000000000001000001001010000000100001000100000000
00010010000000000001000000000000000010001100000000101000010000000100001000100000001010000000000011010000000000
00101100010000100000011001110000000000000001100000000000000000000000000000000000000010001000000000100000001000
00000100001000000110100001000100001000010000000000000001010000000100000110000000010000000000111001000001010010
00010000100000010000000000000000000000000000001010001000000000001100000000000010000000100010100000010000000000
10000000000000100101000000000011000000000001010000000000100000000011000000000000000000000000000000000000010000
00000000000110001000000010000000000010000001001100000000010000001000000000100000000000000000000000000000000000
00100000000000100000001000101000000000010011000001010001000000000000000000100000000000000010000000000001000100
10101000000000000000000000010100000100000000000000010100000000000000000000001000000000000000000101000100010110
00100000000000000011100000000011000010010000000000000010000000100000000000010010000000000001000000000000000000
00001000010010000000010000100000000000001000000000000000000100001000010010000001000010001000000000100000000000
00001001000000000000000100011000000001001010001101010000010000001010011000001001000000000000000000001010100000
00001000000000000000000001010001000000000000000000100000100000000000000000010000010000100000000000010001000000
00000000001010000000000100001000010010010110000101000101000000000001010010000111000000000001000000000001000100
00000000000011000000000000001000100110000000000001001000110000000010010100010000010000000100000000000000000100
00000100000000001100010000010010111000000010000000100010100000001100010000100001100000000000000001000000000000
01000010001000010010110010000000001100010001000001000000000000000000010100010000100010000001000000001001000100
10100001000000001000101000100100100000000000001000000001100110001000000000000100000100100000001000000000010000
01000000000000100011000001000000010000000000001010000100000000000000000000000000000000011000100001000011000101
00010000001010000001000000010001110000000000010100000001001000010000100000000000000010100000000000000000000011
00000000100100000110000000110001100000110100000000100000000000000000100000000000000000000100000100000000110001
10000001000001000110000000000000100010000000000000101000000100010010000000000000100000000000100000000000000000
00101000000000010000000110000000101011000000011000000000100001000000000000010100000010000000101010000000010000
01000000010000000000000000000000100001000000001000000000000001000000000000000100000100000100000000100011000100
00111001000000110001000000000000000010000000000000010000100000100001010000100000000010000000000000000010000000
00010000010000000100010001010001000101010000010000000000000010010010000000000000000000001000001001011001000001
00000000010000001001010001000001000000000100100000000000001010100000010000010000000000000000011100000010000001
10000000100100000001100000010011000001100000000001000000000000000010101000010101000000101001100000010000000000
00100000111000000000000000010000000001000011000101100000000000010100001000000000100010010100000010000110000000
00000010000100101000100100001011101010000001000000000000000010000000100000100000010001000000000000000000000001
00000001010010001000000000001000000100000000100000010000100000000001001000000000000000000001000001000010000000
00000001000100010000000100010000100001000001000011100000100000000000000000000100000000011000000000000000000000
00100000010010010000010100000001000000000000000000000000000100000000010000000000000000001000000000000100000000
01010000101001000010000000000000000010000000000010000111000000000000000000100100000000000000000000000000000000
00000000000100110001100110000100000100000000000100000011000001101000000000000000000010000000000010000000010010
00000000000000000010000000110100001000000000000000100000100001000000010010000010010000000000000000001000000001
00000100111000000000010000001000100010001100000000000110000000000000100101001000100000000000000100010001000100
00001100000011000000010000000010011010000100011000000100100000010000000000000000000001000000100000001001001101
00000000000001000000100000001000010000000010010001000000000001000000010000000010100100000000001001000001000000
00100100001100100001000000010010000001000000000000100000001000000000010000000000000010000000010000101100000100
10000010101000000000000000100010000100010000000000000011000001101010000000001000000000001100001010000000000010
01000000000000001000100001000000000000000000100010000000000000100000000100000000000000000000100011000100001000
01001000011100000000000010000000000000000011000010100000000100000001000010000001000100010001100000000000010001
00000000000000100000010100000000011100100000000100000000000000010000000010000100001000000000001010000001001000
00000101000000000010001100010000001000011001100000010000000000001000001010010100001100100000000100000000000000
00110010000000000100000000000000000000000000000000100000010000010110010100000000000100000000000000010001001000
00000111000011001001000001010000000000100100100000110001100100000010000001000100000000000010000000000000000010
00100010001000000000000000001010000010000000000000010000101000000000100000001000000010000000000000000000000100
00001000000000000000000000000100110001100000000100000000000000001000000010001000000000100010000100001111001101
00000000000000011000000000000000010000000000000000000010001001100011000000010000000000000000000100000001000010
00010010001001001000000100000000100000000000000000000010000010000000010000000110110000000010001000000001000000
00000001110000001000000010001100000000101000000000000010000000010101000001000000100000000000100001000000000000
00000000001000010000010100000000010100001100100001010100000000101000010000000010000010000001000000001000000000
00000000000000010001000000100000000000000010010101000000000000000000010000110001000000000000000001000000001000
00000100000000100000101000010101001001000000001000000000100000000000010000000011100000000000000000000010010000
00000000100000000001000000000000001000000000001000010000000100010100000000001000000000010000010000111000100101
01010101100000000000000000010010000000001000010100100000010000000000000000010100000101000000000010000100010001
00000010000110000010000101000000000001110100001100000000000010100001010010000001110000000000000100000000000000
01001001000100000010000000000010000000010000000001010000000000000000010000011101000000000000000000010100001000
10000010000010100001100010001000000000001000000000100000010000101000000000000000100000000000000100000010000000
00110000000000100000000000000000000000000101101000000000000000000100100010010001000000000000101010000000100010
00100010000000000011000110100000001001001100001001100000000000000000100010010000000000010100001000000000000001
10000000011010100000100010000000000000000000100000100000011101000100100100000000000000001000000000101001000000
00010110000000000000000000000000100001000101000000010010000000110000001000000100000001000000001001000001010000
00010000000001001010010000000000000000000001000000000000000100000100100000011000100000001100100000100000000100
00110100000000000100000000000100000100010010000000100000000000000000000000000010100000000000000000000000101010
00000000101000100000001000010000101111100100000001000000100110000000110000000010100000000000000000000100000001
00000000000001001000100000101000000011000000000000000100000100000100000100000000000000000000000000100001100010
00000000000000101000001001000000001000010100010000010001010000000000001000000010011010000100000000000000100001
00000110000100000000000010010000000010000000000110101100000100001000001010000000000000000101001100000001000001
00000100000000000010000100000000100000010000000000000000100001001000001010101100001010100000000000010001001000
10001000000000001000100001001000010010000101010001001000000110000011000000010010000000100010000000000000100000
00100000000000000000000000000000000000000010000000010100000010000001000000100010010010010001000000100110000000
01001000001000000000000000011000101000000100100000000000110001100010000100000000000010100110000100001000000001
00000010000100000110000000000000100000000000000000010000100000100001000100100000000101000000000000010000000100
00000000000000100000001100001100000000000000001000000000000100000001000000000000010000000000000000010001000000
00000000001000010000010000110000000101000000000100000000000000000000000000000100000000010000000001000000000000
10000000100000010010000000101010011100000000000000010000000000010100000100010000000010000010000000000110100001
00100000010001000011001010000000100001011100000010000100000000000000001000000000000100000001110100010000000001
00010100000000010001000100000000000000000011010100000000000101011000100000000000000000000100000011010010000000
00000000000000010000000000000010000000010000000000000000100000001000100000000000000000000001000100000000011001
11000010100000000000000001100001011001010010110011000000000000100001001000000000000000000000000000001000000001
00000001000100001001000000010000000110000100000000010000100000000000001000000000000000000000000000000000000001
00000000100001000000000010000000000000000010000000000000100000000110010000000000000011000100010100000000000000
00000010001000001000000000100000000000100000000100000001000000000000000000000100100000000001000001000000001000
