00000001000001000000010100001100000010000000000100000110000000000000000000001000
00001000000000000000001000000101100000000000100000000000000000001000000000000010
00000000010000010000000100000000100001010100011000000000000000100000110010000000
00000100000011000001100010001000000000000100000000000000001000000000000000000000
00100100000010000100000000000000000000000010101000001001101000000100000000100000
00000000000010000000000000000100001000000000100000000001100010000001000000100000
01000110001000000000000100000000000000001000011000001001011000001000101000001000
00000000100100000010000000000000110000001010001000000000001010110100000000000010
00000010001000001001000000000100000010000010000101000011100100000000100000000010
00000000000000000010100000100000100010000100000001001000011101000000010000100000
00000000000011000010000000100001000000001000011000000000000100000001000000000000
10000001100001000001000000001010000000010001000000000000100000000001000000000000
10000010011000000001000000001000001000000000000001000000011001000000100000010000
00100000001100000000001000001010000000000000000010100001000110001110000000000000
00001001010100000010100000000001001000010000000001100000000000000001000001000000
00000000000110000010001110000000000100100000000010100100001100000000001100000000
00000000001001000000000000000000001000100000000110010100000000001000000101000000
00001010000010010000000001000000000010000000000001001011000000100000000000001000
01000010001000010000000000000000010000001001000000000000001000000000000000010000
01000010001000000100000000000010000000000000001000000000000010000000000010000000
10010000000000010000000000100000000101000000000001100000100111000000000011010001
00000000000001000000000000000100000000000000100100000000000010001010000000100001
00000000010010000000000001100011100000011000000000001000000000000100101100100100
01000000000000000000001000000100010010101011010101001100100010000000000000000000
00000000001101010000000010000000100010010000000000000000100010000010110000110000
00000001010000000010000100000000100000000000000000001001000000000000001000000000
00000000000000000001000000001100000000000001000100000010000000001000000000000100
10000010000000011000100001001001110010001000000000000000000001000000010000100010
10000000001000010000001111000000100100000000001000100000010000000100001000010000
00000000000001000101101010000000001000001000000000000000000000101000000000000000
01100000000000000000000000000100100100000010010000000000000000100000001000000000
00010000001000000000010000001000000101000000100000000011000000000100000000000000
00000000000000100000100010000010010010000000000000000001000000000000000010001000
01000110010000000010001000001010000100110000000010000000000000010001000000100001
00000010000001010000011000000010010011000000000100000001000000000000010010101000
00000000001000000001000000100001100000000000000010001000001100000000100110110010
00001000000000100001000000100000000010000010000010000001011000000000000000100000
00000000010110000001111100000000001000001010000000000010000000000000000000000010
10000100001000000010000000000100010100010000000100010000001000000000100100100000
00010010001000001010000000000010010100011000000110000101000100000000000000001000
00000000001000000000000001011000000010001100100110001010001000101000000000000100
01000000000001101000000010000001001000000000001000100000000000000100000000000000
00000000000100000000010000100000000100000001000011000101000000010010000000000101
00000000000000000000010010100010000000110100000100000111000000001001001010000100
00000000000100010000010000100010000010000010000000000100101000000000000000001000
00000000010100000100000010000000001100000100110010001000001000001011000000100000
00000000001100010000010100000100011000000100000011010001010000000000100000000000
01000011100000000100000000001010000000000010100010000011010000000000000000000101
00000000011001100000000000000000000100010110000000100000000011000001000000010010
00000000000000000000000000000000000100100001000000010000010000110000000000001000
00000011000001000000000000010001000000001101010000010000000000000001000100100000
00000000010001000001001000000100100000010001000000000100000010100000000000100000
10000000000000010000101000000000000000000000000001000000010010000000000000000100
01000000000000010000000000010000100000000000100000000000000000010010000000000100
00000000100000010000000100000100000000101000000100001010000100000100000100000100
00000000001000010100011000000000000000010010000010000000000000000000101000001000
00000000001110010000000010101000100000000000000000010000010000000100000010001000
10000000000010000000000100000000100000001010000000100000001000000000000000000000
00000111001000000010000000000000100000000001000000000000001100001001011010000000
01101010000000000000000100000010000000000100000010001000000010000010110000000000
00000010000010110101100000011000000010110000010000000000000000110100000000000000
00000000100000001000001000000000010001000100000000000000010000000010000000000001
10000000000100000000101000000010000000011000000010000000001000000000000000000000
01000001000000000000100000001000000000000000000000000001001000000000100101100001
00100110001000000000000000000000000000010000100000000001000000000000011000001000
11000000100000000000000000000000010000100000001011100000000010000100000000000100
00000000011011000001000000000101000110100000000010000100000000110000001100000000
10000000000000000100000000000000100001100000010010000100010000000011000001001100
00000000000000000000000001000000100110000011000000000101001000000000001000000000
00010000010010100000000010000000000010100000000010010110010001000000000000000001
00001000000000010000000010100000000000000000000001000000100000000100000000010000
00000101010000000000000100000000010000100000000100101000000000000100010000000100
00100000000001000001000010000010000000011000000000000101000010000001000110000010
10000000001010001001001000100010000000000100100000000010000000010110100100000000
00000110000110100000010000100000000011011000000000000001000000000001000001101000
10000001110001000000000100001000000100000001000001000100001000010101000000000100
00100000000000010000000000000000000001000100001100000100000110000000100000000000
00000110100000000000001000100000000000000000000010000010110000000000000000000100
01000001101101001000000000011001000000000010000000010100000000000000000000000000
01010000010100000001010000000001000000000001000100000000001001100010100001001000
10110000000000000000000100001001000000000001000000010000000000110000000000001000
10010100010000010001000000000000000000010010000010010000000010001000000000010000
00010001000000000000000001000000000000101000000000000000000001000110000000000000
00000000000100000010000001010000101000000000000011100001110000000001001000100010
10001000000000100000100000000000101000011000000000000000010000000100100000010000
01010000000000000000000100000001001000000000000000000101000000100000000100000010
00000000010000010000000010011000000000000011010010010000000000000000000001011000
00000000000000100000100100000000000010000001000000000100001100010000100010100001
00000000100100100000000001000100000000000000001010100001000100001001000100010000
11000100010010000111010011000000100100000100000000000000000001000000000000100000
10000100001000000000010000000000001000000100010010100001101000000000000001010100
01000000000000100010100001000000100000000000000010000000010000000000010000000000
00100000000000000001000000000000010001001000000100100010001000000000010000000000
00001000000000000001010000000100000000000000000000011000000000010000100100000000
10001000100000100110000101000101000000010000000000000100000001001010100000000000
00000000000000000001000000000010010001000100101000000100000100000000000000000000
00000000000000110000111000010110000110000110000001000000001000000000000011000000
01110000000000000000101000000000010110000000000010000000001000010010000000000000
00100000000000000000001000100000011000000000000000000001000000000101000000000000
11000101000000000011000000010001000000010001000000100010100000000010100000000000
