0000001000000000100000000000000000010010000000000000010000001000000000000000000100000000110000001100000010110000010100010010101010000000000000100000000000000000000001000000100000010010000000000010001001001000000000100001000000110000000110101000000000000001000000000000000000000010100000000000000110000000100000011000000000000001001010101100101101000100010110001000001000
0000000000000000010000010100110010000111101001000000000011101000000000000000101001001000100010000000000010000000010001000000001000011010000000001000110000000001011100011110000000000000010110000000010000001000000000010010001000000100000100000000000001100010000101011000000000000000010100101000000001000000010000000010000000010001000010010000100100101000100000000000000010
0001000100000000000000000100000000010000001000000000000000000000010010000000000000000000001000000000010011000100000000000000010110000000000000001001010000000000010001000001100100000000000000101000010101010110010000000010000000000001010010000000000000011000000011100010001010000000001000000001010110000000100100000010000000001000010010100000000011000000001100010000100000
0000000000000000000000000100000000000100000000000000000000000000000000110100000010000000000000000000001000000000000001000010010000001000010000000010000000000000010000000001000000010001000000110000000000000000000000110000001100000000001100000001000000000000000000000000000000010000000000000000000100001000000100000000000000000000000000001000000001100100000010000010000100
0000000100000010000010001100000000000100011000000000000000110001000000000000000000000001111000000000000000000100000001000000001000001000000100100010000010000000100000000000010000000000000000000000000010001010000000000000100100010000010001000000000000000100000000000000000000000000000001000010000100001000010000000000000000000000000000000000000000000000001000011000000000
0000000001000100000001000000000000000100010000000010000000000001000000000001000000000000000000000000000000000010000000000000000010000000010000000000100000000111000100000000001000000000010001000100100010100000010000001000000000010101000000000000000000010000000000000000000000000101000000001100000000000000000110110010000000000010000000100000101000000000100000000000100110
0100000000000001000000000100000011010000000100001000000000000000000001000001000000000000100000010001000000000110010000000001000110000000000000010010000000000000000000000011000010000000000000010000000000001001011000000001011000000000000000000100100000110000010000000000001000000000000000010001000000010000010000100000000010001001000011000000000000000000000000100000100000
1010000000010001000001000000000000000000000010000000000001000000000000001000000000101001100100001100000100110000000000000000000100100000000001000000000000000000100011000011100000010000000010001101000000100101001001000000000000000000001000010000001100000000010000000001000100000000000000100100000000101110000000000010000100010000100000000001100000000000000000010010000000
1000000011100001000000000000000000000000100000100000000010011001000000001000010000000000010001000000000000000000000000000001001000000000100000000000101100000000100000000000100101000000000000000011100000000000000100011000100000000000000000000000000100010000000000010000000000000000000000001000000000000000001010000100000000000100000010110000000000000000100000000000100010
0000000000000000010001010000001100000000000010000001100000001010000000000000100010000000000000100000011101000000000000010010010000000010000010100010001001010001000000000000000010100000100000010001000000000001000001000010100101010010110000000000000000000001000001000000000000000000000000100000000010000100000100010101000000000010110001000000000101100000000000000001011100
0000000000000000001000000000100000000000010001000000010000000111001000100001100000100011001010000000100010001000010000000000001000100000001000000001001000000100000000000000000010000000000010000000000000000000000000000000010001001000001000110000100000010000010100010100000000000000111000001000000100000100000000000010000000000000000110101000000000000001101000000000000000
1000000001001000110001000000000000010100011100000010000001001010010000000011001010000001000000000001000000100010101000000001000000000001000010000100000000000000010000000000110100000100000000110010000001010000000000000000001000001000100001000001000001010010000000000000000000000100000010010000101000100000001001000000000000000000000000010001000000000011000000000000000100
0100010000010001010000000000110110000000000001000000000010100001000001001000001011001000000000000100000001100000001100001000000000000000000000100111000010000001001000100100000000100100000000100000000010000001001001010000000000000000000000100001100000000100010001000001100000000000001000000000000000100000100100000000000000001000101010000001011000010010100000000000110100
0000000000001001010000010000110001010000000000000001000000011000010011010000000010000010000000000000000000001000100001000000000011000000111110000000000010000000100000010011001000001001000000100000000010100000000000000000001001000100000100000000000000000000000000000101010100000001000101000000000000011001000010000000001001001000000000000000000000000000000000000000000000
0000010000100000001000011000001000001000001000010100000001000011000001000010010111000000000000010011010001000001001000000001000000000000000010000100000101000000000101000001000100000001001000100000001000010001001000000001000000100000000000000010000000100010000000010000000000000100000000000010000000000000100000000000001010000000000000000000000000010100000000000000000000
0011000000010000000100000100001000100100000010001001000000000000010010111001000011000000100000001000100000000100000000100000001010000001000000011100000000100100000000000000000000010001000100001011000010001000000100000000010000000001011000001100000000101010000000000000000010000010000000000000111100000000000000000000000100010000000010001001000000010001000000001101010010
1000000100001000000100000000000010100000100100000000000001100010000000010000000100000000000000000000010001001101000101100010000011010110000000011000000010001001100000000000000100000010000000000000000000000000010000000000010000100010000000000000001000100000110000000000000100010000001000110100000000010010000010000000001000010100000100000000000001000001000010001000000010
0000000000000010000000100010000000000000000010000000000000001000000001001000000000000100000100000000000001010100000000101001010101000010011010000000000000000100000010010000000000000000000000011000000000000000010000000000000000000000000001000000010000000000000000000000000010000000010001000000000000000001110000100000001000000000000100000010000000000000010000000000110001
0000000000000001000001000000000110000000001000001000000100000000000101000000000001000000000000000000000000000000000000000000000000001000010000100100000000000000110000101000010000010000100001100000000000000000000000000011000000000000000000000000000100000000000010000000000000000000010100000000000000000100000100000001000000000000000000001001100000000110001010000010000001
0110001000001010000001000001011000000100000001000000000000000001000100000000001001000011000100001001000100000010000100000000000101000000000100100000000001000000000010000010010100000000001001000010000000000000001001010000000001000100000000000100000010000000000000000000100100001000000010000000000000011000100000000000100101010000100010000000100100000101100100010000000000
0000011100001000000000010000000000000001000000000000000000101000011000010000000010001000000000000100100000100000100000101000101100000000000000000100000000000110000010010000000000000000001100000000010000000011000010000100000100000000010000000000011000001000000000000010000001000001010000000011000000000000010000001001000010100011000000100100000001100000000000000000100000
0000000000010000000000101000000000000000100000000000000000000000110000000100000001000001000000001000000011000100000100100110101011100000000000001001000100000010011000000001000000000000000000001000010000101100000010001011000000000100100000000000000001000010011100000100010100000000110000000000000000100000001000100001110000000000001010100000011001000000010000000000000000
1000000100100100000000000000000000010000000000000011000111000000000100000010000001010001000000000100011011000000001000000000010000000101000000001000010000000000100001100100100010001010011000100000010000000010000000000000000100000010000000000001000001000100000000111000010001000000000000000110000100000000000000000000101000010000001000000000000000000000000000000001000100
0010000000000000011001001000100000000000100100000000000000000001000000110000001010000110010000000100000010000000000000000000000000100010000100010000000000010000010000000000000000000001000000001000000100000000100010000000000000001010000110000001011000000101000000000000000001000000000000100001000001010000000000000000001100000000000000100001000100000000100000100101000000
1000010000001000100000000000000010000000000100010000000000000000000000000000000000001000000000000100101000000000000000000000000000001000000000000000000100000001001010100010000000000100000000000001000100000000000010000000110000000000000000000000000010101000010000001000010000000001000100000000000100010100100000010000000000010001000000000000000000001000000000000010011000
1000000000000000000000010110100000000000000000000000000000000000000000001000000000000000010000000000000000000000000000000000000100001000001000000100000011000000010000000100000000101000000000000110000000000000100000000100000000000000000000011000000010000010000000100100101000000000000001100000100000000010000000000000000000000000000000100100010000000000000000001000000010
0000000000001000010000000000010000000000000000000000000000001010000110000000000000001000000000000000000000000000000000000000100001111100000000110000000000011011000000000000010010110000000011000000001000100100000000000000000000000000000010000110100000000010011000000000000000000000000000000000000000000000000001001000101000000000000000010000001000000010010000000000010000
0100000000000000001001000000000010000000000000000000010010000000010000000000001000100000000000000000000000000000010000000000100000000000000000010000001000001000000000000000010000000000100001100000010000000001000000001101011001000000010010000000000000000101000000000010000000000000100000000000011001000000000101000000000000000010000000000000000000010000000000000000000000
0010000000010000100110001100001100000000000000000000010001000100000001000001100000000000000000000001000001000000000000001101000000000000001000000000000000010001001110000000000100000000001000000001000010000010000000110010000000000000000000001100001000001000000110000000001000001001011000000010000000000001000000000010001000000000000000000000000000001000010000000000000100
0000001000010000000000100000100001000010000011000000000000000000001000000000000010000000100000100011100000001011000100010101011100100001000000000000000000000000100001000000000000100000000010000000000000000000000000000000000000010001000100100000000000010110000100000110000000110100000001000000001000001000000000100001000000100010000000000010010000011010000000000000000100
0001000000010000000000001001001000100010110000000010101000000001000010001000000000010000000000001100010000000000000100100001010000000000000000000010000010000000000100000000001000000000110000000010000000100010000010000000100000100000000000000100100000000010000000000100000000000000101010001000000000000001000000000000100000100000000000001000100000001001001000000000010000
0001000000010000010011011000000110000000000010000000100000000100000000000000000010000000010000000001000000000001000000000100000000000000010000000000000000010000000000000100110000000010000001000000000000000000000000000000000000000000000000100000000001001000010010000000100100000000000100000000000000000010000001000000000000000100000000000000000000001000000000001000000000
0000100000100010001000010000001000001110000000000001001001000000000000010001000000100000000100000100001000000000000100000000100000000100010000000100000011000000100100010000000010000000000010011001000100000000000000000000000010001000000000011010000000000000001000000110000000011000000000000010001010000000010000000100010000000000000010000000011001001100100000010000000000
0010000000000000000000000000000000000000001000000001000001000000000100000000000100000100000101000000101000001000000000000000000000000001000000010000001000000010000100000001000000000001000000000000100001010001000000000100100000000001000000000101000000010010000000101000000001000000001000100000000000000000000010000000000000000000010100000010000001001001000000000010000000
1000001001010101000100000000010001000000010000000000000000001000010001001001100000001000100001100000001000000000000000001000000000100000000000000000000000000000000000000001000110000000000000000000100000000100011000010000010000010000000101000110000101100100000001000010000000010000010000000000100000010000000000001010000100000000000000010011001010010000010000010000000000
0000000000000000010010100000100000001000000001000000000000000001000000100000100100000000000000010000000000000000010101000010000000001011000000100110100001000010000010000000000000000000000000000000010000001000110001000010000000001100000100001000000000010000010000000000000000010000000000100001100010000011000000000100000000000100000011000000000000100010000000001000000000
0000000000010000001000000001001010010000000100000100100000000000100010000000000010000000001000000000000000000000100010000000000101000010000000000000001000000000000000000000000110100100000000010000000010000100000001010000000000001000100100000000000110010010010001100000000000000001000100000110000001000000000000010100000001011000000000000100001010000000010000000000100101
1010000000000100100000000000000100010100000010001001000001000010101000000001000000100000000000011000000010001100000010100000000100000100000000000101000100000010000000010000000000101001010000000001000010001001010000000000000000000000000000010100010000010010011000001000000000001100010010001000100000000000001000010100000000000000000100110000000101101000100001000011100000
0000000111000000000000000000000100000001100000000001000000010100000001010010000000100001100000000110010000000100001000000010000000100000000000000001000000000000000000000000000010010000100110000000000000000010001000000000100010000010001101000000100010100001110000000000000000100000000001010000000000000000000100100000001000000000000000000000000000110000000001000001001000
0000010010000000000000101000000000000000010000000000000000000000000000001010101010000000100000100001000010000000101000000000001000000000000000000001000100100000000000000000000000001000000000000000100000000000000100000000000000000000000000000000010001001110000000001000000000000000000001000010000000000100100000000010100000000000000100000010010000000000000000001000001000
0000000000000000010001000000000011000100001000000000000000000000010000000000010000001000001100000000000000100110000000000000000000010000000010000000001000000000000000000000000000000100000000000100010000000100000000000000000000000100000001000000000000000000001001000000010000100101000000010000000010000000100000100010010010000110000000110000000000010000000000010000000000
1100010100000000100000001010000001001100000000000000010000010000000000110000000000010000001001100000000010000000000000000100000001000000000001000000000000010000000000000010000100010001010000100000100000000000000000011000000000000000000000000010000000101010000000100101000001000000101000100110000000001000000010000111000000000100000010001100000000010000000000000101000001
0000000000000010000000000110001001000000000000000000000010000100000001000000100000000000000000000000000000010000000100100100000000000000000000100010000000000000010000000100000000000001000001000000010000010010000100000000100001000000000000000101101000000100000000000000000000000000001000000000000000000100000000000000000100001000000100000001001000000100000000000000010000
0000000000010000011100001001000000000100001000000110001000000000000100000100100000000000000100010000010100000000000001000100010000100000010000001100000000110011000100000000010000001100000001010000001000000000010000000000001010000010000000100000000000001000100010101000000010001000000100000100111100100000110000100100000000000110001010010000010000000000000100011001100000
0001000010100000100000000000000000000100000000000000000000001000010000010000000000000000100001100000010100000010001110000100001000000000000000100001000001000010000000000001100000000000010000000000000100000100100010000001101000000000000100000100000001000000000000100010000000001000000010000000000000000000000000010000100011100010000000000000100000000000000000000000000000
1000000000000000010000000000000000000000000100000000000000000000001000000110000000000000000000000000000000000000000000000000100010000010001000001000000000010000000001001000000100000000000110000000010000000000000000010101000000000000000000000000000000000000011000000100000010000000001100000000010010000000100000000001100000100000000000010000000000001000000000000010010000
0000001001010100000001000010010100001011000000000000000001001000000101001000001000000000100001000000000000000000101010000100010110100000001001000010010011000000000010000111000000000000010101001000000000000000000000000000000010010100000000000100100000000000100000000100000000100000000000000100100100100000000000000000000000000000010000000001001100100100000000000000100000
0000000000001000000000010010000000000010000000000000000000001000000000000000001000000000000000101011010100000101000000100010000000110000000100101000000000000010001001010000000000000100101000010001000000000000000000000010001000000000010000000000000011100000000000000000000000100000000000010000000000100100001000000000000000000000001100000000000010100100000000000100111001
0110001110010000000100110000001000000000100000000000000100100010000010100001000101000000010100000001000100001010001001000000001101000000100000000000000010100000000000000100101000110101110010011000000000000000000000100000100000000000100000000000000101000010000001010000000000100001010000100000001010000000001000000000000010000000001000001001000110000100010000001100000100
0100000000000000000000000000001000011000000100010000000001010000000000010000000000000000110000001000000000000000100000000000001000000000000000000010001000101000000000000000000000000000000000000000000100001010000001000101000000001000000000011100000000001000000000001000000000000000010000000010000000000000000000010000000000001000000000000000000000010000010000001000000000
0000110000011000000001001000000000000100000000000000000000000000010000000000000000010000000010010000000000100011000000000101011100000000000010000000010000000100100000001000000000001000000001000001000000000100000001000000000000000000100000000000000000000000000000100000000000100000000001000000000010000100000000000000010000100000000000000001000010000000000000000000000000
0000100100000100000001000100000000001001100001000000000110000000000100010010000010001010000100000000000000101000100100000000000000000000000000000000100000001010000000000000010000000100001010000000100000001000000000110000000001010000100010000100000000000000000000000000110100011000001000100000001000100001101000000000101000010010010000000011000001100000000000000100000010
0000000000000000000010000110000000001100000000011000000000000000000000100000101000000000010100000000000000001000010000000000000000000100001100110000000000100001000000010000000000100000010101000000000000001000000000000101000100000010000000000000100000000010000000010101000000000000010000110010010000000000000001000110000100000010000000000000010100000010001100000000000000
0001001000001010000001000000001001000100000000000000000000011000000000000000000100000110000000010000000101000010000000000001000000000000000000000100010000000010010000001000100000000000000001000000000000000101100000000000000100000000010000100000000000011000000000000000100001001101000000000000000000000000100000000000000000100010000000000000000000100000000000000000000100
1100000010000010100010010010000100000000000000101011000001000001000000000000000001000000000000000001010000010111000010100001000100100000011010100000000100101001000000000010000110000000001000000001001001000000000001000000000000010000000000010000010001000000001001000000000000101100000000001010000010000000001000000110000000000111000100000011001000000001100100101000110000
1000000010100001000000000000010000000000010001010000010001000100010010000000100100000000101010000000010000010000000000001001011000000001000010010001000100001001000000010010000011010010001100000010100000000011000001000000000000001010100001000111010000100000000110000000000100000000100110010000000010000000110000110100000100000000000000010100001010000000000000000000110000
0000001000000100000001000000000000000000000000000000000000000010010000000001100001000000001001000000001000000000000100000000100100010000000000010010100000000000010000000000000000110000000000011000100000000000000000000000000000001000010001000000000100100001000000000000000000000100001000000000000001000100000010010000001000100000000000000010000000000100100000000110100000
0010000100010000000000011000000000000000000010010000000010010000000001101000000001000000000001001000000001001000101000000000000000010000000000000001000000001100000100000000000000000100000000000000000000000100001000000001110000000001001100001011101000000000000100000101101000000001000000000010000001000000001000010010000100000000000000000000000000000000000000000000001000
0000010000000000001000000000000001000001010001001000000000000000000000000100000100000000100000000001010000000000101010000000000000000100000100000001110000000000000000000000000000000010010000001010000000000000010001000000110010000000010000000010000010001000000000001000000000001000000000000000010000000000000111000000100000000000000000000000000000000011010000010000000000
1010100000000100000110000000100001001000000000000000011000000000000000000000000000100000000000000000000001000011000000100000001000000000100100010001010110001001000000000100000100110000100001000000000101110100000000000000000000100000000001001000000000000100000000100000001001100000000000000010010000000000010000000110000001010000000001000000000000100010100001010010000001
0100010000000010000001000000000110000000100000000000000000000000000100100010111010000010100010100000100000000010111100100000000000000100001001000000000010000010000000000000000000010000000010000000000100000001000010010010010010001000000000001000000000000000000000010101000100000001000101000000110100010000000000111001000000000000000100000100010000010000010100110000000010
0000011000000000010000000000000000000000001100000000010010011001001010000001000010000000101000000011110000010000000100101000100000000101000000001000000001000000010000000000000000000000111000010000000000000000110000001010001000000000100000100000000000010101001000000001000000111101000010000100100000000000000000000110110110000000000000001100010000001011000100000000000110
0000000000010000000000011000000000000110000000000100010011000000100000001000000100010000000000100000000000100000010010000000000011000100000001000100000001000000000000000100100000000000000011000000100000100000000100000010000000000001010000000001000000110000000000000000000000000010000000100000000000000110100100000000100000101000001000000000000000000100100010001100000011
0000100000000000000001000000000000001000000000000000000000010000100000000001010000010000000000000000000001011000000000001000010000000000011011100000001100000000100000100000000000000000000001000000000000001110010000000000000011000000001000000000100000000000000000010000000000000000000001000000000000000001100000000000000100000000000000100000000000000000000010000000110000
0000010110000100010000000110010000000011000100000000001100000000000000100000001000001000001000000000000001101000000000100000001000000000100001000000100011000001010110000000000001010000010000000001001000010000001000000100000101100001000000001100000000000000000010011000000010101000000110000100100000000001000000000010100000000000001000010000100000010011000101000100010100
0001001000010001001000010000000000000100000000000100010000000001001100000000000000001110100000000000000000000000000000000000001000000000100100000000000000001010011000000000000000000000100000000001010001000000000000000100100000000000010000000010001000000000000000000000010000100011001000000100000000000000100000011000100100000000100000010000000000000000010000000000001000
0000000000001010010100010000100000000000000000000000011000000000101101000000000011101000010001100000011111000000100100000100001110001001010001100000100000000000000000000100110000000000010000010010000010101000000000100001000000101000000000000000100000010011000000011000001010000000001000010010010000001011000000000010000000000010001100001000001010000000100001000010000000
0000100000000001000000000000010000000000010000000000000000000000000000100010001000010000000000000001010000001010000000000101000010000100000000000000001100010000000000000000000010010000100000000000111010000000001000010000001110000100110000000000000101010001000001000100110100100001000001000000000111000100000000010000000100101000100110101001011000100000100000101010000010
0010010000000110000000000000010000000100000110000010000000010000001000000010100000001000000000000010000100000100000010000000000000000010010001000000000000010001000010100000000000000000101000000001000001110001010000001001000001000100001100010000001000000000000000000000000000001011000000000000010100011000010001011000100100001000000010000010001000010110000001001100000000
1000100000000000000000000000000001000001010000000000100001110000010000000000011001000000000001001000000000000001010000011000000001000000000011000001000000001000100000000000000110000000000000000000000000001000000100010001000000100000000000000000000001000000000000000010000000000100100000000000000000011000000010000100100000000000000010000000000000000010000000001000000010
0000001010010000001000000000101000000001010101000010000100000000000000000100000010000000100010000000100000000000000000000000100001000000000000000000000000001000001000000000000000000100000000100000000000000000000000000000010000000000000000000010100001001000000001000000000000000000000010110010000000010010101010100000010001000000000000000100000001000000110001000000000000
0000000101000001000000000000000000010000010101010100001000010010001100110000000001000010000100000010110100010000000100000000010000000100010101000000100001010000000000000010000010000000010001101000010010000000000000001000000010000000110001010000000101000010010000010000001000010110001100000001000000001010000000010010000000010000000000000011110010000110000000000000101001
0010000000000000000000000010110100010001000000000000000000001100011000001000000000000000101000000010000000000000000110001000001000000010100000100000000010010000000000000000000000000000000000000000000010001000000000000000000000110001000000000000001100100000010001000000000001000000000000110000000000000000001000000000000100001000000000101000100000000000000000000001001010
0000100000100100000100000000000000100000000001001100000110000010000000000000001000000000000100100000100001001000100010000001000000000010000100001010001100000000000000010010010000000101000000000001001100010001000000000010000000000010000010010000000000001000010111000000010000011001000000000000000000001000000000001000000000000000000000011000000000000000100000000100001000
1000111000000000001000000110000000000010010001001100000100100000001000000010000000000100100000000001001000000100001000001000000000001000000000010000000000100000100010100000000000000000011000001010000010000001110000010011000000010101111000010000010000000010000000001000100001000000100000001001001101001000000000000001000100010000100000000000100000001000000000100011000001
1000000000000000000001000100100010100000010001000000110000000000101000000000001000001000000100001000001010000000000001000100100101000011101100000000101000000000000001000000000010001000000000010000000000010000010101000011100000000100011001010010000010010100000000010000010010000000110000100000000000000000000000000001000100100000000100100000010010000001100100100011000001
0000000000000000000000000000000000010000100000001000000000000010011000001000101101010000000000001010000000001010000100000000000010000000000010000001000010000001010000000001000101000100000000010010000101000010000000000000000000001010000010000010000000000000010010000000100001000010000000100000000000010001000010000000100000100000000100100000000000100000100000000110101101
0000000100011001100000101001000010000000000000000001000000000000100000100000000000000000100000000000010000000000001000000000000000100000101001101000000110000001000010000000000000001100000000000000100000001000000000000000100000100000000000001000000000000100010000000001110000001000000000000000000000000000000100000000011001000100100000000000001000001000100000100000000000
0010100000000101100100001000010100000011000010000000000010001000010001000001010010100000100010000000010100100101000000110010000100000011000000000000000000000000000000000110000110000000001000000010001110100010111100000000000100000000000000110000100000000000000010000000000101100100001010010001110001000001000000100000000000100000000000101001000000010000001000000000001001
0000101000000000001100000000001000000000000001000000000000001000010000000000000100001000010000000001000100000000000000001000000110000000000000000100010001000000000000000000100000001000010000001000000000000000000000000001000011000000000011000000000000110001000000000000010000000100000110001001000000000000000000000100110010000000000000000000000000001000000000000100000000
0100000101001001000010000000000010000010110010000000000000100001000100000000000011000100000000100000000000010010011000000000000100011000001000000000110000000000001001010011000000000000000001100011000101000000000000000000000000010100001001000000010110010100100000011000000000000001000100000000100000000000000000000001000000000000001100000000100001001000001000000000000000
0001000000010010000000001000010000000000000010110000011001001000000011001000100010000011000001100100000101100000001000100000000000000100001001000100000000000000110000001000000100000000000100010001000000000010001001000100000000000000000000000000000000000100100100100010000010000000100000000000001001000000010000000000000000000000001001000100000000000000000100000000000000
1000011100010001000011000001000000100000100100000100000000000010001000000010001000110010000000001000000010001000100000000000000001000001000000000101000000000100000000000000010000000000001000001000000100000100100100001000000000010001000000000000001001100000010010001110000010000000000001100000000000000000000000100000001011100000000000000000000001000100100000010000000011
0000000001000000000100001000100000101000000010000000000000000000000001100000000000100010100010000100001001000000000000000000000000000000000100000111000010000000000000100000000010000100100100000000110000000100001000000000000000000000000000000100010010001011000000000010000000000000001000000010000000000000000000000000000000000001000000010000100000000110000000100010101000
0100010001000000000100000000000010100010010000000001000001000010000000000001000011000001111000001000000100000100000100000000100000000000000000000000000010000000000000000000000000000000000000100000000000001000000000000001000000000000000011000101100001001000000000000000001101000000001001000001000000000000000000000000000000101010001000000000000010000000000000000001000010
1100000010100001000000000001010000010001010000100010000010100101001100011001100110000001000000000000000000001000010000001000101000110000000000000000000000100000000000000001000001000100000110000000000000010100001000001010010000000010000010000000000001011000000010001000011000011110110000000010001000000001000000000000001000000000010000010010000000100000110000011101000001
0000000000110000000110000000001000000000000100010000000000011000001000000100001000100000000000100000000000000101000000001001000000000000000010000000000000000000100000000000000000000001000000000001000000000000010000000101001000000000110000010000001010000000000001011000000000000000100000000000000000010000001100001000000000000010000000000100000000010000000000000000000000
0100101000000010000100000100001010011001000001100011000001000000000011000011000001000000001101100000100000000010100000100000001000000010000000101011000000000000000001001000010000000000000010010000010001100000000000000100100100000001000000000000000000100000001000001000000000101000000000001000000000001101000110000001100010100100100110101001000000000100000000000000001100
1000000000000000000000000000000000000000000000000000001001010000000000000100000000000000000000100010011000001010000010000000000000100100000001001000000000001000001000001000000110000000000000000000000000000000011000000001000000000000000101000000000000000110000000000000010000100000001000000000000000000000000011000001000001000000000000000000000100000000010000010000000010
0000010001000001000100100001000010000010000010100000001001010000000000000000010000000000000100000000000100000000000000000000100000000110100000100000000000000100000100101001100000011000001000000000000001000100000000000010000000000101000110000100000000000100000000100001000111000001000000000000000000000000000101000000000000000010000000000001000000000010000011000000010000
0100000010000001010000000000100000001100000010000001000010000000000000000000000000001000000000011000000100000101100000000000000000000000000000000000000100110000000000001100001101000000100010000000010000000010001010001010001000001101101000000000010000001100000000000000000100000000100100000110000000100000000010000010110000010000000000000000000000000000101000000000001000
0100000010000000000000000000000101000000000100100100000000000000000000000000010000100000000001000100010000011000000000000000100000000100000000000001000000011100000000000000000000000000000001001010000001000010000100010000001001001010000111001010000100000011001001000000000010000000100000000000000001010000000000000000001000100001000100100010000100001000000000000110000100
1000000000000000000000000001001000000000101000000000100000000000001000000000001000000000000010000010100100000100001000001010000100000000010001000000000000010010000010000000001000000000101000010100000100000010000000100000000000000001000000000000000000001000000000000000000001000000001000000000000100001000010100000000000100000000000010100000000000000000001000000000000000
1001000001010000000001000000000000010100000000000000001000000100000000001001001000000110000000100000000001100001000000001011001010100001000000000001000101000000010100000000000001010000000001000000100000010000000000001000000000000100000001000000000000100000000000010000000010001000000000100101000000000100000000000001010010100001010000001000110000000100010000000100000001
0000101010000000001001000000000000010000100000000001000001000000100000000000000000010010001100001100000100000000000101000010000000111010000000001000000000000010110100110010000000000100001001001000110000000000000000010100000000001000001110100000001110010001000001000000000000010000000010000110000000001000000001000101000010000100000010010011010010000000100000100001000000
0000000010010001000001000001000000000000000000100000000000001000010100000001001010110000010000100001000000010100000001011000000000100100101100000010000010000100000000010000000000000000000000010000001000000000000001010000000000010001000000100000010000100001000100000100011000001000100000000010000000010000000010000110010000001000000000000000100000000000000110000000010010
0000100000000110010000000010000010001010100000000000000100100000000000000000000010000010000000100000000000000000000000000100000000001000100101000010100000000000000000000000100000100100001010000000001000001001000000100000100000010000001000001001100000001000000000000000011000000010000000100000000000010010000000000000000000100010000000010100000000010100001000000010000000
0010010000000000000010010000000011100000000000000000001000000000000000000000001100100010000010100000100001001100001000010000010001010001000001010000000000010000010000000011000000010010000001010000100000000001000010000010000000100000001000010001001010101000000000010000000000100100010000000000011000011010001110000100001001000000010000000000000000000000000001000000001100
0000000101000000000010000001010000000000000101000000000000001100000000000000000000011000010000000000000000100000010001000000000000000100000000000000000000000000100000000011011001000000000000000000001100100100100100000000000000000010000000000001000000000000000000100101000001000000100000100001100000000110000001000011000010010000000100001100000000000000100000110000001000
1000100001100000000000000001010000011000011100100000000100000000000000010000000000000100000011000000100100001000000100100001000010010000100000000100000000000100010111001000110000000100000011101000000000000101000000000000100000001000000000100100000000000100100101010100001000000000000100010000000100000000000000001010100001000000000000011000010000010000000000100000001000
