000100000000000010001100000101000000000010010000100000010000
000000110000010000000000001000000000000000000000001001000101
001000000011100000100000000001001100000000011100000000000000
000001010000000000100100010000000000000000000101000000100010
000000000010000001000000000000001000000100000010100000100100
000000000000010000000000000011000100000000000001000010000000
010000000000010000000010100100100000000101000000110000001000
000000100000000000100000000000100010000000001010101000000001
000000001001000010000000000100100100001000100000010100000000
000000010000000100000000000000100000010000000110001110100010
000110000000000000010000000000000000000000010000000010000010
000000100000100000100100000000000010000000000110000001000010
010000100100001000000001010001000000000000000000000001000000
100001000000000010000000000001010000000000000000010010011000
010000000010010000100100000001000000010000100000000000001001
010000000000000000000010000100100001000000100101000010000100
000100000001000000000000000011000010100100000000000001000000
001000000000000001000000000000000000000001000010000001001000
000000000100000000000000010000000000000010000011001111000000
000000000000000000011001000010000001001000001000000000000101
000001001000011000001010000000000000000000000000000000000000
010000000000000001010000000000000000100000000000111100110000
100000100000000000000000010000000000000000010010000001000100
100000000000011000000000000000000000010000000000000001001010
010000010000110010000100011001000000001000000000000000000100
001000100000000000000000000100000011010000010000000000000000
000000100000010100000010100100100000000000100000010000000000
000000000000010000000000000001100000000010100000000001000000
000100000010010001000000000000000010100000010001010000000001
000100010100000011010000001000000010010000000000010000000001
010000101100010000000100001000010000000000000011001001000000
000100000010000000001101000000100000001001000010000001100000
000000010100000100010010001000000000000000000000000000000000
001110001000000100001000000000010101000000000000001100000000
001000000000000000000001000110000100000100010000000000000000
000000000000100000000000000000010011011001100000100011000000
010100000000000000000000000010000001000010000010000000001000
001000000000000000010000101110000000000001100000100000000000
000001010000000001001000000000000000000000101100010100000000
000010010000000000100001000000010000100000110001000000001000
000000000000000010000010000000000010000010010000000000100000
000000010000000000010110000000110000000100000000000000000010
000000000000001000000000001000010000000000100000000100100100
000100010110000000000100000000101010000100100010000000000010
000100000000000000000000000000000010001000010010000000000101
000100000000100000000110000100000000000000010000010010010000
100000000000100000000100000001000000000000000100000000000100
000001000000000001000100100100001000110000010001000000000000
010100000011010000001000001000001000000000000000000010000100
100010100000000000010000000000100000000000000000000000100000
000100000010000000000000011000000000010000100001000100000100
000010000000000100100000000100000000000000000100000100000001
000100010100000001000000000000000000001000010001000001000000
010000000000000000000000100001000010000000000011000000000000
000000001100000001000000110000000000010000101010100000000000
010000100110001000100001000010000001000000000010001100000000
110000000000000001000000000100011001011000000000010001000100
000000000011000000000011010000000000010110000100000000000000
100100000100100000100000000000001000000000001000100000000000
100110000000000000000000000000000100000010000010001000000000
000000000011010000000000001000001100000000101001110000000100
000000010010010000100000000000000000100000010000000000000000
000100000000100000100010010010000000000000000000010000000000
010000001000001110001001100100000000000000000010000000100100
001000000010000010000000000000000000000000000000011000000010
000000000100000000000000100000001000000000000000110001100000
010000000000000010010000000000000000000100100000001000001000
010000000100000000000001000000000000010000100101000000001000
010000000000110101000000000010000000000001100000100000001000
010001000000000000111000010000000101000010000000100010010000
000000000001101000010000000100010001000000000001000000000000
000100000000100001000100100000000001001100000100010000000000
000001000000000000011000101100001001100001000000000000001001
000000000010001000000000000100000010000000000110001000100001
000011000100010000001001000000010001000000000000000000000100
000001001000000000000000000001000000100000001000000000000100
000001000000000010000011101001001000000000001100001001000000
000000110000001000000000010000000100000100000000011000001000
101000000000100010000000000000000010010001000000010010010000
001000000000001001000001000010000000000000100000100000001100
000000000001000100000001011100010000000001010000001000010000
100000000010101100001000100000000000000010000000000000000001
000001000000000010100000100100000100100100000001000010001010
010000010000000000000000000000000000100000000000000001000011
100100000000010010000010000010100001000000010010000001000100
011001001001000110000000000000010000000000000000000000100100
000001001001010010000001000000000100110000000100100000010000
000000000011000000000000000000000101000000000000001010000000
100100000000001000000000100001000000000000010000111100000000
000100001000000000000110001000000010010000100000010011001000
000011000000000010001001000001010010000010000001000010000100
000000000000100100000010001011010000000100010010000010000000
100010000001000010100000000000000100100010000010000000010000
001000000000010001000100001000000000000100001110001000010010
000000000000000000001000000010000000000000000100000011000010
100100010001000010000000010000000000001000010000000010000000
000000110000000010000100100010001000000001000000110010001000
000000000000000010000000000000001000000000010000100100100000
000001010001000000001010000001000000000000100000000000000100
010010000000000000000100000000001000000000000010000000010100
