00000000100010010000001100000000000100000010001000000000010000000100000000000010000000000000000000000000000000000000000010000001001010000000000001001000000000000000000000100010010001011001000000000000
00000000000000000000100000000001000000000000000000000001000000001000010000100000000000000000010000000010000000000000000001010001010000001100000010000000010000000100100000000000000100000011100000000000
00000010100000100000000000000000000000000110010110000000000100001000000100001000000000000100000101111000000001010000101000011010010110000000000010000000000100000000000000010010100100001000000010000101
10000001000000000000100000000000000001000000000000001001000010000000000000000000010000110000000100000001000000000000000000010000110000111000000000000000000010000000010000000000101000110010001000000000
00000000000000100001000001100000000000000001000010010011000100010000000000100010000000000010000000000000000001100001001101000000000000001000000000000000100001000000000100000000000100001000001000110100
01010001100010000100000001000001000000000000000111001000000010110000010000000010110001000100010101010100000000000000000000000001001100000000000100000000000100000000000100000000000000010001010010001101
01111010000000010000000010001000110001101010011000000101010000000000001000001000000000000000000000000100000000000010001000000000010000001010011100001001010000000000000000100000001000010000000000100000
10000000000000100010001000100000010001000010100000010110000000000100000000000000000001001010001000100100001001010011100000000100110010000000000100100000011000000010000000100001000001000001100001000000
00000100000000000000010010001100001100000010010010000000000000000000001001110000110000000010000000100000000000001001000101100000000000000001000000100000001000001010001000000000000100010000010000110010
00101010000011010000000001000000000001011000000000110000010000000000000000000010001100101000000000000000000000101000000000100010010100000001000110100000000000000100000001010000000011000101000111000010
01000000000000000000000000001000000010000000000110000001000100010000000000000000000000000010000100001000000100000100000001100000000000100000000100001001001100011000000000000000000000000000000000000010
00001000000000000001000000000000000000001001100001100000001010011010001011001000100001000000000100000000100000100000100001001000100001001000110000100101000011010000000000010000000001000000000001000000
00010000000000000000000001001001000000000000000000101000000000100000000000000011100000010000000010000000000010100000001000000000000000000000000010001000000000000000000001000000000000000000100010100000
00000000110000001000010100000000000001000000010010000000000000000000010100100000000001101000000000111010011100000001000100000000000010100000101010001000110010000100000001100001000000000000110000000000
00000010000000010000000001100010000100010010000000001000001000100010000100001000000100001000010110000000111000010010010010000100000010011000010100000000000000000000000001000010001011001010000000000010
01110001000000101000000101101000011000000000000010110000000000000000001000000001000001000100000000000000000000000010010000100000100110101000001000000000011000110000000000000000100000110000000101001001
00010100010010000000010000100000000000000000100000000001001000000000000000000000000000000011000010000100000000000000000100000100001000000110000000000000000010000000000000000000000100100000000000000010
00100000100000000000000010000000010100000000001010010000000010101000010000000010101000000100000000000001000000000010000000010000000000000010000010000100000000000000010100000000000000000000100000000000
00101001000000101000000000000000100000000000010000000000000000000010000000011000000001000001110000110001100000100010000000000000100000000001000001000000001000000100000000000000000000000010000001100010
00111001000000000000000000000100000000000000000000000100000000000100101110000000000000110000000000100000000000000010000010000000000000000010000100000000000000000000000000000000000001001000010000000000
00000000100000010000001000000010000000100000000010000000000000000011000100100000000010000000000000000000000000010010000000110000000000000000000000000010000000000000000100000000101000000000000000100000
00000000001001000000000000100000010001000001000000000001101010001000000000100001100000010000000010010010000000000000001000000000100010000110000000000000000010000000000000000000000000000000000000000000
00000101000100000000000000000000100000001000000000110000000000000000101000000001000000000000101000010000001000011100000000000000110000000000010000100000000100101000000001010000001010001000000010000000
00100000000000010000000000000000000000000010001000000000000010000000100000010000000000100000000010100000100000000000010010000000000000000000000010000000000001000001000001000000001010000000010000000000
00000001000000010100000101000000000000000000000000000000000000001000001001000000010000000000000011011001100100001000110000100000100000111100000000000001001001000000000010001011110011010000000001000000
01100000100000000100000000000000010000000000101000000100101000000000100001000000000000000010000000000000000011000000000100000100000000000000010000100000100000100111010000000000101000000000000100000100
00000000001000001000001000100010000110100001000010000010000010000000000001000000000000100000000100110000000100010010000100000010000000000010010110000000000001000010000000010100000100010001001101000000
00001000000000100000100010100000000000000110000000001000000010001001100000000000010010000000000100000010000001100110000000001010101000000010000000000000010000010000000000001101010010000000001000100000
00000000011110001001000100000000000000000000000000001110000010000000000000000000000010000000000010000100010011100000001000010000011000001000000000010010000000000000000000000100100000010000000100010000
00001000010110100000000000000000000100000100001000000000000000000000000000000000000010100000000010000000000100000001101010100000101100001000000001001000100001000000100000000000101100000010001000010000
00001000010000011000000000001000100000010010000000001000000000100000001000001010000001000010000000010100001000010000001010000100100000000000011000000100000000100000000001000010010000010000001001010000
00000000000000000110000000001000000000100000000000010000000000001000011000000010001110000000000011010000001000000000001000001000000100000000000000000000000000001000000100010001000000000000110001000000
10000101000000000001010000000000001001000011100000010000001000010000000000010000000001000000000000101000001110000000000000000010000000001000000000000010000000010000000000000000000001000100000000101001
01001110110100001000001110100000001001000000000110000000000001000000000100000000000000000000000000010110000010001101110011000000001000000010000000101000000010000000000000000000000000000000000000000000
00000000000000001010000000000000000000100001001010000000010000001000000000000000100000000100100100000000000010000001010000001000001000000000111000000001000000001000000000010000000010100000000010101000
00100100000010000001010000000000000010100000000000010000000000000000000000000000000000100000010000000000000000000000000000000100000110000000001000000000000000000000001101000001000000011000000010110000
00000001001000100000000000000010000001100000001000000000000000000000000100000001000000000000010000000001000000010100010000000000000000100000000100000000001000000000110000010000000110110100101000000000
00000000000000000000100000000000000001000000000000001000100100000000100000000000000000000000001000000001000000000000000011000100011100000000110000100000000001010000000111000000000000000000010001100000
00000110100001100000010000000110000000011100100000000000010011001010010000100000000010000000000000001000000001001100010001001001000001000000000001000100101000010000000000000100000100001001000000010000
00000000000001000100000000100100010010001000000000000001100000000000000000000000000000001000000001000000000000000000000000000000100001000000000000100100000000000000000000000001000100001000001001100111
00000000000000010011001000000010000100000000000100001000010000100000000000000000010010000010000000010000000001000000000000000010000000011000010010000010010011011010000000000100000000000000000000000100
00000000000000100000100000000000000100000000000000101100100001100110000000001001001001001000000000001010000000000001010101000001000011000000010000000001000001000001000010001100000000100010001000000001
01000000000000000000100001001010100000000000100001000000001100010000000000000000100001000010000000000000000100000101010010110100000000000000000000000000001010000001000000100000001000000000000000000001
01000100000110100000000010000000100001000001000001001100000000000000000010000100010000000000010000110000000000000000000100000000000000110000010000100000100000010000000100000010000000000000010000000000
00000001000010010000000010001001000110000000000100100001000000011010001000000101001000000000000000000011000000000100010000001000100011000010100100000000010000000000000000000001000010101001000111000110
01000000000100111000000000001000001010110000000001000000000000001010000000000000101110100000000000000011000000100100000100000000000000000000000000011000000001000001101000100101000000000000000000100000
00000000000000100100000100000010010000000000001001000000000001000000010100000000000011100000010000000000100100011001100000100000000001100000000010000000000010010000001000010010100010000011000000100000
00000010000000000000100000001000000010100000001100000000100001000000000001000000011011000000000000001100001000100010001000100000001001000001100110010000000000000000001010000000100000010100001000000000
00100000000000000000000000100100000010000100000000000100001110000000000000000000010000000000001111000000010000100000000000000000001001000000000000000000000010011000000000000000000010000000000010000000
00010100000000000100000100000000011000010000000000000000001000000000000010000000001101000000000000000000100100000000010000000001000001000000000000000000000000000000000001000000010000000000010000000000
00000100000000100100100100000100010001000000000000000011000000010000000000000000000001000000000000000000010000100010000000001000000000000000001010000000000110000000000000000000000000000001000000010001
10010000100000100000000001000010000010000100000000000100010000000001100000010000000010000000001000000010000000000001101000010000001000000000000000010001001110000010000100000011010000000010001000000000
00000010000000000000000100010000010000001000100000010000100000100000010000010000010000000000000000000100000000000000100000010001000000000000000000000000000000000000000010010010001000001000000100000000
01010001000000000000001000000101110000000010000000000011000010100000001100000000000100101010001011000110000010000100000000001000000000000000000000000000000000000000000010000000100011001100000000000111
00000000001010000000000000000000000000000000000010000001000000000001000010001001010010000100010010000100101001101001000000001001000000000100000010000000000000011000000100001000001000000000010000000000
00011000100000000000000000000000010000000000001000000000000100001001001000000001000000001100000000000010001010110000000000000100000100000000000010010000000010000000010000000000000001000010010001000100
00001010000000110100101100100000000001010100100000100000000000110101000000000010000000110010100000000000000000100000100000100000000000000000001100001010000000000110000100010000001000000000000000100000
01000000000000000000101000000001000000000000000010000010001000000000001000000010101000000010010001110000010000001000000000001000000001001100010100000001000010110001000000001000100000000000000100000010
10000100101010100000000000011001000100001000110001001000000100000000000010100000001000010000010000010010100101000000000000010001000001000000100000001001010000000000000010000000001000000000100000100000
00000000000010000000010000001100010100010010000000000001000000101000000000010000010000000000100101000000010010001000011000000010100110000000000000010100000000100000101000100010000110000000000010001000
00000010000010011001101000000000000000001000110100000100001000000010100100000001010100000000000000010000001000000001010000010000000000001000010010001000010000000000100111001000001001001001000010000010
01011000100100000000100000000000010100000000000000000000000000000001000000000001001001100000001000000001000010100000000000001000000000000001000000000110000000000000000100000000000010000001000000000000
00010000000010010001000010000000000110000000001001010000010000000000000010000100000000000010000000000000001000010000000000100100000000000010000000000000000000000001000001010010000010000000000000010100
00010101000000100001101100000100000000000001000000010000000011000000100000000000000000010000100000000000000000000010000010000000000010000000000000000000000000000000010001110000010101111000000000101000
10000000000100000000000010000010000110000000000011000010000000000000000000000010000000010010000000000010000000000100010000000010001000000100011010000000100000000000000010000000000010000001100001001000
00000100000000001000000000010000000000000100000000000000000000000000000000000000000100000100000000000000000010010101000000000000000000010000000000010110001001011000000000001000000001010000000000000000
00000100000000100000000000010000000100100110000000001010010010000000010101000000000010000000000001000000000000000000100010100000100000100010010000011010000000000010100000000000000000000000000000001100
00000010000001000000010000010100000110000000100100100000000000000000000000010010000010000000011001000000010000010011000000000000100000010000000000000000001001000001000000000000101000000000000000000010
00000000001001000100100110000001000000000000010010000001100001000000000011101000000010000110000000000000000101000000001110000011100000100000010000010001000100000000000000100010000000000000001000010000
00001000000000001000010000000000000000000100000000000000000000000000000000000100000000001000000000000000000010101000110010100000000011101000000000010000000010011000101000100000000000000000000000000000
01000000000000101000001000110000100000000000100000000000000010000111000000000000000110000010100000000000000000000000100000010000001000000000000100000000000101000000100000000001000000000000000001100100
01000000001000000100000000000100100000000000000000000000000100010000100000000000011001001000101000010000000000000000000000100000000010000000000000000000000001000001000100100000000000000000000010100000
00010000000000000010000000000000000000000000000001000000010011000000000010000000000000000000010101000010010000000000000000000010000010000000000000001000000011000000100100000000000000000000001000010001
00000000110000000000000000000100000000000000011000000001100001000000101010000001010000000000000000000000001000000000011000000000000000000010100000100000010100000000101000000000000000000000000000100000
00000000100001000001000000000000000010010101100000100000000010000000000000001000100000001001000000011000000000000000101001000000000000101100000101000100000000000000000000000000000000000000000010001010
01000000001100010010010000001000100000100000100010000101001001001001101000000000000000000100000001010000000000001000000000000011000001010000000000000000101011100010000000001000000100000011101000001000
01010001001000101001000000000000000000000000000000101000001000100000100000101100001101000010000000001000000000010010010000000010000000100000010000100000010000000000001000001000000001000000100001001000
00100000010000000000100000000100010000010000000000000001000000000000000000100011101000000000000000000000000010000000000000001000000101001001000011011000110001000000000000000001001000000000001010000001
10001001000001000000000100100000000001000000100000000000001100000000010000000000000000000000010100000010011000000001010100001010001000000000000000000000000000010110000000000100010000100000010000000011
00001010100001100000000000000000000000000000001000000000000000000000010000000001001101000000001000001010000000000000001000000001000000001000000010000000000000000000000010000100000000000000000000010001
00001000000010000010000101100010100000000000000000100000000100000000010100000000000000000010010000000000000000000000000100000000000000000000001000101010000100010010000000000000000001011000000100010100
00000100000000001001000000000100000001000000010001000000100000001000000000100000010110100000000000000001010000010001000000100001000010000100000100000001000000000000100000000001000001000100100000000100
00001000100000000000001000000000010000010100010000000001000000000001000100000000000000000101001000000001011000000000010100000000000000001000100000000000001110100001101000000100010001101100000000010000
00001100001000010000010000000000000000000000000000010000010100000001000000010000100001000010010000100001000000000000100000010010001000000001000000001000000000001000100000000000010000010000000000000010
01000001000100011000010100110000000000000000000100000010000000001100000000000000100100000000000000100010001010000100100010000010000000000000000000000000000000100000001000000001001000110100000001000000
00110001000000000000000000110000000000100000000000000000000000001000000010000000000000011010010010000000000000000000000000000000000100000001001000100000000010000100000100100000000000101001000010000000
11000000000000010100000000100000000000100000000011011000000000010000100000001000010100100000010000111010000000010000000010000001000000000000010001000001101000100010101000100000000010000000010000000010
00000000100010000010001101010000000000000010000000100000101000000000100010100000000000000101010000100000000101000000000000000000100010110100100000000001000010000010000101010001000000000010000000000000
10000000000001000000010000000001000000000001000000000000000000000010000000100000000001000000010100000000000000000000100000001001000000100000000100000000000000000001000010000100110000001000000000000000
00010110000000000000000000100000101000010010110000000100000001000010100010010000000000100100101000111010000000100001000000000000000100000010100000000100000010000001010000000000000010000100000010100010
00001000001000010100100010000010001010100010000000100000000100001000000001001001000000001100000000000100000000000000000000100010000010000000000000010000100010000100100000000000000000000001000100100000
01010001000000001000000000000010000000000000000000010000110000000010100000000110101001001010000010000000000000000000001001010000010000000000010001000000010000000001000000000000010000000000010000001010
01000000110000000000000010000000000100000000000010000100000001101101001100000010000000000100000000001100000000000001000000000001000001100000000011000010001000000000100010000100001011000000000001000110
10000011000010000100000000000001000000000010000000001100100010000010000000001000001000000100100000110010000100000000000000000000000000000000000000000000001000000000010000000110000000000001000010000000
00000100001001000100101010100000000000000001010100000000100000100000000101010001000000010000000000000000000000000000000000000000000110001000000001000000010000000000000010000100100000000010000000001000
00000000000000000100000100000000101000000000000010000000000000010001000000001000000000101000000000000000000001010010000000000000000000011100000100001000000010000000000100000000000000100000101000000001
01000100000000000000000100000100000010000000000001000001010000000000000100100001000000000000000000000001000010000001010011000010100001000000000000110000100010000000000010001000001001000000000000000000
11000001000000001000001000010100000000000000000000100000000000000000000001100000000000000001010010000000011000010000110010000100000000100000000000100100110000000000000000000011000001000100000000000110
00000100100000000000001010000000001000000000000100000000000010000000000000000000000000000001000000000000000000100000000000011000000010000000000000000000100000000001010000000001100100011010000000010001
00000010100000000100000000010000010000000010000000000100001000000000000010001000010001100000010000000000000000100000110000001000000000000010010000001010000000001110110000000000000000100100000001010000
