0000001000000000000000000000100001010000110001000000011000000000000101000000000000010000000001000000000000000000010000010000101010
0100100000000000000000000000010010000000000100001010010000000000110000100000000000001010000000000000000000000000010100000100000000
0001000000000100010000110000100010000010000001100000000000100000001100000000000001101100100000001000000100000010100000010000001010
1100000000000000011000010101000000000000000000100011001010001000000000000000000100100001000010000000000011110000011000000110000010
0001000001100100001010000000000001001000000000000010000100010001000000100100000000101001000100000000100010010000100010000000001010
1000001010001000000000000010000100011000010010000000000000000000001010000000010101010001000000000001000100010000010001000001000000
0101100000000010000000000000000000100000000000000001101100100000000000000010000010011000001001000000000000000000000001000110010000
0001000000000010011000000000000010011000000100010100100000001000000000000010000000000000000101000000001000000000100001011000010010
1000000100000100100000000010000000010000000000000100100001000100000100000000100000100100001101000000000011000001000000100010110100
0000000000101001000000010101100000110001100000001000100010000000000000001010000110000000000000000000000011010000010010010010010000
0000010000001000000000011000001000000100110100000000000000000001001000000000001000101000010010100110000000000000100000000001100000
1001000110000011000100000101000010001101000000010000001000001000000000000000100100000000000011000010000000000000000100001000000010
0000000000001000000000010000000010000010000000100001000000010001000010000010100000000100000100001000000000000110000000001000000000
0000000001000000000100001001000000000000000001000000000100000001000000000000000000100000000100100001000100000010000000000000000000
0001000000000000000010001000100000010001000000001000000100000000000100110000000000000000000100010000000001000010000000000000000000
0000000010000000000100000000000010000001000100010000001010000000000000010000000000100000000000000000000000000010000000010000001000
0000100000001000001100000000001000000010010000000000001000001000000000001010000000000001011000000001000000010000101001001000000100
0000000001010000000100000000000000000000000000000000000000000000000010000000100010010000000000101000000000010010000000100100000100
0001000000000000000100000001000100100110000000000000000000000011011000110010000010001000100000100000010010000000100000011000000001
0000000010000001100000000000000000000010000000100000000100000000100000000010100000000110000000010100000000000010001010000000100110
0010010000000000000100010100000000000000000000010010000100100100001000110000000001000100000000000000111010000000001000000001000000
0000000011001000000100000001000101001010000000000000001010000001010001000000000101000000100000001000000000000010000010011000100000
0000001000001000000000001000000000000000000000001000001010000000000000000000000010000000000000000000000000000101000100110000000100
0010001001001100000010000010010100000000010001010000000001010010001000110000010000000001000000000000000000000000000000000000010000
0011000000000101000001010100110000010001000000001000000001000010000011100100000000000000110100001000001000000100000100000000000001
1000000010100000000100000101110010000000000000000000100000010010011000000000000000101110000000100000000001000000000000100000010010
0010000000100100100000000000000000000001100000000001000011010001000000000000001000000000000010000000000000000000000001000000000000
0110011000000010000000000100000010000000010100100000000000001101000100001100001000000000000100010100000010100010000000000000000000
0000000001000000000000001000000000000000100000000101000000000010000000000100000000100000010010110000000000000100000000000100000000
0000001000000101001000100100000000100000000100010011100000101000100000000010000011000000000000100001001000000100000100000000101001
0001000000000000000001000000000100000000000000000000000000010000000100000100000001000000010010000100011000000011001100000100000000
0100000000001001000000100000001000000000000000000000100000100010000000010000000000000000010010000000000000001000000000000001000001
0000010000010000010100000000000000000000000000000000000010001001100000000000000000000000000000000010101000000000010100000010000000
0010000010000000010000000000000110000000010010100000000011000010010000000000000100100000000000100100000010000000000010100001000100
1010100010000000000100000000010000000000000000000100100010010000100000101000000000000000000000100100000000001110000011000000000011
0100100000001000000010100101100000100001001000000010000000011000000000000000010001000000000001000000010000000000000001000000100000
0000000000000000000100001000000001000100000000000000000001000000000000010001001000000010000101000000010000000000100010000000000010
1000000100100001000000001000000000100000000100000000000010000000000010100000010011100000010000100000010101101000000000101000000000
0000000000000000000001010000000000010000000000011000000001001010101000100000000000000100100000001000100100000000000000010101100000
0100101101010001000000000000000000000100010000100000000000010001000000000011000110001010000000011010001000010000000000000000000000
0010000100000100000000100010000000000000001000110000001000000101100100000001000000110000000001000000001010000001000011010111000000
0000001000110000001001000000011000001000000000000100010010000100000000000000110000001000001000000100001100100000001000000000000000
0000001000000110100101000001000000000000111001000110010100000000000100000000001010000100010000000000001000000000000000100000000101
0101101000010000100100100000000000000001000000010001011000100000000001000000000100001100101000000000000000010100010000010001000001
1110000000001000000000000000001100100000000101000000000000000011000100100000000001001001011010000100010001000000000001000000000000
0000010000000100010000000010010001000001000000010010100000100000001100000100000000000000000010000001000010000000001000110000010000
0001000000000010000001000000001000000000010100000101000000000000010000000100100000000011000000000110000000000000010000000100000000
0000010100000000001000001000010000000000000010000000000010001100001000100010000000000000000000101010000001000001000000001000000010
1000100000000000000001000001000000010000000000100100001001000000001000000000000001000000100001000000000000000000000000000000110000
0010000000000000100000001100000000000010000000010000001010000100000000111011000100000000001010000000010000000001000100000000000000
0000000000001010000000000100001010000001010001000110100000000010000001000101000000000101000000010000010001100001000001010001000000
0001000001000000001000000000000001000000000110001000000000100100000001000000000000001001100000000000001000000100101000100101000000
0000000000000000010000110100100000000000010000000000000010100001000001100000001000000001000100100001000000000000010000000000000010
0010100001000000000000000100001001000100000000000000001100000001000000000001000000000000000010000101000000000000000010010000001000
0010000000000001001000000000000000000000000000000000110000000000000101000000100100000000000010000000000000000000000000001001010000
1000000100000000000000000100010010000010010001000101010010001001001000100000000010000100000010000000100100010000000000010000100000
0010100110000100000000000000100000000000000000000010000000001000000000000000000000001101000000001000101101011000100000010000000001
0000100000001000000000000000010100001000000010000000100000000110000000000000000000000000101000100001011000000000110011001101001100
1000000000000010000100010000000001000010100000010000000000000000000000000100010000000000000001000010000000000010000000000000101010
0100000000001000000000000000000001000100100000101010000001000000010000000010100000000000010000000000111000000000001001010000011000
0100110000000100000100011000100000000101010000000001000010100000100000000000000000000000100000000000000010100000101110000000000000
0000000010000101100001000000010100000000100000000100000000001000000010000000000000000000000000001000100000000000000011110000000000
0000000000000000000010000010000000000000000000000000000000001001000000011000000010000010001000000000000001000000000100010000000001
0000000000000000000000000000000001000010000000100000000000000110000010000001001000000000100010000000001000000100100000100000001000
0000000010000010000100000010010100100100001100000000010000000000010000010000000000000000000100000000100001101000100000000000000000
0000000000001001101100000010000000000010000110000000001001000000000000000010100000100001000100000001000000000010100010000001000000
0000000000000000000100000000000010010000000000000001100010000000100000000000000001010010010000000000100000010000001001000000000000
0000000010000010100000100001000010010100000000001000000000000000110011000000010000100010000100000001001001010010100000000101001000
0000100001001001000000010000000000010000000000001000010100010000000101000000000000100000010010000000000010001000000000010000000000
1000000000000000100010000001000000000010000000000010000000000000000000101000000010100000000000000000100000000000000010010000000010
0000100000000000010000000001100000000000001000000000001100100100000000000000000000000000101000000010000110000000010000000001000000
1100100000101000011000001000000000000000000001100000000000010000010010100110110000000010000000000000010000100100000010000000000000
1000000000000000000001010000000000000000000000010000000000000000010100001001000100000000000001000000000100000011000000010000000000
0100000000100010000010000010000000101100001011000000000001000000100000000000000000000100000100101000000000001000000000010000000001
0000100000000000000000001100000001000000101000000000100000000000101000000010110010000010000000000100000000000000000000010000010000
0000001010000101000000000000001000000000110010000000000100000010001010001100010000000001100000000000100000000000000000000100000001
0000010110000010010000000000000000010000001000000110000000000010000001101001001000100000000001000000000100000000001000010000000000
0101101000000100000000000100100000000000000000001000000000010000000000000010110001010000000000000000000010001010000010000000100000
0000000000000000000000000000000010000000000000100010000000010000000001100000000000000010010000001000000000100110000010000000000100
0000000010000000000000001011000000000000000000000100000000000100100000000010000000000001000010000010000000110000000000000001000000
0100101001010000000000000001000000000000011000000100100000100000010000000010000010000001000000000000010001000000000000001000000111
0010001010110000001000000000000100000000001000001100000000000010010100000010000001100000101000010010000000100100100000000011010000
0010001010000100000000101000000001000000000010100000000000000000000010000000000000000100000011000000000010000000100000001000000101
1110001010000000001010000010100010000100000001010000101000000011000000000001000000000000010100000000000000000000100000000000010000
0000101000010000000000001100000000010000000000001000001100001000000000000000000000010000010000010001000000000010000000110010000000
0000000010000100000000001100000000100000000000010000000100000000000000000100010000100000000000000000001000000000000000110000000000
0000100001000000001000100100100000000100000001100010000000000000000000011111000100010000100001100010000011001000000000001010000000
0010000000000000000100000000000110000000000000000000001000000010000000000000001001000000000100000000101000101010001010000000010000
0000001000000000000000000100000000000000000001000001000000000000000000000100000100001101000000000010000100000000000000000000010001
0000000000000001000000000011100000010000101101000000001110000000000100000000001000000000100000000000000000000100001000000001100000
0000100100001000000010110000001001000001110010001000000000100101100000000000000000101000000100010000000010000000100000001100000010
0101000000100100000010101000011001000010100100100000000101000000000000000000001100001100000000000000000000100100001000000000000110
1000000001000000000001000100000010000001000000100001000100100000100000010000000000100000000000000000000100010001001000000000000000
0000000000000010010000000100010000000000000100000000100001100010000000000001000000000000001000001010001100011000000000000000100010
0000000100000000100010010000001100010100000000000000000010000001000000100011100101000101001000101000000000000000100100000000000000
0000100000000000000000100000001000100000000000000000000000000001000000000101000000100000000000010000000100110000000000000000000010
0100000000000000000000011000010000000000010000100000010100000001000100000100000001001000000001101101000000000000001101000000000000
0000100000000010000011100000001000000010001000010010000001010000000001111001000000000000001100000000000000000000000000000100001000
0010000000000001011000000000000000100000000100000000000000000001000000000001000000010000000000001000000100010000000001000000000101
0000000000100001000011000010010000000000000011010000000001000000011000001001000000000010000000000000000000000000010000000000001000
