000000000101110000000001101001000000010000000100000010001001000000000000000000101000010000001000100000001110000000000000000100100010000100000010001000001001001000000001000000101000000001001000011000000001000001011001000001000000000000000100000000000110000000010000000001000000110000000100000001001100110001100000100001000011100000000001000000000000000001000000100101000010000000000000000001000000000000000100000000000000100000010000000000010000001000
000000000000000000000010001000000000000100000000101101100100100100100000000000000000000000110000010000000000000000000010000000001001100001000000001000000000000000000000100000001101100000100101000000101000000000100100000001010010000001000001000000000000001000100000000000000000100010101000001100010000100100010001100010000000000000001001000000001010111000001001010000000010000001000000000010001000001000000000100000111001000010010000000000000000000100
100110000000000100000100001010000000000011000100000001010000101000010100000000000100000001101000010000100010000001000000001000000000000000000010100010000100010000000000010000100010000000101000000000000000000000000000000100000000000000010000100011000000000001001000000100000010000000000000000010000000011000000001001010100001010000000100000000000000001000000000100001000010100100000000100000100110100101000000001000011101101100001000000000000000100001
000000000000010000011100000000000000000000010000000000000000010000010000000000000000000000000000000000100010100101001010000000000100000000000001000001000000000001001100100000010000000000000010000000001101000010000000000000100010000000000000010000100000001010010000100000000000000000100000000000001000000011001100000000000000010000000000001010000000010000000000000000010000100010000000010010011010000000000010000000000010000100000000001000000000000010
000000010000000000000000000000000100000010010010000010000000100000000000100100000000001010000010000100000000000001000100001000010000000010010010100010010000110000000000001000100000000000100011000000000000000101000000000000000010000000010101110101000010100000000001101001100001010000111100000000000010000000010100000000001000100001001000000000001100000100000000110000000000000001011000010000000101001000001000000000000100100001000000000000000001000000
000000000100000000000100000010010000010000101010000000000010000000000000000000000000000000000000000110010001000100011010001000000000000000001000000000000000010000000000010011000000100000000000010001000100000000000000000000001000000000010000010000010110000000010000000001000000001011000000011000000000000100100100010000010000000000000010000000000000000010000000000000000000000110000000101100001000000000100000000010000000100001100000001101000110000000
001000100100000000000001000000000000001000000000010000000000000010110000000100001001000000000011000000000000000000001000000000101101000000100000000000000000000100000000000110000000010000000000000010001010010010001000110000001000000000000011000000010010000000110000000100000000101010000001000100100000000010000100001000000000000100100000000010000000000000100010000000000100000000000000000001010010000011000000000000000000011000001100000000000000010001
000110000000101000000000000000101000000000000000000010010000000000000000001000000001010010100010010000010001001100100000000000000010010000011100010000000000110000010000010100101000000000000001000000000001001001001100000000000000000000000100001110000000000000100010001000000100000000000000000000000011001000000001000100010011000010100000000010100000010000000100000000000000010011000010000000000000000010000010000000000000010000000000000000000000000000
001000100000000000000000000000001000000000010000000000000000000000000000000000000000010000000010000001000000000000000000000010000000001100000000010000110000100000001000000000000000001100000001000100010000000010000100001000000000100000000000000100000000000001010001000000001000000010000000000000000000000000010000010000000000010000000000000000001000010000000100000001000000000001000000010000000000010000101000000000000001010000100010000100010110100100
000001111000000000110001000101001000000000000001000000000010001000000111000110000000000000100000000011110000000000010000000100000000001000100110010000100000000000000000010100000000100000000000000100100100000000010000001001000000000000000001000010001000000000000000010000000000000000100000000000100000100000010000001100000000001001000000000000000000001011000000000000000000000000000100000010000000000000010000010000001000000000000010100010000001000000
100000100000010100100000000000100100001000000000110100011000001010000000000000010000001100101010001000011000100000001000001100001100010100000000000000000000000000000100110100000010011100100000110010000001000001000000000100000011110000000000000001000100100010000000000000010000001000000010001000100100000000000010000000001000000100010000010010101000000100000000100001000000000000000100000000000010001000000000000000000000001010001000000000000001100100
000000000000100010000000100100000000101000000000001010000000000001000100000001000000110000001000000100000000000100001001011000000000000000000000000110000100010000000000010001000001000000000000000000000100010000000000010000000000001000000000100000000000000000010010000000000000000101000100001100000110000100000101000000011000000000000001000000000000000000000010000000000100000000100000000000000000100010000000000000100001000000000000100010000000000000
011000100000000001011001100010000000000000000000000000000010000000000000000000000000010001000000000000000100101000000000000000010001000000010000000000100000001000000000001001000000010000000000000000000000001000000000001000000100000000000000010000000000000000000100000100010001000100000000000001100000000100000010000100000000000000100000110010000010010000000001000010001000000000000000010000000000000000100000000000011010000000000100000100001000000000
010000101000000000000000000011000000001000000100000000100000000000100000010000000010000000000000001000000000000100000000000000000001110101000000001100001100000001000000010000000001000000000000000000000010000000010000000000000100100000000010001001000100001011000000000000000000000000010000000000001011000000000000000000000000000000001000000001000001000000100011000000000100000000000000000000010000000100000001000000100000000000000000100000000000000000
001000000000011000000010000010000000000010011001001010001011010001000000000010000000000011100010000001010000100000100000000100000000000000010000000000000000100000000000000000000100000000000000010000000100100011111001000000000000000000010000000000000000000000100000001000000000100010000000001000001000000000000000000100100000000001000000100001110011000000000000100000000000000010001001000000000010000010110000010000000100000000010000000000000000001000
100000000000110000000100000000000001000000000000000010001000000000000000000000001000000010000000010001000001100000010000010000000000000000000000000000000000000000000000100001000001000000000000000000001000000000110000000000100000010000000010000000100000000000000000000101000010000000000000000000000000000110000000010000000000000010010000000010000000000000000000100010000000000000010000000101101000000000000100000010000000000000000000100000000010000010
000000000001000010000000100000001000100000000001001000000000010000000001100010000010000001100010010010010000000000000000000001000000101101100001011010000100000000000000010001001000101000000110000110010001000001000000100100010000000000000001000000100000000000000000000000000000000100100000000000100000000000001000000000000000001100000000000000000010011001010100010000010000000000000000000000000100000000001000001101010000010010000010001000010000000000
001000000100000000010010000000000000000000000000000000000010000000000000000010000000010000000000000000000010000000100000000000001000010000011000000001000010001000000000000000000000000000010010000000000000001000000000000000000000100010100000110000010000000000000000010100000000000000000000000001001000000000000000010000000001000000010000000001000000000000100000100110000000101000001000000010000000000000000000000010101000000001000010001000001010000000
000000000001001000010000000000010010000000100000000000001000001101010000000000000000000000000000100100001010000000000000000000001001000010000000011000000010000110000000110000100001000000000000000100100000000000000000000000001000010001000000000000000000000001000010000000000100000000110100100011010001000000000000000000000000010000010000101000110000000000001000001000100001000000000100000000001000000000101000000000000000000000000000000000000100001100
000000101010100001000000000001000000000110100000100110000110001000010000011011000000010010100000001000100101000000001010000000010000001000100000101100010101000100100100000000000000100000000001000001000110000000100100001100000100001110101000000000000000000000001000000000001011000000000100000100011100000000010101000000000001011000010000000000010000000100101110000000000010000000000000001000000000100000000000010111010000100000100010000000000000000000
100000000000000100000000000000100100000000100000010000000100000000100000000000100000010110100001000000001000000100000000100100000000000001000000000001000000000000000000000000000100000000000000001000100000000000000000010000010000100000001001010000000100000000000000000010000000000010000001001000000000000000011000000000000000000010000000000000000000000000000000010100000000000010010000010000000000000000101010010000110100100000000100000000000000001000
010010000000100000001000000000000000000010000100000000000000010001101001010000010010000000011001010000000100001000000010000000100000000001000010001001100000000000001111001000000001000000000000001000000000000000011010000010001000000000000001000010010000000000100000000000000001000000001000000000111000001111001010000000000100000000000001110000010000000001000000100010000000000000001110000001001010000000000000100001010110000000000001001000000000010000
000000000100000010001100000000000000000000100000000000110000100000000000011000010010010000000000010000010000000000001000100100100000000000000000000100000010000000000001000000000000000000000010001000001000101010011000010101010000110010000000101000100000000010010000000001001000000000000000100100000111100000000000000000000000000000000010010001000000100100001001000000000100000000000000000000011110100000110000000000000001010000000000010010100000000000
000000010000100000011010000000000000001101000000000000010001000000010001000010000000000010010000010001000000000000000000000000110001000000000000000000110100100000110000000001100000001010000001001000000000000000000000010100001000000000000000100011001000100000000000000010000000100000000000000100000000000010010000000011100000000001010011001000000011101000000000100010000000000000100000000000000000100110010000010100010000010000000100000000000100000011
010000000010000000000000100000000000000000110000000000010000001000000100001001100010000101000000100000000100000000000000010001001000001000101010000000100000000100000000100100100001000001100011000000010001001000100011010010000000000000011010000000001000100000000100000000000000010010000000000100000000000011000000000000000000000000000101000000000000011000000100110000000000000011001000010000000001000000000011101100000010000101000000000100110000000000
000000000000000000000000000100010000000001000000001000000011000000000010000000000100000000000000001000100000000110000000000000000000000000000010000010000000000110000001001000000000110000100010101000000000010000100000000010001000000000000010000010110000010000100000000100100000000000010000000001000000000000000000001000100000000001100000000001000101100000000100010000010000000000100000000000000000000110001000000000001010000000000000000000000000110000
001000101000000000010000000000000000100110000001110010000000101000000000000000010000000000100000011011000000000110000000000000100100000000000000000100100000001000000000010001000000001000100000011000001000000000000000010000010011000100010000000000000001000000001001000000010001010000011000010000000100001000000000000000010000100000000000000010001000001000100010000000000000000000100000001000001000101000001100000000010000110000010000010001000100001001
001000000101000000001000000010100000100000001000010000000100000001010001000000010000001100000001000010110000000000000000001000000000000000000000001000000100100000010100000000000010000000000010000100010100000000000100001010010000000000000100000000000000001100000000000000000000000100000101101000000010010010000000000000000000000000000000000010000000110000100000100010000000011000000000000010100000001000001000000100001001000100000010100100000000000100
000000000100000100100010000000000000000110000000000000100010000000100001000000000100000010000100100000000110000100000010110000010000001000000000000010100000000000011000100010000100000000000001001000001000000000010000000001000000001000100000100010000000010000000000100000000100110000000000000000000000010000010000000000000010010000010000010000000000000000000000100001000010000000010000000000000010000000001001001000100000000100000111000010000100010000
000100000000001000101000000010000100000000000000000010100110000000101000100100101001000000000000000010000000000000010000001000101000000110000000000100001100001001000000000000000000110000000010000100000000000000000000001001000100001000000001000000000000000000001001000000000100000001010001000000000000001011000010001000000000000000000000000000001000000000000000000000000000010000000111000000000000000010000000000100100000100000000000100001000000001000
001100100000000010101000100000100010000100000001000000000000100001000000010000100000100000000000000010000000000000001010000011000000000000000100100100000101000000001000000000010001000000100001100000100000010000000000000100000010000000001010010000000000000001000000001010000000000000000100000000000000100100000010000010000010100000000000000000000000000000000000100000000001001000000000000001010000000000001100000000000000010011000000010000000000000000
010101000000000001010000100000000000100100000000100010000010100000000000001001100010000001000011000000000000000000010000000000000000000000001010100000000100000000000000000001100000000010000000000001000000000000000000000000000000000000000000010001001010000000000000100100100000000000000000000000000100100000001000000001000001000000000001000000000010000000010010101000000000000000000000000000000000010000000000000000000000000000000100000001000000001000
000000000000110100100001000100000000000000000000000000001010000100000000001000000000000101000000110000000001001001000001000000001000010000000000000000000000000000000101000000000100000000000100000000101000000001100100100000100000000000000000000000000001100000000001000000000000000000010000000000000000010000000000000000000000010001100000000000010000000000100011000000000101001000000000001000000000000000001000000000001000100000000011000000001000000000
000001000110000000000000000000000000000001000001000001000000000000000001001000101000000010000001000000010010000000000000101000000000000001010010000100000100000000000000000000000000000000000001010100000000000000000100000100100000000000010000000000000000100001000100000000010000000000001100000000000000001000000011000000000000000001100001011000010001000000000000010000111000000010100000000000000000001000010000000100000000010101000001001000000000000000
000100000000000000001001000000000010000010100000000000000000101000100000010000011010000000000001001000000000001100000000001000001000000000100000000001000001000000100000000000000000000000000000000001000000000000000000010000000000001010001001000000000000100000010000001000000010000000000000000000000000000010010000100011000000000100100000110001101000000000000000100000000001000000000100000000000001000000000000000000100010010000001000000000000000000000
000001000000000010000000010000000010000101000000100010001100100001001000100000100010000000010000001000001000100000000000010001001000100000000000000100000100000000000000010001000001000001010001100011001000100001001000100100000000000100000000101000001000001000001001000000111000000000000100000000100101011000000000000000000000010100100000000000000000001000010000011110000000010010000000001000110000011010000010001000000000000001000000000000000000010010
000000011000111000001001001001001010000001000000000001000000100000000001000000110010000100110100000000100010000000110000000000000000001000000000000010000000000000000001000100000000011010000010100000000000010000010000010101000000000101000001000001000000001010000110000000110101000001010000000001000010000000000110001000000001000000000000000000000100000000000000000100000000010000100000010000010010001000011100100100000100010010000010000000000000000000
000000000110000000000000000010000000010000000000010010000010000000001010000000010000010000001000000100000000000000000101001000000000000100000000000000100000000001000000000000001000000000000000000000000010100001000000100000000010010010000000000000100000000000010000100000000000100000010001000010000011100010000000000000100000100010000000000000100001000000010000010100000000000101011111000001010000000100000100000010001000000000000000000000000000000010
000000000101001000000000000000010000000110000000000100010000000000000000000000001000000000000000100000000010000000000000010010100000100000010100100000010000000000100000000000000000000001000100000000000000000000000001000000000000010000100010000100000110000001001000000000000001000000000000110010000000111010000001000000001001000000010000010010000000000010000010000001001000000000000000000000000001000000000000000000000000010000000000100000000000000000
110010000000000000000000000000011100000000000110001000000000100000000000000000100100100001000001101000000000000011000000100000110000000000000000001000000100000000000010100000011000010100010000000000000010000000000000000010001001000000000000000001000001000101000000000111110000100011000000100000010010010000001010000000001000100001000010000000000000000000000001000001001000000000000001000000000001000000000010110000000000010000000000000101000000000100
001010000000100100000000000111000001000101000011000000000000000001101000010100000110000000001000001100000000000000000000000000000011000010000000000100000000000000000000000000100000100010000001001001000000000000001101100000000000000000000000011000000000000100000000000100000011000000101000000000000000100100000000000011100110000000000000000000000000011000001000000001000110000000000000001000000001000100000100010010000000000001000000100000001100000000
000000000000000010010001000100010000011100001000100001000100000100000010000000000000100000000000000000100000011100000000000000010000001000000111011010001000000000000000000000101000010001000100010100000000100000000000000011000010000000000010010010000010000000011000000000010001010000010000000100001010111000000000100000000101000000001000000000000000000000000001000000100000000000000000100000000100010001000000000010000001000000000100000000000000000010
000000000000000000000001000000010000101000000010000000000000010000000000000001000100000000000010001000000000110000000000001001000000100000000000010000000000000100000000000100101000000000000011100001000000010000000000000011000000100010000010010100100000000000000100000000000010101000000000000010100000000010000010000000101001000000101010000001000000000000010101000000010000000010100000000000100010000110100000000000000000000000000000000000000000100000
000000000000100100000001000000011100000001000000000000100100001000000000000000001000000010000000000000000000000001001000010000000100000000010000000000001001000001001000010000001000100000001000000000100000000000100000000100000000001011000000100000000000000000100010000100000110000000100110000100001010010000010000000000000100000000000001000000000010000100000000000000001000000000110001000001001000000000000000000000010000000000000000000000000001011000
001000000001100001000001000000000001000010000000101000000000000001000001000001000001000000000000001000001000000011000000000010000000100000000000000000001000000000000000010001010100000000000000011000110000000000101000000000000000100000000000000000001000010001000000000110000000100000000000110000000000000000000000000000010100010001000000001000000000000000000100110000000001010000000000001100000000000000110000101001010000010000001000000000000000000101
100000011010000010100100000000011001000000100000100000000100000000010000001000000001000010000000000000100010100000000000000000100000001001110000010000100011000001000010010000100001000000001000000011001000100000000000100000000000000010000000000001000000000010000100100101000000000000100100000000010001000000100001011100100000001000111000000000000010001000000000000000000100001000000010100000001100000000000000000000010000010001000000001000000011001001
001010000000001100100000000100010000010000100000010000001100010010000010101000000100100000000000000110000010000000001100000100001111000000000001000000001000000000110000000000100001000000000000000001000011010100010100000000000010000000000011010100000011001000000000000010110000100000010001000000010000010000000000010000000000000000000000000000000000100010000000011000010000100000010001101000000000100010100000000011010000100000000100000000000000000000
010010000000000000000000010000000000100000000010000000111001000000000110100100000100000001001000100110000010000011000011000000010100000000001110000000001100110000000000000100100000000001010000000100000000000001100000000001000000000100000100100010010001000000000010000001100000001011100010000100000010000000000010100000110001110001000001000000000100100000010011010101000000100000010000000000000000011001000000000100000000001110001000000100000000100000
000000010000001001100000000000010000000000000000000000000000000010010100000000000000000000000001000000010000000000000000000000000010000000100000000000101000000000001000000001000000011000000011000010000000010000000010010000000000001000001000001000000000000000000100010001000101000000000000000000000000000000000000000101000000000000000000000000000000000000000000000001000000001000100000000000000010000000000000101000000000011000100000000001000000000100
000000000000001010000000100000000010000000000000000000000000000000000000010000010000100000001000000000000000000000000010101000000000000000000000000100000100000110000100000001100000100001000000010000000010001000000100000000000000000001010000100000000100101000000100000000000000010010000100000000001001000000000000000000000000000010000001000000110000100000001000000000010010000001000001000000000010000000000000000100000000100000000000000000001110000001
000000010000000000100100111000000100000000101000000111001100101010000011000000000000000010100000001000001000001100000000000000100000010000000000000000000000010000000000000000000010000000000000001000000000001000000000101000000110001000000000000001000000010010000000000000010001000000000100000010001001000001000000010000001000000000000000001000100000000000000000010000000000000000000100000110000000000000000000010000000100000000000000100000000010100000
000000001000000010000000000000000000000000010010001001101010001010000000000100000000000101101100000000001000001000000000000000000100000000000000000000010000000000100000000001100001000010000000000100100100000000100000010110000000000000000001000001000000000000000000000000001000000000000000000000000000000000000000000000000000000001000010000001000000000001010010100000000010010000000010000000100000000000000000010000101001101001000000100000000000000000
010010010000000000000000100000000000000000000000001000010000100000000000010000000000000000100100000000000100000000000000000000000000000010000000000001010001000001000000001000010000001000000001010010000010000001000000000100000001010010110000010000001000000000000000001000001000001100000000000000001010010000010000000000001000000000000000000000000000000000010000001010000000000000010000000000000000000010000000110000100001000001000000000000000000000010
010000101000000010000000000001010000000000000000000000001000000000000001000000000000000000000000000000000000000000001100010000000000000000000000001000000000000100000000100000001000000000000100000000000000100000000000010000100000000000000000010001000001100100010000100000000000100000000100000000000000000000000001000000000000000000001000010000011000010100000000000000000000000000000000010000000100000001100100010010100010000000001000000000001000001010
000000001000000001000000100100100000000100000010000010000000000001100000010000000000011001000100000010000000000010101100000000100001000000000100110110010000000010000000000010000100000000001000000000000010100000000101101000001000000011000001100000010001000000100000000000100000100000000100001000001000000001000000001000000000000001000010100001000100010000000000001000000100100000000100000000000010000000000100010000001000100000000001000100101000000000
000001000000000000100000000000100100000000000001000000000000000010010100010001000100010010100001000000010000000001010000010000100001000000001010001000000000010000000000001001010001100000100000000000000000001100000000110000000100010000011010001000000000100000000010100010000000000000110000000010001100000010000001000110001000000000001000001100000010001000001101000000000100100001000110100000000000000001011000000000000001000010010001000010000001000000
110000101000000000100100000000000000000000000000100100000000110000011000000000001000000010000001000000010000101001010011000000100000010000000000001010000000110000000000110000000000010000000101010000001100000000001000110101000000010110000110000001000000100100000001000100000010000000011000000100100101000001100000000010000000001000100011010000001000101100001100100000000101101001000000100000000100000000000000100000000000000000000100011100000000010000
000010000000000000111001000011100000000101000000001100010000000010000000000011001000010000000100000000000001100000000000000110000000001000001100000000101000000000101000101000000010000000000000010001010100000000100000010000000001000000010001000000000000000010000000000000000000000001001010110000010000100010010100001000000000001000000000000001000100001000000000001101010000000000000010000001000010000100000000000011000100000000100100000000000100001000
000000100000000000100000100000000000100001001000001000000000000010010000000000000000000000101001000000000000100000000000001000000010000000000000000010000000000001000000100010001110001000000000000001001000000000110100001110001000010000000100100001000000000001000000001001000000000000000000001000001010000101100000110100000001100100000001000001000000010000000000000100010000000010000010000010001010000000000110001000010000000100100000000000001001000000
000001001010000000000100000001010100000100000000010000000010000000000000000001000110000000100000010010001000100010010001010100100010000000000001010000000000000000010000000000010000001000000010000100000001000010000001000110000000010000010000000000010000000000000000000010000100000000000100001000001100011001000000000001000000000000000100000011010000001010101000000000000000000000011000000000000000000000000100000000000010000000000100100000000000000100
000000100000110000001000010100000000010000000000000010010100100000000001010000000011000000000000000010000000000000000000000000100000101100000000010001000000001000000000010101001010100000000000000100000001000000000010000000001010000000000000000100000010000000000000000011010000010000010000000010001000000000100010000000001000100000101100000001000010010100000000000000010000100100001000000100100000000010010001000000000000000000100000100101000110000000
100100000001000100000001000100101001000010000000010000000010000000000000000000010010000001000001000100100000000000000000000000000000000100100001100000000000000101000000000000000000100000000010010000000000100000000001000000000000010000000001000000000000000000000000000000010000000000000000110001000011100000000000001001000010000010000100000001100000001001000011001000000000100000000000000000000000010010000001000000000000001000000000001000001000001000
000000000000010011000111000001000001001100000000010000100001010000010010100000000000100000101000000000010000000000110000000000010000101000011011000100000001000000000000000001000000010010000000000000000100100001000100000000001001010010010000010100000000001001100000010110000100000000000010000110010000000000000000001000000001000000000000000000001000000000000000000110000001100100001000000100010100000001000001100001100100000110000000001001010000010001
000100010000000010100110000100000000000100000001000010010000000000000000100000000000100011000000100000000100000000001000000000001000110000000100000000000000000000010000100000010100000000000000100000001100000100001000001000000000100000000010000000100010000100000100010000100000001100001100001000000000000000000000000000010110000100001000000000000100001000000000000000001000000000100000010000000000000000000000000001001000001000000001100001000000000010
000100000000010001000000000001000000000001000010000000000100000000000000000000010000000001000000000000010000001101000000000000000000000001110000000000000000000000001010010000001000001000000000010010000001000000000000000000010000001000000010000100000000010000001010000000000000000100000011010000100000000000000001100001000000000000000000010010000000000010000001100001010000010000000000000000000001000000000000000110000000100001000011000000000000100000
000000000000010000100001000000000100000000101000000010100001001000000000100100000100000000000110000011100100000000001100100001000000000001100110100100010000000000000000010100000011111001001010000001110010000000010000000000110000000100000000001000000000000010010010000001000000001001000001000000010000010010000000000000000000000000000000001000000001000000000100000000000101000010000000000000000010000000000010010010000000000010001010000000001100100010
000000000000000000000000000010010010001100010000000000000001000000010000010000000110010000100110001001000000000000110000000000000000100000010000000010000000010000000011000000000010000100000000000000000100001000000000000000001000010000000000000110100000000000000000010000100100000000001000000000000010010100011101110000000000000000000110000000000000000100001000000000000110000000010000000000000001000001000000000100000000000000010001000101000001001000
000000000001001000010100001000001010001001101000000001100000000000000000000000110000000000010010000010001000000000000101000000000001011000000000000010100000000000000001000000001110010011000000000000000010000000000010000001000000000000000000011000000100100000001000000000101000000011001000001110100001001000000000111000011001010011010000000000000000000010001001000000000000100010100000001001000000011010000000010000100100000000010010000000000000000010
001000000000010000110000001010000100010010100100100100010100010001101000010100000000101001100000000000100000001000100000000001000111001000001000010000011001000010000001000100010000100000011000000000010010000000010100000010001010000000100000000000000000000100000000100000000010001000000100010000000000010000010000000000100010000001000000000000000000010000001000000000010100001000000101001001000110010000001000100000101000001000100010001100010001000001
010000000011100000000000001000000000000000000010100000001001000000100000001010000000000000010001100000010000000100000000000000000010001000011000000000001000010000010100000000000101000010000000000000000000010010110000000000110000000000010000001000010000000000000000000000000001000000100010000001000000000000000000000000000000000000001100000000000000000010000000000010000000010100100000000100000010010000110000101000000000000000000000000000010000000000
100000100000000010000001000000000010000000000000100000000001000000000000000100000000000000000010010000000000000000100000000010000000000000010010000000001000000000000010000000100000000000010010001000001000101010000001000001000001000000001100000000000011000010000000001000000000000000101100000100000001000000000000010001000000000100010000000000000011010000010101000000100100000011001000000000100011100100000010010000000001010010000000000000000000000010
000001000100000000100000010000000000000000000010000001001000000000000000000000000000000000000001000000000100001000000000000000000000010110000011110000000001000000000001001000100000010000110000010000001001000000000100000001010000010000100100100000000000000001000000001000000000101000000100100000100000010010010010001100000000000000001000000000000000000000010001000000100100000001000000000000000000001000000000000000000100000001001000000000000010011001
010000000000000001000000000000000000100000000010000001000000000010000000000010000100010100000100000100000000000000000100100000101000000000000100000000000000000000000011000000010000000000010100010000000100000000000000000001100000000000000001100010000000000100010000000000000000000000000000000000100000000000000010000000000011000000000000000000000000000000000000000000000000110000000110000000000010000000000010011000000100000000000000000000100001000000
000000010000010001000000000000000000000000010000001010100000001100000000010000000000100000000000000001000000000110001000000000000000100010000000000000000010010100000100010000001001000000001000000000000001101010001000000010100000000000000000010000100000000000000000010100000001000000100000000000010000000000000000100000000000001000001000000000000000000000000000000010000100000000000000000000000000000000000000000000000000000000010000010001000001010000
011000000000000000000000000000000101001000000001000010000010000101000001000000000001000100000000001000000000000000011000000010100100000000000000000000101001000000000000000000001000000000000010010010000100000000000010000000000100000000100000000000000000000000000001000001000000000000000000000000100100101100000100000010001010000000000000000111000000000110000000000000000000010000000010000101000000000100100000001000000000000001000000101000000000000000
001000000100111000000010000000000010000001000000100000100000011100001000100100001000100000000000011101000000000000000001000010000000001100000000000000000100000000011000000011000010001000000000100000000000010001010000001001000000001000000000000100000010001000100100000000010101001001100010010000011001000110000000000000000110000110000010000010000000000000000000100000000000000100101010000000001010000000011100010000001000000100010001000000000000000000
100000000000010000000010000000000000000000000010000000000000000010000000000000000000001000010100000000000010000000000000010010000000000100000000000000000000000000100000000100000000001011000100000000000100000000000100000000010000001000000010100001100000010010000000001000000000000000000101001100000000000001000000000000000000100001000010010000000000000000000000000000000100000000000000000100000000001000000000100001000100000000000010000000000000000000
000000100000100010000001000000000000100100001000000000000000000000000000000100000000000000000100000000001000000000000100000100100000000001000000011011000000011000000000000000000001000010000011001000001000010100001010000000000001000100000000010000000000001011000010001000000000000100000000000000000010000000100000000010000100001001010010010000000000100000000001101010100000000010110000000110000100000000100100000000000000000000000001000000101000000000
111010000000000001000001010001000010011010000000000000100000000000011010000000000000010000100100001000011000000010000100010001100000010001100000000000100000000000110000010000001000110000010000000010000000001100010001000000000100101000000000000000000000000001010100000001100000000000011000010000000000011001100000000010000000100000000000000001000000001000101010000000001000100000000000010000100000100000010000000000000001001000000000010000000100100000
000000000010010000000000100011000000001000000000000000110000000000100000011001000001000000000010000000001010010000000000000000010100100000001000100010000000000000010010010000001001000100000000100100010000000010000000000000000000000000000110011000000000010000000100010010000000000010000100000000000000000010000101000000100010000000000000101000000100000000011000011000000010000000101100010000011000010000001000000101000100100000000001010100000100000000
000000001010000000100000000000100001000000000000001000000000110001000000000000000000000000000000001100000100000100000000000010000000010000000000000000001000000000000000010000000000000000000100001000000000000001110001100010001000000000010001000000000000000010000000000000000000101000001100000000010000000010000001000000000000100000000000000000000000100000101000010000000000000000000010000010000000000000000000000000000100000001000000000010000000000000
001000000100100001000000000000000000000001000100000101100000010001100000000000000000000010000001010100000000101000000100000000110100010000000000000000001100000110000010000000100100000010000000000001001001100011001000000000000011001000000000000000000010000110001000000100000000000001000100000010000000001000100100000110001000000100000100100011000000001100010000000000001000100000000000001100001000000000000100101000000001000000000000100101000100100000
111000111000101000000101000000000000100000110000010000001000001110001000000100000010001000000100001100010000001001010100010000001000100110000000101000111000000000001000000000000000000000000001000000001000000000000001000001000000000000001000100000010001000000000100001000000010100000000001100001100001010100000010000000010100000000000000000001011000000001001100100001101000000001000000000000011000000000001000000000100000100001101000001000010010000011
000001010000000100000000000010000000100000000000000010100000010000000000000100100000000001110001000000000000000000101100010000110000000000000001000000000100000000000000000000111000000000000010000100000000000000100000101010000000000000000000001010100000000000100000000100000000000000000100000000001000001000000000000011000010000000000000000010000011010010000100000000001100010000000101101101000000100010010000001000000000011010101000000000000000001001
001000000000000010000000010000010000100000100000000000000000000000100000000000000010010000100000000001000000100001000001000000100000000000000000000000000000000000100000100001000001000000000000000010000000000000001000000000000000100100100100000000010000100000000001000000000000000100000000000000000000000000000001000100000100101000010000000000000101000000000000000010001000000110000000000000001000000001000000000001000001000000100000000000011000100000
110001000100000011000000000000000100001001000011000100000000000000000000000010000001000001000001000000110000000000000000001001000100001010100000000000000010000100100000000010100000100000011000000000000010000000010000000010000000000010101010100000000000000000000000000100000000110000000001000000000001001100000000000100000000010010001100101000000001000000100000000100000000000100001000001001110000001000011000010100000101000010000000100000000000000000
000000001010101001100000000000000100010000000000001010000000001011000001010101000100000001001000100000100000100000000110100000011000000000000000000000000000000000010000000001001000110000000000000000001010000000001001000000000110110000000000010000000000000001001100000111110010110000000000000000000000000000000000000000000100001010001000000000100000000000000000010100001100001000000000000000001000000000000000000000000101000001000100000001000010000000
001110000100000000010010100000110010100100000100000000000011100100000001000000010000001100000000000010001000000001000000000011000000000000011001000000000000000000100000000000000100000000100000000000001000110110000000000000100000000000000110000010000000000100000000000000010000000000000000000011000000000000100000001101000000000001000001000001000001001000000000000000000010010100000000110000000000010000000000100010100000000000011000000010100000010000
000000000001100010000000010000000010000001001100001000001010000010011000011010000000001000010000010110000001000000000001100101000001010000000000000000000000100000000001100000100000000100000010000100000100000000100010000000000000000000001000100011000000000010100000100000000000001000010000000000000001010100110011000000000100000000110000000000000000000000101100000000000000000010001000000001010000100000010100000000000000000000011000000000001000000101
000000100100001001010100100000000000100000000000000010100000001000100000000000000000000000000000010101000100000101010000000000010010001101010000000000000000000000010000000011000100101000010000110100000000000000000000000000000000000000000000000000010010001010000000100000000000000010000001000000000110000010001010000100100001000000110100110000000000001000000010001000011000001000100000000000101000000000000000000000000001000000000001000001000000100000
010001001010000000011000000000101000000000010000100000001000100000010000000100000001000010100000000000001000001000000000010000010000010000000000000100001000000001110010000011000100000000000000010000001000000000000000000000000100000110000000000000000111001000000000000000000010011010000000000101100000001000001000000000000010000100000011000001100000010000000110000000000000000000100000100001001000000000000010000011001000001001000000000000010010000010
000000001111000101001010000011010000001010011111010010000010000000100000000000000100001010001001000101100000000000000001110101000000000000001100000101100000100000000000010000100011000000100000000000010000000100000101011100110001000100000000000000000000010010000000000010000000001000100000000000000010000000000000011000000100000001110000000000010000100001010101000000000000011000000000000010000000011101100000001001000000001000000000000100001000010000
000000000000000000000000000000000000000000100100000000000100011000000000010000100000000000000001000000010000000000000000000010011001000000000010000001000000000000000100000000000010100110010000000000010100000000000010010000000000000000010000000001100000000000000100010000100000000100000000000001000000000000001010000001000000000000000000000000000000000000010000000000000001101100000000010010000000000000001000000000000000010010000000000000000001000000
100000100000000000010110100010000001001000111000100000000110000000100000000000000000000000000010000000000101000011100000000001000000000000100110000000000000000010000100000000001000011000000100000011000000001000001000101010000110100000010000000110001000000100000001000000000010001000000000000001100100000000000000000000001000000000000000011000001001010000100000001100100100000000000000001100000110000000000010000000010000100001000000000000000000000001
001000010100011000000000001101000000000001000000100000010000001000000000000010000100000000000000000000000010000100001000000000000000000001010000000000000000001000100100000000001100000000000001010000100000000000000001000010000000100000000001000000000000000010100011000000001000000000000000000000001110000100001000000000010000000100000000001000000000010000001100010000010000000010000000000001000000000000010000000010000000000000100000000000000000000000
010000001000000000000000000001011100000000000000000010000000000000011001010100110010000000000000000000000000001000000000001000000000000000000000000000010000010000001000000000000000000001000000001000001000000000001010000000000000001011010010001000000000100001000000000000001000000000010000100000000010000000000101100100000000000111100010110000110000000000000011000101000001111000100000000010000010000001100000000000000000000000100000000000000011100100
000010011001000101000000000101001000000000000000000000000100000000000001100000000000000000000000000000000000000000000000000100000000001000001000000000100000000100000000000000000010000000100100000001000000010100000000000101000100000000000000000001010000101000001001100000000000000001000010000010000000000000000001000000001010100000000000000000000000000010000000000010000000000010000000000000000100010000000000000000000000000001001000000000000000000000
001010001001010000000000000000000000001000100000000100000000100000000000000000000010000000000000000000100000000000000000000000100010000000000000000000000000000000000101000000000000000000000010000010000000001100000000000000100000011000100000000000001000000000000001000000000000001000011000000110000000000000000101000001000000100001000100000010000000000000100000100000000000000000000000000000000000001000100110010001000100000100000000100010001000000010
100000000010100100000001000000000100001000100100100000001000000000000000000110000000000000000000100101000000000001001000000001100000000101000000100100000000000000010010011000001000000100000001000000000010110001001000000000000000000000000000000000110000000000000001000010000000010000000000000101000000000100000000000000000000000000000000000000000000000000000010100100000000000000000010000000100001000000000000000000010000100000000000000000000010000000
000000000000000000000000010001100000000000000000000010000000000010000100000000000000100000000000000100011000000010000000000000100000000000000000000000000000000101010001000000000010000000000000000100010000000000000110101000000110000000000000000010001001000000110110100000000000010000000010000000000000010000000000000011000000000100100000000010010000000010000000000000010000000000000010000000000001000000010000000000000000000000000000000000000100000010
