1001000000001000000000001000100000000000
0000000010000000000100001001010000000000
0001001000000010000001000000110000000000
1000000000000000000000001001000000010000
1000000000000100010000001010000000000000
0010001100000000001010000000000000000000
1000001000001000000010000100001000000000
0010000000000110000010000000000001010100
0010000000010000100000010001000000000000
0000001100000110010000000100000000001000
0110001011000010000000000000000000001000
0000000000000000000000100000010000001100
1000001000010100000000000000000100010110
0000010001100010100000000000001010000000
1100000000010000000000100001000000100000
1000010000000000000001010000000000000001
0000000010110000100000000001010010001000
0000100001000000001000000000100000000000
0000000000000001000000101000001000000000
0010100010000000110000000000000000000001
0010000000000001000000000001100000101000
0000000000010000100100010010000000000010
0001000000000101100000000001000000001000
1011000001000000000001000000000000001000
1101000010000000001000000001000000010001
0000010000010000010100001010010001000000
0001000000000000100010000000000000001000
0000000101010000000110001010000010000000
1000000011000001010000000010001000100000
0000001000000010000000000100000011100001
0000001000001000000010001000000000000000
0100000001000000100000000001100010000000
0000000000000000001000000000011010000000
0000000100000001100001001000000000100000
1010000000010000000000000001101000000000
0000011000010000100100000000000000010000
0011100000010000000010001000000000000100
0000010000000100000000000000010010000000
0100000000000000000000100010001000000000
0000000001000010000100101001100000000000
0000000000000100100000000100001000010000
0010010000010001000000000000000001001000
0000100100100000010000100000000010010000
0000001101000000010000100000000000000000
0000010000001100001000010000000001001100
0101000000000000000000000001000010010010
0000000000000000100100100010100100000000
0000100000000011000000000010010000100000
0001001000000000100010000000001000000000
0001000001010010010100100000000000000000
0100000000000000000001100010000000100000
0001101000010100000100010000000000000000
0000010101000000001000000101100010000000
0000000010000000000111000000000100001000
0000100000100100000000000100000010000000
0000000000100100010001000000001100010000
0000000001010000010000100100010000000010
1000011000100001000000000011000000000001
0010001000000001000100001000000000000000
0011001000000000000010010000010000000000
0000000001000000000000001000000010010000
1000000000000001011100000000010000000100
1000100010000001001000000000010000011000
0000001000010000101100000000000000110100
0000010100001000000000000000000001111000
0010000000110000100001100000000100001000
0000000001010001100000000000000000001000
0100100010000100000000010001000000000000
0000000001100000000111000000100100001000
0001010001000000000000010001000000010000
0100000100001000100000110000000000000001
0100000000100110000000000000000001000000
0000010000000001000000000000000010000101
0000000101000001010000000100000000000100
0000000100000000000000100000011100001010
0000000100000000100101000000011000000000
0011000000000001100000110001000000000000
0110000000000100000100001010000000100000
1011000000000000000000000000100000000000
0010001010000000000100001001001001000000
0100010000000000000000100000011000101000
0000000000001000000000000010000001100100
0000000100001101001000100000000000000000
0001000000000000000000000000010010100000
0000100011000000100000000000000000100001
0001011000000000000000000000000001110000
0000000000001000001000100010000000010001
0111000000001001000000000010000010000000
0000100100000000000001001000010000000000
0100000000000000010000000001000100000100
0000010000000100100000010000000000000010
0010001100000001010000010010000000000000
1010000000100000000010000000001001000011
0000000000000000000010100000010100000001
0010000100011010000000000000000001000000
0100000000000001000001000000100001100000
0000100000000001000000001000000000000100
1000001001100000010000000000000000000000
0000110010001100100000100000000000001000
1010000100101000000000010100000000000000
