00000000100100010000000000100000000000000000000000001000000000000000010000100000001000100000000000010000010000000000001000100001000000000000100000100000000000001100000000000000100000000000000000010001100101010000000000100000110000111000010000000000000000000000011000000000100001010001000000
11000000000100001000000000000000000000001000000100100000010000000000000000000001000000000000000100000000000000100000000100000001000000101010000010000000000000000000000010000000000101001000100000001000000000010000001010000000000000001100000101000001001000001001000000000100100000000000000001
00000010000000000000000000001100000100000000000000001001010000001001000000100100001000011000000000010101100010000000010001000000001000001000100010000010000000000000000100000000000000001000010101100000000001000001001000000001010000000000000100001010010010000000000000000001000000001000000010
00001000001010000000000000001000100000000110100000001001001000000010000011000000010000010000000000101000100000000000000100001000000000000100000010011100011000000000000100000010000000000001000000000000010100000000000000010000100000000000001000000010000010000010000000010001100000000000100110
00000000100001000000101001001010001000000001000000010100000101001000000000000000000000000001000111010000000000000000101000000001100001000001101100000000001000000000000100010101100010000100000000100001100000010000001001111100010000000000000000000011011000001000001000000010000000000001000000
00010000000000010010000001000000000000000000010000001010000100001100000000000000000000000000000000000010000101000000000000000000010010010000000010000000000100000000000001110001010001001000000000001000001000000000000000000000001000100000000000000000000000000000000000000000001000000101000001
00010100000000000000110011000100110000101000100000000010001000000000010000000000000101100010000010000100101000000100010000001110000000000000111000100010000001001010000010000000001001001000000000000101000010001000000000110000000000101001100000001001000000000000000100000000000000100100000000
00000001000000000000000000001001000000000010000000000000000001000010000000000000000000100010001000001001000000010000000000000000000000001010000000010001010000100010000100000001100000000000000000000000110100001000000000100100000000000000000001001010000011000010000000100000000000000001011100
00000100000101100100010000000000000000001000100000000000000000010000000000001000000100000010001000000010000000010000100100000000010000000010000100100001100000000000001000010000000000000000000000000000001001000000000010000010001010000000000000101000000000110000000000000000101000000100000110
00100010000011001010010000010000000010000000000011000010001000000100010000010000100010000001000001000000000110000000000100011000100000000000000000001000100001000000000000010000000000010010010000000011000000001010000000000000000110101100100000000000000000010000010000000001000000100010000100
00000001000000000000000010000000010000001100000011000000001000000100000000000000100000000001100010010000000100000000001000100000000000000000000000000000010100010000000000011000001000000010100000010000100000000001000000000000000000010010000000000101000000000000101000000011000000100100000000
00000000100000000100000000000001000000001110001000000000010010001000000001011000000000000001000000001001101101000000001000000001010110000100000000000000000110000001100000000000001110000000001100001001000000010000001000001000010000000000010011000000101010100000010100100010000001000010010110
00000000000101000011001000000000000000000010000010100000000000000000000000000000011000000000000000000100000000000000000100000100000000001000000100000000000000000011001001000000001111001100100000000010000100100000000000100001001000000010000000000001000100010000000010010000101000000000000101
10000000000000000010000000000000001100010000100101001010010001000000000110100000000000010001001010000000000010000000100000000000010000000110010000000000000000000000101000000000010010001011000100000000000000101000000101000000000000010000000001000100000000100000010000001100000000000000100000
00001000001100000011110001100100100000000001001000000000000000000000000000011001001001001000000001000110000000000100001000000010000000010000000000001100000000100000001000011010000000000001000000000101000100110000000000100000000000000010101010000101000001001000110000000100001000100000000100
01000000100001000000000100000010000000000000000000000000000010100010000000010000000000000000001000010000010100011000001000000000000000010000100000000100100000000110010001000000000000010000000000000000001000100000100011000000000000000000101010010000000011000000010000000000010000100000001000
10000000000000000000000000001000000000100000000100000000010000001011000000000000000000000000000001000000000000000000000000000000000100000000100010101100000100000000000001000010000000000000000000100010010000000000010001000010010001000000100000000000000100000000010000000001000000000000000000
10000000000000000000000000000001100000000100010000000110000000000000010010001000100000000000000000000001001000100000000010001101000000000000000011000000111110100001001000000000000000000001000010010100000111001101000000001100001010011000101000000000000000110010100001000000000100000000000000
00000010000000000000100000000000000000001100000000100010000000000000100000000000000010000100100000000001000001000100000000000000011010000000000010100000001000000000000000000001010000000000000000000000100000010000000000000000000000001011100010000001000000010000000100100000000001001100100000
00000001000001010000000000000000000000001000100000000001000100000010000000000100000000000100100000000000100000000000000000010000000101000000000100010000000011100010000100000000000110000000000000000000100011000000010000010001000000000000000000000001100010010000100000000000000000000000100000
10000100000110000000001000000001000010000000000000001000000000000001000000000000000010001010000010000000000010000000000100010000000000000001000000100001000010000000000000010001000000000010000001000000010000000000000000000010000110001010000000100000100000000000000010000000001100000000000000
01010000100000000001000100010010000100101100000001000000100000001010001000010000001010100000010000101010000000010000000000000000000000010001000000010000000000011010001000011010100000000010100000000000010001000001000000000000010100100001000000000000000000000100100001001000010000000001110000
01000000010000000000000000001010000010000001001100100000010000001000000011000000100001101000000000101000000001000001000000000100100000000000010000001000001000000001000000101000000000001001100000110100001100100000000000000110010100001000000101001001010000000010010000000100000100000000000100
00000000100000000110000000000000000000000000000000000000000000000000000010001000000000000000000001000000001000000000000001000000000000100000000011100000000110100000000001001100001010100000010100100010000000000000100000011000000000100000000001000000010001100000000000000110010100000010001000
01000010010001000000000000000000000010000000000100000100000010000000010000000000000000000000010001001000011001001000000101000000100000001000000001001010001000000000000010000000000010000010000000110001000010000000000000010111001000000000100000010010000000000000010010010000000000000011110110
00001000000000010010000000000000000000001010001000110000000000000000000000101000000000000000001100001000000000000000000000000000000001010000000100100010000000000000100000010000010000000000010010000000001000000001000000000000000010100010001000000000000000000000000000000001000000000000001100
00000000000100100001000100001000001010000000000010001000000000000000010100000010001010000010000000000000000000000000000001010000001011000000000000000001000000000010000000000000000010100010001001000100001000000010000000000000000000000001000100100000000000100000010000101000000010000000000000
00000000100000001000000001000000000000000110000000001000000000000000000001001000000000000010000000010000001000000000000000000000000100000010100000000001000000000000000000100000010010001000000001000000000100000000100000010000001000000011100000000000100011000000000000000000000000110001000000
00000011000001000000100000001000010000000000000000010100000010000000000000001000100110000001001001000010000000000100001010000000000000000010000001000000001100000000001001000100000000000000010000000000000000000000000001000000001000000000000000000100000000000000000000000100000000000000000000
10000000000000000001010000100011000110100000000010000000010000000000000000000000100000000001011100110000000000001000000000000000010000010000001000000010000110000000000000100001000100000001000000100000000000000001000010000001000100010001000001100000100001000000000000000101000010100000010010
00000010000000000010000100000100000000000000100000000010000010000000000000000100001000000000100100000001000000000000000100000000001001000000001011000000101000000000001000000000000000100010000000000100001001000010001000000100000010100100000001000000000010100000100000100001001000100100001000
00000000100000000001010101000000000000000001000011111000001000000000000001001100010001101010001000000010000000110011000001000010100000000001000010000000001000010011000000100000000000000001100000000101000000000001000100000000100000000001000100001001110010001000000000000100000000101000100010
11100000000001000000000010000100000001100100101000001000001001000000010000000000000000000000000010000000000000110100000001000000000101000011100000000010011000000010010001000001000100000010010001001000000100001001100000000000000000100000001000000000100110000000000000100100000010100001110000
00000000100000010010000000000000000000100000000000000000000000000000000000000000100000000000000000100000000000110010000100000000000100000000000001000000000100000000100010000000001000100001000000000000000000100000010000000100001001000000110011000000000000000000000000000000100100001000000000
01000000010000000000000100000000000010100000100000000000001001101000100100000011000000000000000000000100000100000000000011001001010000000000010100010000010110001000000000001000000100000100100000100000001010010000000000000010100001001011100110000100010000000000000000000111010000000001011100
10100000000000001000100001000000000010100000000001000100010000000000000000100000100101000000000000001010000100000000001100000001000100010000001110011000100001000000000010000001000010000000100000000110100010000000010000010010000001010100001010010001000001000000000000000010000000001100000011
00001000000000110101000110000010100100000000000001001000100011001100000001000100010000000000000000001000111100001100001000000010000000000110100001000000000100000010001010000010100100101000100000000100000000000000001100001011000000000000000001100000000000001000000000100100100000000000000111
00011000001000000000000000001000001000000000000000010000010100000000000000000000011001100000001100001001000010001000000000010000000001000000000000101100100100100000001000000010000101000000100000010000100000100000100010001010100000000000100000001010000001000000000100010010110000000010001000
01000010000000000000010000001000000001000000010010000000001000000000000001010000010010100000010010000000000011000000000001100000000000010000000000000001000000000100100000010000000000000100010000100100000000111000000000000000000010000000000101100001100000000000000010001000100000001000000000
00000000000000000110000000000000100011000000000000100000000000101000001000010000100000000010000000000000000101110000000000100000000000000101000000000000000010000100000000000000000000000011000010000001000000000000100010000000001001000000000101100000011000000000100000000101000001100000000000
01000000000001000001100000010010000000000000000000000000010000000001101000100000001101000000000001000001000001010000000000000000000000000000000000000000000000000001000000001100100000001100000000001100000000000000000010000000000000001000000000010010000000001011000000000000000000101000000001
00000000011000000010000110000000000000000000000000100100000000000000100110000000100010000010001010000000100000000000000010111000000000100010000010000100100000000000000000001010100000011000000000000000000000001000100000000000000000100010000000001100011000000001000010000000000100010010010000
01000001100000000000001100000001101100000000101000000000000001000100000000001100000001100001000100000010000001000100000000000000001000100000000000001000010000000000110000010000000000000000110000000000000001000000000100010100000010100000010000000000000000101000000010000010100010000000000000
10001000000000000000101000100000011011000000000000010000000000000000110100000001000000000000000000100000000000000001000110010000101000000001010000000000100000101000000100001000000000000000100000000000001000000001000000100000001100000000000001000000000100000000010000011000000000001010000000
10000010000000000010001000000000000000000000101000000000001000100000000010000000000001000000000000100001000010000010101000000000000000000000000000000000000000000000000010000001010000000100000100100000000000000101000000001000000000000000000000000000000100001000000000000100101000010000000000
00000101001010100001000001010010000111001010000000010000011000000010001100100000101000000010000010010100000010000001000000100000100000000000000000000000000100000000010000100000010000100001000100010001000010001000010000100000000000010000101000000001001110001000100000000000010000001100100001
00010000000000000000001000000000110001000000100100000000100000000000000000001010000000000011000001000000001110000010110000000000100100011000100000001000000000000101000000010001000000000000000000000000000101001000101100000100000000000000000001001000000100010000000000000000001001000000100000
00001000000000000010000000000101000100000001001100000000010000100100100000000100000010000000010010000000000100100110100000000000010000000100000000001000001100000000000000000000000010000001000000010000000000010000000000100000000000010010010100000000000001010000000001000000000000000100000010
00000000111000011001000010000000000000001000000000000010000000000000000000010010000001010011000000001011000100000000000000001000001001011000000000000000000010010000100100000001100000000000001000010000000000010011000010000000000000010100101010010101000001000000100001000000010000000000000010
00100000000000000000000111010000000001100000010001010000010000000000001000010000000000000100000000000000000001000000010000100000000010000001000000000010000000000000000000000000000001000010000000000000000000010000000001000000000100000000000000000001000000000000001000000000000001010000000000
00000010100000010001000010110010010000000000000000001010011100000100000000000000010010000000010000000000000000001000000010001000000000000001000000000010100000001000000000000000100000100000000000000010000000000101000000000000100010000000000001000001001001000010001000000000000000001000100000
00001000100010100100000000000101000110000000000000000100001000000000000000101100000000010100100000110000000001000000000000010000000000000000000000000001001000000000000000100000000100000111000001100000001011001010000000001000010000010000011000110010001000100010000000000111000000010000001000
00001000010000000000000001011001110000001000000001010000100100000100000000001001001100000010000001000011000000000000011000100001010001100010000000100001000110000000000100001001000000000110000010111000000000000100000000000000010000010100000001000000010010000000000000101000001000000010000100
00000010000001000000000010000000000000000010000000000100000000000000000000001000000000001000100000000000000000000001000000101000000110000001000000000010000000000110000000000010001000000000000000000000010000000000000000000000001000000000000000010000010100000100010001000000000010000001000010
00000001000100000000000001000010000000000000000000000000000010000000000000100001000000000001000000000000000000000100000000000001000000000000000000000110110000001000100100000000100000001000000000000000000001000000000000000000000000100000010000000000000000000001000011000100000001000001010000
10001000001001000000000001000000100100100010001000000100100010000000000100000000001000100000001000000000000010010000000000000000000010100000100000000100000000001011000100001000100001010101100000001110100000000001000101000100000000100000100000000100000000000000000100000010001010011000001000
00000000000001010000000000010000000001000000000000000000000000001000100000000000100000010010000000000010000100000000000101000000000010000000000100000100000001000000000001001000010000100000000000000000000100001000000000000000000100000000000010000000001000000000000010100000000000001010001010
00001000000000010000011000000000001100000000010000000000000010000001000000010000000111000000101000000000000110100000000000000000000000000000000000000000000000000000000000000000000000000000110000100000000000000001000010000001000001000000000000100000000000010000000010000010000010000001000000
00000000000000000000110100010000001000000000000000001001001000010000001000000000001010010000010000010100000000001000100001000000100000110000001000001000000000001010001001101001000000001011000110000010001010000100010000000010000110000000001000000110011000010000010100110010000000010000001100
00101010001001000011000000100000001010000110001010011001010000000000000000000010000010000000000010000000010000010000000000010000100100000000000000000000001000001001000000010000000101100110001000000000101010000000010001000000000010000000000100010001000010000000001000010010010010000000000101
00110100100000001001000000011110000000000010000010000001000000000000001000001100001000000010010000000000000001100000001000001101000001101000010100000000010000100100010100000000110000000010000001100000010000000000000010010000000000000000100100100100001110000000000100001001001010001000001010
00000000000000000000000000000000001100101001000000000000000100011000100010000011000110000000000000010001000011000100001010000001000001000000000000000000000000010001101100000010000000000001011000110000000001000000100000000100000100000000000000000000000000000001000010000000000001000000000000
00110000001000000000000000000011000000000000000000110000111000011000101011001000010000000000010000000000001000100100010100000100000000001000000110000001000000000000000101000001000001010100000111000000100000000000000000000110101000000001000000000010000000010000000010010010000100001001001001
00000000010010000001000000100001000000000001001000000010010000100100100001100000010000010001001000010000000000001000000001000000000000000100001000000000000000001000110011000001000000000101000000000000000000000101000010000100000010000000000000000000000110000010000000000100100100000010000000
00000000100000000000000000000001010010000000000000000010000100000000010000001100000000000000010010000000000000000000001000100000000101000000010000000010010000000000000100011000000010001000000000000000100001000001000110000000000000000000000000000101000000000010010000000010000101000000000000
10000100100000000000001100010000000100100000101000010000000100000000000101010000001000010000001010000000100000000001010001000001010000000000000000100000010010000100000000100001000000010010000000000000000010001000000100010100011001000000000000111001000000001100000011000010000000001001100000
01000101000000000001100100000000000010001000010000100001000000100000000000000101000001000000000100000000000100000000000000000100000100000000000010010000010000001000000010110010101000001000000000000101000100000010001000000000010000000100000000100000000000000000000000000100000000000000010100
01010000000010100100000101000010000000011100000011000000000000000000010000010000100000100110000000001000000000100000000000100000000000101100001000001100000000000001000000000000000100010000000010000011100010000010000100010011010000001001011000000000000010000000000000000000000000010000000011
01000000000100110000100000000000000010000000000000000000000000010010000000000001000100000100000100000000000010000000001010001000000000000000001000000000000001000000000010000001010000000000000000000000000000000000010000000000000100001000100001000000000010000000000000001000010010000000000000
00001000000000000001000000000000000000010000010010000000000000010000000000000000010000000000000000001000000001000000100000000001000000100000000010000000101000000000000000001010000000100000000001000001000010000000001010000000110000001010100100001010000010000000000000000000000000000000000000
00001000000000000001000010000000100100010101000000001011001000000100100000000000101000000000100100100001000000000001110000000001000100000101001000001001010100000100101000000000100000001000000000001001101000001000000010001100000101000000001001000000000100010000010001000000000010000000001000
00010000000000010001001000000000000000001010000010000001000000000011000000001000000110000000001000000010010000000100101000000010010000001100100010000000000101101100000000000110001000001010000100001000000000000000000001000000001000100100100010000000000000100100101000000000000000010000000001
00000000000001000000000000000000000000000010000000000000001000001000000000000000000001110000000000000000000000000000000000100000000000000000000000000010110000010000000000000001001000010000000000001110000001000000001000001101000000000010000000000000000010011010000000000000000000000100000100
10000001000101010001000000010000000000000000000001000001000010001000000000000010000000000010101100010010000010001000100100000000001000000001100000000111000000000000000000011001000000001000000000000000000000000100001000000000000000000100100010010010010001010000000100010000010000101000000000
00010000000010000000000000000000000000010000000000001000000000000000100000001000000000001000000001001100100100001000000001000000000000000000000000001000000010000000100001000000000000000010000100000000000000000000000000000010000000000010000100000110000010000100000001000000010000000000000010
00000000001000000001000010010010100000000000001000000000010000000000001000000000000000000000000000000000000000000011000000010000000010000000001010000100000100000000000001000000010000000000000000000000010001000000010000000000000001001000000000100000000000000100000100000000001000000000100000
00000001000000000000000010100000100110010000100001100000000010000000000000000000000000000000010000101000000000000010000001000000001000000000000010010100000011100010000100001001000000010000100000000000000010100010000000010000000000100010000110100000000001000010000000000001000010000000000000
00000100001000001100101000000000000011101000000100000000000000000100000001000000001000000000000010000010110000001000001000001000000011110000100000000000000100100010001000110000000100001011001000010000000010000000000001100011000001000110001101001000100110001010000000000000000000000000000011
00000010000000010100000100000010001110000010010000100010110001000000000000011000000000001010100000000011000100000001010000000000100000000011000001110010101000100000000000100010000000000000001000110000000000000000000001000000000000000001000100000100010001001010000100010100000101000010100000
00100000000010000000000000000110010000010010000000000000000000100011000001100000100100000010100000100000000010000000000010010000000001000000000000000000000000000000000100000000000000000010000100010000100000100001010100000000010100010000000000000000000100000000010000000110001010000000000100
01000001000010100000000111000000000000000010000100000000001000000000000000010010000100000000100100001000000000100000000010110001101100010000000000001000000110000010001100000100000010010000000000000100110000000000000100010110000001000000010000001000010000000100000001000010000000010010010000
00000000010000100000000000000010000010000010011000000000000100000000000000000000000000000000000000000000010100100000000000000010000000000000000000010000000100000000100100000000010000000000000000000010000000001100000001000000000010000000000000001000000000000010000100010010001001000000000110
00010100000000000000100000000000000001000001000000010000000000000001000000010000000101001001000000000000000000000000010000001000000000000000000000001000000000100101000101000000010000000000000000000000000000000000010000000000010001100000000001000000011000000000010000100000100000010010010000
00010000100110000000011100000000010110000100100000010000001000000010000100000001001000011100000100000000010000100010000000001001000000000000000000000000100100000001000000000000101000000001010000001000000001100001101001000000001000001000001010000000000011000000000000101001010001010010111000
00001000010000001000001000000000000000010000010000001010010000000000010010101000000000000000000001000000000011010001000000010010001010000000000000000000100000000000000000000000000000000000000010000011000000000000000010100010100000000010010000000000000100100010100000000010001000100100000010
00000000000000000000000000101000000000010000000000000000000000011010000001000000000100000100000001011000000000000000000010000100000000000000000000100000000000100000000000000000001000000000000100100001000001000000000000001000000000000000000100000000000100100000000000010001000000001000000110
00000000101000000001010001000000001001010000000000001000000100000100000000010000001000100000001000000001000101100110000000010011000011011000011000010100100100000010010000000000010110000000011110000001000000000011000010000000000010110000010010000000000000000100100001000000000010100000000010
00000000100000001000000000001000001100001010000010000010000011001000001000001000011000010100101000000000000000101010001000001000000010011000100000000010000000000010000000100100100000100001000110010000000010000010000100000000000010000000100000010001000000000001000100000000010000000010100000
00000001000010001000100000000000000000000000010100000000010110000000100000000100110000000000000100010100001000000100000001110010000010000000001000000001000000000000100000000000100110000100100001000001010000000110000000010010000100000010000100000100000011000000011000001001000000000000011100
10000000001001001000001000000000010000100000000000000000000000000000000000100000100000000001000011000100000000000010000000001010001000010000000000001100100000000000000000000000000000010001000000000000000001100000000000010000000010000000000000100000000010110000000100010001000000000010000010
00000000000000001001000100000000000001001001000000000000000000000100000000000101100000100000000010000000000100000100000000000110001000000000010000000010000000000001010000000000000000000010000000000100010000011000000000000100000011000000000010000000000000000000000000100000000000000000010000
01000100110010000000000101010000001110000101000001100000100000000000100000000000000011000000000000100000000000001000000011000000100011100001000010001001100000111000000000000100000000000000000100000000100011101011000000111000000111011001000000000000010000001000000000100000010000000000100000
00110000100000100000000010001100010000100110010100000000000001110001100000000010000100000000001010000000000000000001000100010001000000000100001000000010000100001100010011000001000000000000000001001010000001000000000000000010000000101100000000000001000000000000001000000010001010000000110100
10000000001000000000000101000100000100000011010101000100010000010100000101001010100000001000000010000000000000100000000000001010100001000000000000010000110000000000000000000010000010000010001100000100110100100001110100000010001000000100000001001000001101000001100000000000000110000000000100
10000001100001000000100010010000000000100000000000000000001000110000000000000000000000010000000100000000010000000010000100000000100000100100000000011100010000000000010001000000001110001011000100100000010000010001001101110000100000000000011001010100000000010010000100000010010000000100100100
00011000010001001100010001000011000000100000000001111000101000000100000100000110100100000000000011000001000000000110000000000000010000000000011110000000000001010000000000001000000000001000001011100000100000000000000000000001000010001011000001100101000000010000100100000001001000000000000001
00000000000000000000001000010000000000000000100100000000000000101111001000000000100000000100011000000000000000110010000010001000000000110100000001000000000001010000010000000010000000011000010000101100001000000111000000000100000000000001000000000000000010000000000000010001000000001000000000
00000000001000000101000000100000000000000110000000010010001000000000000000001010011001000001000000000000000100000000001000110110010110000000000000000101010000100001010010000000000010000000000100000010000001000000011100000001000100001000100010000001000100010000010110010011000100110000000000
00000000100000000010000000010000000100000000010001000000000001001000000000000010010000000000000000000000100000001000000000000000101110000000000000000000000100001000011000000000000000000000000100000000010000101000000100000100000000000010000000000000000101101100001000100010000000000000000010
00001000000101000000100000000000000000010000010000000000000100001010011000000000001000000010000110000000000001000100110000010100001010000101000001000000000000000010100000100000000100001001001100000000001000000000010100000000000100000000000000000000010100011000100000000000010000001010000000
