1110000000000001000000000001000010000000101000100000000000000000100000010000001100000001000010000010100000011001110101010000000100000000000000011000100000000000000010000000000000000000000000
1000010000000000000000000000010000000000010101001000100000001000000100100000000000000001000101000000000000100010000010000000100010000000010001000000001010010000010000000000011010000000000010
0000000010000011001011010000000000001000011110000000000100100000000010000000000000000000001000100000000000100000100010000000001000100000000000000000101011000000000000000000000000000110000000
0010000110000000101000110100000000000000000000000000001000000000000010010000010000000000000011001000100000100000000000000000000000000100010000010000001100000000000010100100000010010000010000
0000000010001000001000000000000000100000000100000100000000000000000001000000000000000010001001000000000000001000000000000000000001000000000000000001000000001000000000001000010001001011000010
0000011100010001000011000100000000000000101001000100101000000000100001001001000100000001000001000000000000001000000001000000010000000000000000001011110101001000010000000001000000000000100000
0000000000100000000010000001000000000010010010001000000000000000001101000001000001000001000100000001110000000001000000001000000101001011000001100000000001010001011110000000111000000100000000
0000000000100000001000100000100000000000000001000000010001000000011000010000000011000000000000000000000000100000000000000100000000000000000000000100110000110000000000000000000000000010000000
0001100010000000000000000000000000011000101010000000000000000001000000000000000010000000100100000000010000001010100000000000000001001001100101000000000101001000000001000000100000100000000000
0000100010000100000000001000000000000000000000110000110000001000100000000000000001000000000000000000001000010000000001000010000100110010000000000000000010000000000001000000000000000000000000
0000000110001000000000000000100000010000010001000000000100000000000101000000000100000000000000001100000001000001000000010110101000000100001000000000100001000100000101010001000000000000010000
0000011010001100000000000001001011100000000010000010100000000011000000100000001100000100010000100000000010010100001001000000010000001000000010000000000010100000100001000101100000000000001100
0011000000000000000000000000001001000000000100010000010000000001000000001010100000000010000000010000000100110000010000010101100000000000000001000000100000100000000101010000000100000000000000
0000001000000000000010000000000000000001000001000000000000000000001110100000010000000000010110000001100000000000011000001000000000000000000000000000010000000000010000000000111100011100100001
0010101000010010000010000100010000100000010000000000001000000000000000010010000000010000000010011101010000000100000010000000000000000000000100000000000000010000000000000000000000010100010101
0000000000001000001000010000000000100000101000000001010000000001000000010000001000000001001000000000010010000111010000001000000010000100000100000001000000100000000000000000000000000000000000
1000001000001001001100011010001000000000010100010000000000000000000000000000000100000000000001010010101000100000000101111001101000010000000000001000000000100000000000000000100000101000000001
0100000001010100000000010100101000100000001000011000110000100010000001000000000000000000100000000000000000001000000110000000000010000000000110000010000110000001000110010000000000000000000000
0000101000000000000000000000000000100000001000000000000000010000100100010000001000000100100000000000000000000110100000000000000110000000101000000000111100000000010010000010000000000000000000
0000010000000010000000000000000000010000011000010000000000000001001000000100100000100010000000110000011000010000001010010000001000000010000000100000010000001000000000101000000000000010000000
0010000000000000000000000001000000000001010000000000000000000000000000000100000010100000011000100000000000000010100110000001001001000100010000000000000000000000000000000000000001000000000100
0000000000000001100000000000000000011100000000000000100000001000000000001000000010010000000000000000001101000000000000101000010000000000000000010000001000100000000001010001000000000000000000
0000001100000000000000000010000100000000000101110000000010000001000000001000000010000010000000001001000001000000000000000100000000000000000000000001000100100000000000000000100000000000001000
0000000000000000000000000001100000101000000000000000000001001000000100000000000000001001000001001000000000010000000100000000000000000001000000000000000000000010010000000010000000000001000010
0100000100000000000000010100000000000000000000000000001000010000010010000010010000000000000000100100000000100000100100010001000000000000010001000000000001000000100010000000000000000000001000
0101000000010000000000000010001000001001000000000000000010000110000000000100000010100001000000110010000010000000000001000100001000100010001100110010000010000010000011000010010000000000001100
0000001110101010000000000100000000001010001000000010000110000001100000000001010100010000000100010100100000001000000000000000010000100100000000000000011001100000110001000000010000000000000010
0001000000000100000000000110000111100000000010000011000001000010000000000000000000101001000000000000000010000000000000010000110000001000000000000001000000100000001010000100000000000100000000
0000000100000010000100000000000001010000010011000100000000000000000000011000000000000000000000000010000001000000000001000101000010000100001101000000000100000001000010010000000000000000010000
0000001001010000000000000000000000000010000000100000000111101000000000000010000100000000000100001000000000000001000000100100000100000001000001000000110001110010100010110100111000000100000000
0000000000000000000000001000000000000000000000000001001000100000000000001000000000001010000000010101000110000000001000001001000000000000000000001000011000000000000001000001000000000000001000
0000000100010000100000010000101000001000000000000001000100100000110100010100000001000011000001000000000001000101010000100001000000100000000010000100010010101000010000000001000100000000001010
0001100001000110000000000011000011000010000000010010000000000100100000001000000010000010000100000000000011000000001000000000010011010010000011000101001000001001010000000000000000001010000001
0001010000000000000000100000000000000001000000000100000000100000000100000100000100100100000000101000000000000000000000010000000000000101000000000011000000001000001000001010000010000001000000
1000000000100100000000011100000010010000100110010000000100100001100001000101000000000100000000011000000100000000000100000100000000010000000000000000001000000000010000100000000000000000000010
1101001000000011010000001000000010000000000000010000000001000000001000000000100010000000000100010011000010000001010101000000000100010101100011000000000010000001100000100000010010100100000000
0010000000000000000100000000000000000000010000100000000001001010000100000000000000000000000000110000010010000010000000010010000000010100000100000110000000010000101000000000000000000000000001
1000000000010000010000000000001001000000000000010000000000001000001100100000000001000000000000000010000010000000000000110010100000000000011000000000000000010001000000000100000100010000000000
1010100001000000000000001000100000100001000000000010000000000000000000000000000010000000100100000001001010000000000100000000000000000000000000000000101000000000001100001010001001110000000001
0000000000000001000000000000000000000000001000000000000001000000000000000000000100000010100101000000100000010000000010000000000000010000000010000000000000000000000010000100000001000101000100
0000000000100001000010001001000000101000001000100011100001000000000000010000100000000000000000000000000000000000000000110000001011001001110001000000000000000010100000000111000000100001001100
0010100100000000000000000000000000000000000100110100000000001000000011000000000001100000000010000000000000000000000001110000000110001100000000000100000000000000000000010010010000000010001011
0000000000000000100000010000001000001010000100001000000000000110000000000000100101001010100001010000010000000000000010000000001101010000100011100100100001000010001000000000100000000000000001
0001001000000000000000000000011100000000110000000100010010000100000101100101000000000000000000100011001001000000000000000110001001000000010001001001000000000100100000010000100000011000000010
1000010000000001000000001000000000010001100001001000000100000000001000000000000000000000000100000000000000000100100101000000100000000000000100000000000000000100001000000000100010010000000100
0000000000000110110101001000000000000000000010001000001001000000000000000101000010001000000000001000000000101010000000000100001000100000010000001000000000000001000010000001000010000000011000
0000000000000100010000000000000000100000000000000000010100001000001000100001010100000000000000000000001010000000000000000100001000000100000000000000100000000000000010101001001000000000010000
0000000000000000000010000000100000000000000010010000000010000000001010110000000001010000000101000000000000000001001000000010001000010000000010001010000000000101001001000001010100010000000100
0000000010000000000000010000000001100000000001000000000010010001100000010000000000000000001000000000000000001000000000000010010001000000000100000000010010000000000000000010000000000000000010
0100000000000000000010000000100000000000000000010000000100000000000010000010100001010010000000110000110000000001011100000010000101100100011000000011000000000011000000001011000000000000000010
0000001000001110100010010010100001010100010000010000000011000000000000000000000010000000100010101100010000000000010100000001000011000101000100000100000000001000000010000000100010000000000001
0000000000000001000000010000101000010000010000001000010100000010000000010000000000100100001000010010000000000000101000000001000000000000000000000000000010000000000001000000000000000000000001
0010000000110000000000000000000000000000001000000001000000000010001000010011001000100000000000010000001000100100000000000000000000000000001000000000000001010000000000000000000000010000000000
0010000000000000100000000000000000100000000000110000001000000100000000000000010001001000110000010000001000100000100010000000000000100000000000000000110010000100000000000000000000000100000000
0000000000000000000000010001000000000000000000000010010001000000000100000001100000000000100000000011000000000000000010000001000100000000000000000001010000000010000000001000100001100000000000
0010000000000000000000001010000000000000101000000100000001011110000000000000001000101000110000000000001000000000000110000000000010000011000000100101001000000000000000001001100000000000010000
0000000010000100001001000001010000000000000000100001000000001000001100000000000000000000000000010000000010000001010000000000000100000000000000001000000000010000000010100001010000100000010010
0000110000101000000100100000000001000000000000000000001001010000101000000000000000101000001000000000010000000100000000000000010000000000100000000000000100000000001000110000000000000000000000
1100010000000000000000100000000000000000000001000000000000001000001000000000000100000000010100000000000000001000001000000000000011010001000000001011100000000100000000000000001000100001001000
0000001010000000000000000010000100000100000001010000011000000000001100000001000010001100100000001001010000000000000001000001010000010000000000000010001100001111010100001010000000010010110000
0000110110000100000000000001110110000000000000000000000010000000100100000001001000000000000000000010000000000000000000000011000000000001000100000001000000001101101100000000001000100000000000
0000000000001001000000000000000000000000000000100000001100000000000110100000000000100010000000000100000000010101010000100010000000000000100000000001100000000000010000000000011000101001000101
1000000000010000001000010000000100000000000000000000010000100000000010001000011000010000000010100001000100000100000000000000010000000000000000000000000000001000000000100101100000001000000000
0000101000000000001000000000000100000001000110000000000010000111001100000000010000000001010100000010100000000100000001000001000001001100010110100100000000000000010000000000000000000000100110
0011000100000100110000001000000001010110000000000010000001010000000100100000000100000000001000101000100000000000001000000000001000000110000100001000000000000110001100000001000010000000000000
0100000010101010000000000001101000100000000000000001000000000000000011000100000000000000100000100000000000000010000000000000000000000001001000100000000010000100000000000000000100000000100100
1010000000101000001000000000000000000000000001000000000010000001000010000010001010001001000000011000110010000001000100100000100000000010010000000000010010000010000010010010000000000000010010
0000000100000000000000100010000100010000000001010000000011001000011000000100000000100000110000000010000000010000010000001000100100001000000111000001000000000000000000000000001000000000000000
0000010000000000000010000101010000000110100101100000010000000010010001000000000100000001000001000000000010000010001000000000000000000000010000000000001000000000000001001000000000000000010000
0000000000000000001000000000100000000001010110000001000010000000000000000000000000000001000010000100010110000000001100000100000000100000001000010001100000001000000000000000000000000000100000
0000000000000001001000000010000100000100000001010000000100000000000000000011000001000000000001000000010100000000011001010100000000100000000000000010010000000100000000100000000000000000010000
0100000001010000010010000010000000000000000000100000100000000000000000010000000011000100000111001110000000000001000000000000000000000000001000000000000110010000010100100000000110100001001101
0000000000100000000100011001000000000000010000000000001010000000000001000001000000000000000010001000000000000000100001100000000000000000010000000000001000000001000100000000000000000000000110
1000000000000000000010000000010110001000000001000000001000100000000000000100010100000100000001000010001110000001000001010010000000000000000000010101000000000110000001000000100000010001000001
0000000000000010000000010000000011000100001000000001000000000000000100000100001001000000010100000000000000000000001001000000000000110000001000000110010011011001000010000000000000000000000000
0000000000100001100000001010000000010000010000001011000000000000000010100000010110000000000100000011000000000010100110000000011100000000000000000000111000000100000000000010000000100000100001
0100000100000000000100100000110000000010000000010000000001000100000001000000000000010100000010000000000000001000000000000000000000110001000010001100000000000010110000000000000000100010000100
0000000000100000001010011100000000001000000000000001010000000000100010100010000000000000000101000000000000000000000000000000001001100100100001010011100010001001000010000100001000011001010000
0000000100000001000000000100000010001000001001100011000000000000000000000001100001000000000010000000000010010100000000000000101001010000000000000101000001000000000000000100000000000001000000
0000010000001000100000001000001100000000000000000100001000001000010010100000100000001010000000001000100000110000000000100010000001000010011000000100000000100000011000000001001100000000000010
0101011000000001000000000010100000000000000001100110011100000000010010000000000000000000100000000000110000000000011010000000010000000000100010000010000000000010001101000000000000001110100100
0000000001100000010100110000001000000000000000000000000000100001000000000100000000000010010000000000000000000010000010000100000000000101100000000000001100000000000000000000000010000000111000
0000000000010010010100101000100000000000010000010110100000000000010100000000000000000000001001000001001000000000001010000000010001100000001000000000001001000000000000010000000000010000000000
0001101000101000100000000001000100100000000000000000000000100100100010000000010000000000000000000000000000100011100000000000000100010000000000000100000100000100000000110111000100000000010011
0000000000000000000000000000110000000000000010000110000100100000000000000000000000010000000000001100000100000000001000010001000000000000001000010100000000000001000000000000000000001000000100
1000000000000000000010000100000001000011010000000000000010000000000100000000000001001101000000001000000000000001000100000000000000100000000010000000000000000100010000000000000001000000000000
0000000000100100000000000000000000000001000100010000000000000010000000000000000000010000000100000000001000010110010000001000001010000000000000000011000000000000000001000000000000000000100000
0000000010010000000000010100000000000000010000101011001010000000000101000011000000000000001000010010001000000000001000000100011000000100010010000101100010000000000000110100000010010000110001
0000110000000010001010000000000000010000000001001000000001001010000010000100010000000000000100001000000010001001100001100000000000100001100000000011000000000101000000001001000000001100100000
0100000001000000011000010000100000000100000000000001000000001000000000000000000110010011100001000000000000000010000000000010011000100000111000000000010000000000000010000011000000000000000000
0110000100000000100001000110000101000000000000001001000001000000000001000010000001001000000000000000100010001000100100000000001001000000000000110001000010000110000000001010000000010000100000
0110010000010000000000101000101000000000000001000100110000001000000000110000000000100000000001000000000100000110000001000000000000000000000010000001000000101000000000110000000011000100000000
0000000000001000010100000000000011010011000100100010000000000010000010000000000001000001001010010001011010100000101000000010010000010010000000000100100100010000000010011000000100000000000000
0010101000010000000000000001000000000000010000010001000000000000001001010000000010100100000010000000000000000010100001001100000000000000000000001010000000010000111110000010000000000000000100
0110010010000000000000010110001001100000000000100100001000100100000000000000000001010000000110000010000000001000010000001000000011100001100100000001000110000000000100000000000010010000000000
0100000000000000000000000000001001101001000000100010010000000110000000100000000000000110000000000001000000000011011010000000100100000011000000010100000100000010011000000000000010000100000100
0000100000010101100111010010000000000000100010100010000000000000010100000010000110000100100010010000000101000101100000001000100000001001000000000000000000000000010000000100001000000000011010
0000000000000000100000100000000000000000000000000010000000001000000001010000001001010010000000010000100010000100000110000000000000000010010000000000000000001000000100001000000000000000001000
1000100000000101001000000000000000101000010010000100000100000000000000000000100000100000000000000000000000100000000000000000000000010000110001000000000000000000001000100000000000000100000111
0000000000000000000000000000000000000000000100110000000000000100100000000000000000001000000000000001000001000110000100000000000001000000010000000100000000001010000000000001100000000001000000
