11110110111111111111111111111111111111101111101111111111111111111111101111111111111111011111111111111111111111111111111111111111111111111111111111110111111111111111111111111111101111111111111111111111101111111111111111111111101111101111111111111111011011111111111111011111111111111111111101111111111111111110111111111111111111111111111111111111111111111111111111111111110111111101111111111111111111111111111111111111101111111111101111111111
11111111011111111111111111111111111111111111111111110111111111111111111111111011111101111011111111111110111111110111111011011111111101101111111111111101111111111111111111111111111101011011111111111111111111111111111111111111111111110111111101111111111111111111111111111111111111111111111011011111111111111111011111111111111111111111111111111111111111111111111111111111111111111011111111111111111111111111111011111111111111111111111111110111
11111111100111111111011011111111111111011110111011111111111111111111111011111111111111111110111111111111110111111111001101111011111111111111111111111111111111111111111111111111101110111111111111111111111111111111111111111111111101111011111111111011111111111111111011111111101111010111111011111111111111111111111111111111111111111111111111111111111111111111101111111011111011111101110101111101111111111110111111111111111111111101111111111111
11111111111111111111111111111111111111111111111111111111101111111111111111111111111111101110110011011111011111111111111111111111111111111110111011111111111111111111101111011111011111111011111111111111111111101111111111111111111111111111111111111111111111111111111111111111001111111111111101111111110111111111111001111111111111111111111101111111111111111111111111111111111011110111111111101111111111111111111110111110111111111111111111111111
01110101111111110110101111111111110111111110111111101111111111111101111111011111111111111011111111111011111011111111011111111111010111111111111111111111111111111111011111111111110111011111111111111111111111111110111111111111111111111011110111111111111111110111101111111111111111111111110111111110111111111111111111111111111111111011111110111111111111111111111111111111111111111111111111111111011111111011111111110111111111111111111111111111
11101111111111111111111111111111111111111111111111111111111111111111111111111111011111111111110111111111111111110111111111111101011111111111111111111111011111111111111111111111111111111111111110111111111111101101111101111111111111111111111111111111111111111111111111111011010110111111111111111111101111110111111111111111111111111111111111111111111111111111111111011110111111111111111111111111111011111111111111111111111111111111111111111111
11111111111111111111111111111111111111111111111111011111111110111111111111111111111111111111111111111111111111111111111111111111111111111111111111111111111111111111111111111111111111111111111111111111111111111111111101111111111111111111111111111111111011111111111111111111111111111111111111111111111111111111111111111111111111111111111111111111111111111111111111111111111111111111111011111111111111111111111111111111111111111111111111111111
10111111111111111111111111111111111111111111111111111111111111111111111111111111111111111111111111111111111111111111111111111111111111111111111111111111111111111111111111111111111111111111111111111111111111111111111111111111111111111111111111111111111111111111111111111111111111111111111111111111111111111111011111111111111111111111101111111111110111111111111111111111111111111111111111111111111111111111111111111111111111111111111111111111
11111011111111111111111110111111111111111111111111111111111111111111111111111111111111111111111110111011111111111111111111011111111111111111111111111111111111110111011111111111111111111111111111111111111111011111101111111111111111110111111110111111111111111111111111111111111101111111111111111111111111111111111111011111111111111111111111111111111111111111111111111111111101111111111110111011111111011111011111110111111111111111111111110111
11111110111101111111111111111111111111011111111110111111100111111111111111111111111111111111111111111111111101111111111011111111111111111111111111011101111111111111111111111111111011111111011111111111111111111111111111111111111111111111101111111111101111111111111111111111111111111101111111111111111111111111111111111111111111111111111111111111111111111111111111111111111011111111111111101111111111111111111111111011011111111101111111111111
11111111111111111111111111111111111111111111111111110111111111011111111111111111111111111111111111111111111111111111111111111111101111111111111111111111111111111111111101111111111111111111111111111111111111111111111011111111111111110111111111111011111111111111111111111111101111111111111101111111111011111111101111111111111111111111111111111111111111111111111110111111111111111111111111111111110111111111111111111111111111111111111111101111
11111111111111110111111111111101111110111111111111111111111110111111111111111111111111111111111111111111111111111111111111111110110111111111111111111111111111111111111111111111111111101111111111111111111111111111111111111111111111111111111111111111111101011111111111111011111111111111011111111111111111111111111111110011111111111111111111111111111111111110111111111111111111111111111111111111111111111111111111111011111111111111111111111111
11111111111111111111111110111111011111111111111111111111110111011111110111001111111111111111101111110111111010110111111111111111111111111111111111111111111111111111111111111100111111111111111111111111111111111111011111111111111111101111111111111111111110111111011111111111111111111111101111111111111111111101111111111111111111111101111111111111111111111111110111111101111011111111111111111001111111111101111111111111111110111111111111111110
01111111111111111101111111111111111111111111111101110110111111010011110111111110011111111111111111111111111111111111011111111110111010101101011111111111101111111111011111111111111110111111111111101111011111011111000110110111111111111111111111111111111111111111111111111111111111111110011111111111111111111111101111111111111111110111111111111101111011111111111111111111111111100111101011010111110111111111111111110111111111111011111111111111
11111111111111111101111010111111111111101111101111111111111111110111001111011111111111101110111101011101110110111010111111111111111111110111110111011111110111111111111111111111111111111111111110111111101101101111111110110110111111111111110111111111110111111101011011111111111110011111111111111111101111111111111111111111101111111111111111111111111110111101111111111111111110111111111111111111111111111110110111111111110111111111111111111111
11111111111111111111111111111111111111111011111111111111111111111111111111111111111111101111111111111011111111111111111111111111111111111111111111111111111101111111111111111111111101111101111111111111111111111111111111111111111111111111111111111111111111111111111111111111111111111111111111111111111111111111111111111111111111111111111111111111101111111111111111111111111111111101111111110111111111111111111111111111111111111111111111111111
11110111111111111111111111111111111111110111111111111110101111111111111011111111111111111111111111111111101101111111111011111111111111111111101111111111111111010111111111111111011110111111111111110111111111111111111111111110111110111111111101111111111111111111111111111111111111111111111111111111111111111111111111111111111110111111111111111111111011111111111111111111111111111111011111111111111111111111111111111111111111111111111001111111
11111111111111101111111111111111111011111111111111111111111111111111111011111111111111111111011111111111111111011111111111111111111111111111111111111111110111111111111111111111111111111111111111111011111111111111111111111111111111111111111111111111111111111111111111111111111111111111111111111111101111111111111011111011111111111101111111111111111111111111111111101111111111111111111111111111111111111111111111111111111111111111111111111111
10111111111111111101111111111111111111111111111111111111111111111111111111111111111111111111111111111111111111111111101111111011111111111111111111111111111111111110111111111111111111111111111111111111011111101111111111111111111111111111111111111111111111111101111111110111111111111111111111111110111111111111111111111111111011111111111111110111111111111111111111110111111111111111111111111111111111111111111111111111111111111111111111111111
10111111111111111111111111111101111111110011111111101011111111111111111110111110101101111111110111111111111111111111111111111111111111111111111111111111111111111111111111111111111111111111100111111111011101011111111111111111111110111111111111011111011111111111111111111111111111111111111101011111011111101111110111111111110011111111111001111011111101111111111111101111101111111111111111111111111111111111111111111111111111111111111111111111
11111111111111011111111111111111111111111111101111111111110111111111111111111111101011111101111111111111111111111111100111111111111111111111111111111111111111111111111111111111011111111111111111111111111111111111111111010111111111111111111111111111111111111111111110011110100111111111111111111111111111111111111110111111111101111111111111111111111111111111111111111010111111101111111111111111111111111111110111111011111011111111111111111111
11111111111111111111010110111111111111111111111111111111111011111111110111111111111111111111111011111110111111110111111111111111111111111111111111111111111111111111111111111101111111111111111111101111111111110111111111111111111100111111111011111111111111111011111111111111101111111101111111111101110111111111111111111111111111111111111111111101111011111111111111110111101101111011111111011101111111111111111111111101111111111111110111111111
11111111111110101111111110111010111011111110110110111101111111101101111101111111111111011111111111111111111111111111110001111010111111101111011110011011011111101101111111111111111111111111111111111111111111111111111111111111111111111111111111111111111111111111111111111111111111111101111111111111111101111111111011111111111110110111111111111011110111111111110111111101111111110111111111111111111111111011111101111100111111111111111111110101
11111111111111111111111111111111111111111111111111111111111111111111111111111111111111111111111111111111111111111111111111111111111111111111111111111111111111111111111111111111111111111111111111111111111111111111111111111111111111111111111111111111111111111111111111111111111111111111111101111111111111111111111111110111111111111111111111111111111111111111111111111111111111111110111111111111111111111111111111111111111111111011111111111111
11101111111101111111111111111111111111111111111111101111111111111110101111111101111111110111111111111111111111101111111111011111011101111111111111110111111111111111111111111111111111111011110011111111011111111111111111011111111111111011111111111111101111111011110111011111111101111111111111111101111111111111111111111111111111111111111101111111111111111111111011111101011111111111111011111110111011100011111111111110111111111111111111111111
11111110111111101111111110111110111111110011111111111011111110111111111111111111111111111111111111110000101111111111111111011111111111111111111111111111111111111111111111011111111111111111111111111111101110111111101111010111111111111111111001111101011111111111111111011111111111111111111111111111111111111011110111111111111111011111111111111111111111011111011111111101111001111111111111111111111111111111111111111111111010111111111111111101
11111111111111110111111111111111111111111111111111111111111111111111011111111111111011111111111111111111111111111111111111111111111111111111111111111111111111111111111111111111111111111111111111111111111111111111111111111111111111101111111111111111111111111111111111111111111111111111111111111111111111111101111111111111111111111111111111111111111111111111111110011111111111111111111111111111111111110111111111111111111111111110111111111111
11111111111111111111111111111111111111111111111111111111111111111111111111111111111111111111111111111110111111111111111111111111111111111111111011111111110111111111111111111111111111111111111111111111111011111111111111111111101111111111111111111111111111111111111111111111111111111111111111111111111111110111111111111111111111111111111111111111111111111111111111111111111111111111111111111111111111111111111111110111111111111111111111111111
11111110111111111111111110111111011101011111111111111111111111111101111111111111111111111111011111111111111111111111111111111111111111111111101101111011111111111101101111111101111111111111110111111110111111111111001111111111111111111111011101010111111111111011111111111101111110110111101011111111111111111110111111111110111111111101111111101111111111101111111111111111111111011111111101011111111111110111011111111111111011111111111111111111
11011111111111111111111111111111111111111111111111111111111111111111111111001101111111111111111111111111111111111111111111111111111110111111111110111111101110111111111111111111111111111111111111111111111111111111111111111111111111111111111111111111111111101101111111111111111111011111111111111111111111111111111111111011111111111111111111111111011111111111111111111111111111111111111111111111111111111111111111111111111111111111111111111111
11111111101111111110111011111111111111111111111101111111111111111110111111011111111011111111011110111011011111011111111111111111111111101101110101101101111111111111111111111111111101111111111111111111111111101101111111111111111111111111111111111110111110111011111111011111011111101111111111111111111111111111111111111011111011101111111111011111111111101111111111111111111111111111111011111011111111111111111111111111011111111111111111111011
11111111111111111111111111111111111110111111111111111111111111111111111111111111111111111111111111111111111111101111011111111111111111011111111111110111111111111111111111111111111111111111111111111111111110111111111111111111111111111111111011111111111111111111111110111111111111111111111111111111111111111111111101010111111111111111111111111111111111111111111111111101111111111111111111111111110111011111111111111111111111111011111111111111
11111111111111111111111111111111111111111111111111111111111111111011111110111111111111111111111111111111111111101111111111111111111111111111111111111111111111111111111111111110111111111111111111111111111111111111111111111111111101111111111111111111111111111111111111111111111111111111111111111111111111111111111111111111111111111111111111111111111111111111111110111111111111111111101111111111111111111011100111111111111111111111111111111110
11111111111111111111111111111111111111111111111111111111111111111111111111111111111111111111111111111111111111111111111111111111111111111111111111111111111111111111111111111111111111111111111111111111111111111111111111111111111111111111111111111111111111111111111111111111111111111111111111111111111111111111111111111111111111111111111111111111111111111111111111111111111111111111111111111111111111111111111111111111111111111111111111111111
11111111111111111111111111111111111111111111111111111111111111111111111111011111111111111111011111111111111111111111111111111101111111111111111111111111111111111111101111111111111111111111110111111111111111111111111111111111011111111111111111111111111111111111011111111111111111111111111111111111111111111111111111111111111111111111111111111101110111111111111111111111111111111101111111111111111111111111111111111111111111111111111111111111
11111111111011111111111111111101111111111111110111111111111111111110111111111111111111111110111111110111111011111011111111111111111111111111111111110111110111111111111111111111111111111111101011111111111011011111111110111011111011111111111111111111111111111111111110111011111111111111111101011111100111111111111111111111111011011111111111111111111111111111111111111111111111111111111111111111111111111111111111111111011110111111111111110111
11110111111111111111111111111110111111111111111111111111111110111111111111111111111111111111111011111111111111111110111111111111111011110111111111111111111111111111111111111111111111111111111111111111111110111111111111111111111111111111111111111111111111111111111111111111111111111111111111111111111010111111111101111111111111111011111111111111111111011111111111011111111111111111111111111111111111011111111111111111111110111111111111111111
11111111111111111111111011111111111111111111110111110111111111110111011111101111111111111110101110110111111111111001101111111111011101111111111111111111111111111111111111111111111111111110111110111110111111110111111111011011111011111111111111111111111111111011111011111111111111011110111111111111111111111111010111111111111111111111111111101011011111001110111111111111111111111111111100111111111011011111111100111111111111111110111111111111
11111111111101111111111011111111110111111101111111111111110111111101111101111111111111111111111101111101111111111111111111111101111111111111101110111011011111111111111101111110111111111111111010101111111111111111011111111101101111111111111111111110111111111111111101111111111111101011111101111111111111111111111111111111110111111110111111111101110111111111110111111111111110111111111011111111111111111111111111111111111111111110110111011010
11111111111111111111110111111111111011111111111101111110111101111111111111111111001101111111011111111111111110111111111111111111111111111011011101111101011111111111110111111111111111111111111111011111111111111111111111111111111110111111111111111111111101111011111111111111111111111111111110111111111111111111111111111111111111111111111111111111111111111011111111111111111111111111111111111111111111111101101111111111111111111111111111111111
11111111111111111111111111111111111111111111111101111111111111111110010111111111101111011111111111111111011111111111111011111111111111111111111111111111111011111111111111111111011111110111111101111101111111111111111111111111111111111111111111111111111111111111111111110101111101001111111111111111011111111111111111111111010111111101111111111111111111011111011111111111101111111111111111111111111111111111111111111111110111111101111111110111
11101111111101111111111111111111111111111111111111011111111111000111111111111111111111111111010111111111111111111011111110111111111101111111111111111101111100111011111111111011111110111111011111111111111111111111111011111111111111111111111111011110111111111111111011111111110111111111111111111111111101111110111110111111011111100111111111111111111111011111111111111011111111110111010101110111111111111111111010111111111111111011111111111111
11111111011111111001101111111101110111110010111111111111101111111111111110111111111110111111111111111111111111111111111011111111101111111111111111111111111111111011101111111111110111111111111111111111111101111111111111110111111011111111111111111111111111111111111111111111111111111111111111111111111111111111111111111111100111111011111111111111111111111111111101110111111111111111111111111111111111101101111111111111111111111111111111111111
11111111111111111111011111111111111111111111111111111111111111111111111111111111111111111111111111111111111111111111111111111111111111111101111111111111111111111111111111111111010111111111111111111111111111111111111111111111111111111111111111101111111111111111111111111111111111111101111111111111101111111111111111111111111111111111111111111111110111111111101111111111111111111111111111110111111111101111111111111111111111111111111111011111
11111111111110110111111111111111111111111111111111011111111111111010111111111111111111110110111111110011111111110111111110111111111111111111111111111111111011111111111111111111111111111110111111111111111111111111111101110111111111011111111111011110111111111111111111111111111111011111111111111111111111111111111111111111111111111111111011111111111111111111111111111111111111111111111111111111111111111111111111111111110111111111111111111111
11110111111111111111111111111111111111111111111111111111111111111110111111111101111111111111111111111111111111111111111111101111111111111111111111111111111111111111110111111111111111111111111111111111111111111111111111111111111111111111111111111111111111111111111111111111111111111111111111111111111111111111111111111111111111111110111101111111111111111111111111111111111111111111111111111101111111111111111111111111111111111111111111111111
11111111111111111111111110111111111111111111011111111111111011111011111111111111111111111111111101111111110111100111111111111111011111111111111111111110011111111111111111111111101111111111111111111111111110111111111101111111111111111111111111111101111011111101111111111111111111111111111111101101111111111111111111111111101111111111111111111111111111111110001111111110010111111111111111111111111111111011111111111111111111111111011101111111
11111111111111111111111111111111111111111111111111111011111111111111111111111111111111111111111111111111111111111111111111111111111111111111111111111111111111111111111111111111111111111111111111111111111111111111111111111111111111111111111111111111111111111111111111111111111111111111111111111111111111101111111111111111111111111111111111111111111111111111111111111111111111111111111111111111111111111111111111111111111111111111111111111111
11111111111111111111111111111111111111111001111111111111111111111111111111111110111111111111111111111111111011111111111111111111111111101111111111111111111111111110111011110111111111111111111111111111111111111110111010101111111111111111111111111111111111111110111111011011011111111111111111111111111110111111111111111111111111111111111111111111111010111111011111111111111110111111111111111101111111111101110111110011101101111111111111111111
11111111111111111111111111111111111111011101111110111111111111110011111111110111111111101111111111110111111111111010111111011111111111111111100111111111111010111111111111111001111111111111111111111111111111111111111011111111111111110111111111111111111111111111111111111111111111110111111011111111110110111111111111111110111111111111111111111111111111111111111111111111111111111111111110111011111111011111111111111101111111110110111111111111
10111111111111111011010111111101111111111110011011111111111111111111111111111010111111111001111110111111111110111111111101111100111111111111111101110111111111110111111111110111011111111111111111111111111011111111111111011111111111111111111010111111111111101111111111110101110111111110111111100101111111101111111111111111111111111101111101111111111111111011111111111111111111111111111111101110111111111111111111111011111111111111111111111110
11111011111111111111111111111111111111101111111111111111111111110011111111110111111111011111111101110101111111111111010111111111111111111011111111011111111111111111111111111101111011111111111111111111111111111111111111111111111111111111111111111111111110111011111111011101111111011101111111100111111101111111101111111111111111111111111111110111111011111110111111111111111111111111111101111101111111111010111111111111110111111111101111111111
11101011111111111111011111111111111011111111111111111111110111111111111111111111111111111111111011111111111011111110111111111111111111111110111111111111011111111111111111101110111111111111111111111111111101011111111111101110111111111111111111111111101111111111111111111111011101111111100111110111011111011110111111111001111011101111111111111111111101111111111111111011111111011111111111111111111101111111111110111111101111111111111111111111
11111011111101111111111111111111111111111111111111111111111111111111111111111111111111111111111111111111111111111111111111110011111111111111111111110111111111111111101111110110111111111111111011111111111111111011111111101111111111111111111111111111111111111111111111111111111111100111111111111111111111111110111011111111101111111111110111111111111111111111011111111111111111111111111111111110111111111111111111111111111111111111111110111111
11111111111111111111111111111110111111111111111111101111111111111111111111111111111011111111111111111111111111111111111111111111101111111111111110111111111111111111011101111111111111111111111111111111111111111110111111111111111111111111111111111101111110111111111110111111011111111111111111110111111111111111111111111111111111111111110111111111111111111111111111111110111111111111111111111111111101111011111111111111111111111111111111111111
11001111101100111111111111111111100111111111111111101111111111011111011001011111111111111111111111111111111111100110111111111111011111111101111111111111111011111111111111111101111111111110011111111111111111111101111101011111111111110111111111111111111111111011111011111111111111101111011111111110111011101111111110111111111111111111111101111111111111111111111111011111111111101111111111111110111111101111111111110111111101111110101111111110
11111111111011111111111111111110111111111111111111111111111111111111111111111111111111111111111111111111111111111111111111111111111111111110111111111111101111111111011111111111111011111111011111111111111111111111111111111111111111111111111111111111111111101111111111111111111111111111111111111111111111111111111111111101111011111111111111111111111111111111111111111111111111111111111111111100111111111111111111111111111111111111111111111111
11111111111111110111111111111111111101110011111111111111111111111111111110111011111111111111111111111111111111011111111111111111111111111111111111111111111111011111111111110111001111111111111111111110111111111111111111111111111111011011111111101111111111111101111111111111111111101111111111111111111111111110110101110111111111111111111111111101110111101100111111111111101110101111111111111111111110111101111111111111111111111110111111111111
10111111111111111111111111011111111111111111011011111111111111111111111111111111111101111111111111111100111111111111111111111111111111111111111111111011111111111111011111101111110101111111111111111111111111111111111001111111111011111111001111011000101111101111110111111111111111101111101111111101101111101111111111011111111111111111111111110101110111111011111111111111111111111100110111111111111011111101101111111111111101111111111111011111
11110110111111111001111111111111111111110111111001101111110111111111111010111111111011011111111111111111011111111111111111111111111111011110111111111111111111110111011111111111110111111111111111111110111111111111111110111111111111011110111111110111111111111110111111111111101011111111111011111111111111111111111111111111111111101111111111111111101111111111111111111111101111111111111111101110111111111111111111111111111111111111111111111111
11111111111111111111111001111111111111111111111110111100111111111111111111111111111111111111110111101111111101111110111111101111111111111111111111101111111111010111111110110111111111111111111111111111101111111011111111111111111111111111111111111111111111111111111111110111111111111111111111111011111110111110111111011111111011110111111001111111111111111111111111011111011111110111111111111111111111110111111111111011111111111111111111111111
11111111111111111111111111111111111111011111111111111111111111111110111111011111111111111111111111111111111111110111111111111011111101111111111111111111111101111111111111011111111111110111111101110111111111111111111111111111111111111110111111101101111111110111111111111111011111111011111111111011111111111110110111111111111111111011111111111110011111111111110111111111111111111111111110111111111111011111111111111111111111111011110111111110
11111111111111111111111111101101111111111111111111110111111111111111111111111111111111111111111111111111111111111101111111111111111111111111111111111111111111011111111111111111111111101111111111111111111111111111111101111111111111111111111111111111111111111110111111111111111111111111111111101111111111111111111111111111111111111111111111111111111110111111111101111111111111111101111111111111111111101111111111111111110111111111111110111111
11111111111111011111111111111111111111111111110111111111111111111111111111111111111111111111111111111111111111111111111111111111111111111111111111111111111111111111111111111111111111111111111111111111111111111111111111111111111111111111111111111111111111111111111111111111111111111111111111111111111111111111011111111111111111111111111111111111111111111111111111111111111111111111111111111111111111111111111111111111111111111111111111111111
11111111111111111111111111111111111111111111111111111011101110011101111011111111111111011111011111111111111111111111111111111111111111111111111111101101110111111111111111111111111111110011111111111111111111111011111111111111111101111111110101111110111011111111011111011110111011011111111111101110101111111111111111111111111111111111101111111101111111111011111111101111111111111111111111111111111111011111111111111111110111111111011111111110
11111111111111111111111111111111111111111111111111011111111111101111111111111111111111111111011111111111110111111111111111111111111111111111111111111111111111111111111111011110011111111111111111111111111111111111111101111111111011111110111111111111111111111111111111111111111111111111111111111101111111111011111101010111111111111111111111111101111111111110111111111111111111111111111011111111111111111111111111111111111111111111110110111111
11111111111111111111111111111111011111111111111111111111111111111111111111111111101111111111111111111111111111111111111111111111111111111111111111111111111111111111111111111111111111111111111111111111111111111111111111111111111111111111111111111111111111111111111111111111111111111111111111111111110111111111111111111111111111111111011111111111111111111111111111111111111111111111111111111011111111111111111111111111111101111111111111111111
11111111111111111111111111111111111111111111111111111111111111111111111111101111111111111110111111111111111111111111011111111111111111111111111101101111111111111111111111111111111110110111111111110111111111111111111111111111111111111111110111111111111111111101111111111111111111111101111111111110110111111111111101111111111111111111111111111111111111111111111111111111111111111111111111111111111111111111111111111111111111111111111111111111
11111111011111111111101111111111111111111101110111110111010111111111111111111111111110110111101010111111110111111111011111111111111101111111111101111011111111111111111111111111111111110111111111111111111011101111111111111111111111111111111111011111111111111011011111111111111111111111111111011111111111111111110111111111111110111111111111111111111111111111111111111111111111111111111111111111111111111111111111111111111111111111111111111111
11111111111111111111111111111111111111111111111111111111110111111111111111111110111111111111111110101111111110111111111111111111011111111111111111111111111111101101011111001111111111111111011111111111111111111111111111111111101011111111111111111110011011011111111111011101111111111111111111110111111111001111111111111111111111011111111101111111111111111111111111101111111111111111111111111111111111111111111111111111111011111111111111011011
11111111101111111010011111111111111111111111111111110111111111111111011111111011011011011111111111111101111111110111011111111110011111111111111111111010111111111111111111111111111111111111111101111110111111111111111111111111011111111111111111011111111111111011111111111111111111111111101111111111111111011111101111111111100111111111111111111111111111110111011111111111110111111111111111111111101111101111110111111111011110011111111111111111
11101111111111111111110111101111111111111111011111111011111111111111111111011111110111111110111111111111111111111111111110111111111111111111111111111111111111111111111111111111111111111111111111111111111111111111111111101111111111111111111111111111111111111111111111111101111111111111111111111111111111111111111111111111111011111111111111111111111111111111111111111111111111111111111111111111011111111111111111111111111111111111111111101111
11011111101000111111111111111111111111111111111101111111111111111111111111111111110111011111111111111111111111100111111011110111101111111111111111100111111111111111111111111111111111111011111101111100111111111011111111111111111111111100110111111111111110011111111111111111101111110111111111111111111011111111111111111111111111111111111111111011111111111111111011111111111111011111111111111111101110110101111111111111111111111111111111111111
11110111111111100111111011111111111111111111111111111111111111111111110111101111111111111111111111111111111101111111111101111111010011111111001111111111111101111111111111111111111111111011111111111111111111111111011111111011111111111110111111111111111111111111111111111111111111111111111111111110110111111111111111101111111111111111011101111111111111111111111111111111111111111111110111111111111110111101101111111111111111111111111110111111
11111111110111111111111101111111111111111110111101111111111111111111111011111111111111110111111111111111111111110111111111111111111111111111111111111111111111111111111111111111111111111111111111111001111111111111111111111111111101111111011111111111111111111111111111111111111111111111111100111111111111111011111111111111111111111111111111111111111111111111101111111011111111111111111111111111111111011111111111111111111111111111111111111111
11111111011111111011111111111111111111101111011111111111110111011011111011111111001111111100011111111101110011111011111111111111110111101111111111111111111011111111111111111111011111111111111110111111111111101111111110111111111011000111110111111011111110111111111111011111111111011111110101111111111111111111101111101111111111011101111111101111111111111111111110111101111011111111111111111111111111111111111111101111111111111111111111111111
11110111111111111111111111111111101111111001111111111111111111111111111011111111111111011101111111111111111111111111111111011111110111111111111111111110011111111111111111111111111111111111111111111111111111111111111011011101111111110111111111111011111111111111111111011111101111111111111111111111111111111011111111111111101011101011101110110111111111111110111111111101111111011111111111111110001111111111111111111101111101101111111011111111
11110111111111111111111111111111111111111111111011111111111111111111111111110111111101111111111111111111110111111111111111111111111111110011111110110111111111111111111111101111110111111111101111111111111111111111110111111111111111111111111111111111111111111011111111111111111111111111111111111111111011111111111111101111111111011111111111111111111111111111111111111111111111111111111111110101111111111111111101011011111111101111111110111111
11111111111111111011111111111111010111111111101111111110111111111111111111111111111101111111111111111111111111111110111111111101111101111111111111111111111111111111101011111111111111111111111110111111101111111011111111111101011111111111111111011101111111111111111110111111110111111111111111111111111111111111111111111111111111111111111111111111111001111111101111111111111111111111111111111111111111111111111010111111111111111111111111101111
11111111111111111111111111110111111111011111111111111111111011111111111101111111111111011111111111111111101111101111111111111111111111110111111101111111111110111111111111111111100111111111111111111111111111111111011111111111111111111111111101111110111111111111111111111101111111011111111111111111110101111111111110111111111101111111111111101011111111111111111111110111011110111111111110111111111111111111111111111111111111111111111111111111
11111111011111111111111111111111110111110111111110111111111111111111111111111111111111111111011111111111111111111111111111111111111111111111111111111111111111111111111111111011111011111111111111111111111111111111111111111111111111111111111111111111110111111111111111110111111111111111111111111111111111111111011111111111111111111110111111111111111111111111111111111111111111111111111111110011011111111111111110111111111111111111111111111111
11111111111111111111111111111111111111111011011111111111111111111111111111111111111101111111111111110111110111111111111111111111111111111011101111111011111111111111111111111111111111110101111110111111111111111111111111111111111111111011111111111111111111111111111111111111111011111111111111111111111111111111111111111111111111111111111111111111111111111011110011111111111111111111111111101111111111111111111111111111011111111011111111111111
11011111111101111111111011111111111111011101011111111111111101111011111111101101111111111111111111011111111111111111101111111111111111111111111111111111111111111101011111111111110111011111111111111011111111111111011101111111111111111111111111111111111110111111011111110001111111111111111111111111111111100110110111111011111000111111111111111101111101111011111111111011111111111111100111111111111111111111111111111111111111111101111111111111
11111111111111011101111011111110111111011111111111011111111111111101111111001111111111111101111011110111111111101111111111111111111101111011111111111101111101111110111111011111111111111110111111111111111011111111111111111111111111111111111101011101011111111011111111111111111111111110111111111111111111011011110111111111111011111110011101111111111111111111110111111101111111111111111111111111010111110111111111111111111011101011111111111111
11111111111111111111111111111101111111111111111111111110011111111111111111111111111111111111111111111011111111111111111101111111111111111111111111101111111111111110111111111111111111111111111110111111111111111111111111111101111111111111111111111111110111111111111111111111111111111111111111111111011111111111111111111111111111111110111111111111111111111111111111111111111101111101111111111111111111111111111101111111111111111111011111111111
11111111111111111111111011111111111111111111101111111111111101111111111111111111111111111111111111111111111111111111111111111111111111111111111011111111111111110111111111111111111111111111111111111111111111111111111111111111111101111111111111111111111111111111111111111111111111111111110111111111111111111111111111111111111111111111111111111111111111111111111111111111101111111111111111111111111111111111111111111111111111111111111111111111
11111111111111111111110111111111111111111111111101101111101111111111111111111111111111111111111111111111111111111111111011111111111111111111111111111111111111111111111111111111111111110111111111111111110111111111111111111111101111111111111111111111111111111111011111111111111111111111111111111111111111111111111111111111111111111111111111111111111111111111111111111111111111111111111111111111011111111111111111111111111111011111101111111111
11111111111111111111111111111111111111111111111111111111111111111111111111111111111111111111111111111111111111111111111111111111111111111111111111111111111111111111111111111111111111111111111111111111111111111111111111111111111111111111111111111111111111111111111111111111111111111111111111111111111111111111111111111111111111111111111111111111111111111111111111111111111111110111111111111111111111111111111111111111111111111111111111111111
11111111111111111101111111111111111111111111111111111111101111111111111111111111111111111111111111111111111111111111111111111111111111111111111111111111111111111111111111111111011111111101111111111111111111111111111011111111111111111111111111111111011110111111111111110011111111111111111111101111111111111111111111111111111111111111111111110111111101111111111111111111111111111111111111111111111111111111011111111111111111111111111111111111
11111110111111111111111111111111111111111111111111101111111111111111111111111111111111111101111111111111111111111111111111111111111110111111111111111111111111011111111111110111111111111111111111111111111111110111111101111111111111111111111111111111111111011111111111111111111111111111111111111111101111111111111111111111111111111111111111111111111111111111111111111111111111111111111111111111111111111111111111011111111111101111111111101111
11111111111111111111111111111111111111111111110111111111111111111111011111111111111111111111111111111111111111111111111111111111111111111111111111111111111111111111111111111111111111111111111111111111111111111111111111111111111111111111111111111111111111101111111111111111111111111111111111111111111111111111111111011111111111111111111111111111111111111111111111111111111111111111111111111111111111111111111111011111111111111111111111111111
11111111111111111111111111111111111111111111111111111111111111101111111111111111111111111111111111011111111111111111111111111111111111111111111111111111111101111111110111111111011111101111111111111111111111111111111110111111111111011111111101111111111111111111111111111111111111111111111111111111111101111111111111111101111111111111111111111111111110111111111101111111111111111111111101101101111011111011111111111111111111111111111111111111
11111111111111111010111111111011111101101110111111110111101111111111111111111111111101111101111111011111111110111111111111111110111111011101111111110111110111111111111111111111111111111001011111011111110111111111111111111111111111111110111011111111011111110110111111111011111111101111111111111111111111111011110111111110011101111111101111111111101111110111111111111011111111111111101110110111111110111111111111111111011111111111111111111111
11111111111111111011111111111111101111111111111111111111111111011110110111111111111111101011011111111111111101111111111011111101011111111111011111111111011001111111111111111111111111111111111111111111111111111111111111111111011111111011111111111111111011111111111101011111111111111111111111111111111111111011101111111111111101111101111111111111111111111111111110111001111111111111111111111111101111111111111111111111111111101111011111111111
11111111111111111111111110011110111111111111101111111111111111111110111111111111111110111111111111111111111111110111111111111111110111111111111111111111111111111111111111111111111111011111111111111111111111110111111111111011111101111111111111111111111111111111111111111111111111111111111111111111111111101111111111111111111111111111110111111111111111111011111111011110111111111111111110111111110111111011111111110111111111111011111111111110
11111111111111111111111111110111111111111111111011111111110111110111111101111111111110111111111111111111111111111111111111111111111111111111110111111111111111111111111111101111111110111111111111111110111111111101101111111111111110111111111111111111111111101111111111110111111111111111111011111111111111110111111111110111011111101110011110111111111111111111111111111111101111110111110111111111011111111111111111111111111011101101111111111011
11111101011011111111111100101111111101011111111101011011111111111111111111111111111101111111111111011111111111111111101111111110101111111111111111011111111111111011111111111111111011110111111111011111111111111101111111111111111111111110111111111101111111111101011111111011111111111110111011111111111111111101111111110011111101111111101111111111111111111111111111111111101111111111111111111111101111111111110111101111111111111111111111111101
11111111111111111101110111111111111011111111111111111111101111111111111111111111111111111111011110111111111111111111111111111111110111111111111111111101111111111111111111111111101111111100111111111111111111111111111110111111011111111111110110110101111110111111111011110111111111111110101111110111111111111111111111111111111111110010111111101101111111111110111111111111111101111111111111111101111111011101111111111011101111111111111110111110
01101111111111111111111101111111111110111011111111101111111111110011111111111111111011111111111111111111111111111111111111111111111111011111111111111111111111111011101111111111111111111111111101101110011111111111111101110111111111011101111111111111111111001111111111110011111111111111111111110111111111111111111111111111111111111011101111111111101111111111111111111011111111111111111111110111111111101111111011111111111111101111111111111011
11111111111111111111111111111111111111111111111111111111111111111111111111111111111111111111111111111111111111111011111111111110111111111111111111111111111111111111111111111111111111111111111111111110111111111111111111111111111111111111111111111111111111111111111111111111111111111111111111111111111111101111111111111111111111111111111111111111111111111111111111111111111111111111111111111111111111111111111111111111111111111111111111111111
