11111111111111111111111111111111111111111111111111111111111111110111111111111111111111111111111111111111111111111111111111111111111111111111111111111111111111111111111111111111111111111111111111111111111111111111111111111111111111
11111111101111111111111111101110111111101011111111110111111111101111111111111111111110111110111111111111011111111111111111111111111111111111111111111111111110111111011111111111011011111111111111111111111110111111111111111111111111
11111111111111111111111111111111111111111111111111111111111111111111111111111111111111111111111111111111111111111111111111111111111111111111111111111111111111111111111111111111111111111110111111111111111111111111111111111111111111
11111111111111111111111111111111111111111111111111111111111111111111111110111111111111111111111111111111011111111111101111111111111111111111111111111111111111111111101111111111111111111111110111111111111111111111111111011111111111
11111111111111111111011111111111111111111111111111111101111111111111111101111111111111111111111111111111111111111111111111111111111111101111111111111111111111111111111111111101111111111111111111111111111111111111111111111111111111
11111111111111111111011111111111111111011111111011111111111111111111111111111111111111011110111111101111011111111111111111111111111110111111111010111110111011111011111110111111111111110110110111111111111011111111110011111111110111
11111111111111111111111101111111110111111101111111111101011110111111111111111111111111111111111111111011111111111101111111011110110111111111111111111111111111111111111111111111111111110111110111111111111110111111111110110111111110
11111111111111111011110111111111111111111111111111111111111111111111111111111111111101111111111111111111111111111111111111111111111111111111111111111111111111111111111111111111111111011011111011011111110111111111111111111111111111
11111111111111011111111111111111111011100111111111111101111111111111111101111101101111111111101110111111110110111111111111111111111111111111111111111111111111111111111111111101011111111111111111111111100111111011011111101011101110
11111111111111111111111110111111111101111111111111101111111111111111111111111111111111101101111110111111111111111111111111111111111111111111111111111111111111111111111111111111111011111111111111011111110111111111111111111101111111
10101110011111110101101111111111111111011111011111111011111011111111111111111011111111111111111110111111111111111111111111111111111111010111111111000111110011111111111111111111111111111111111101111111111110111101111111111111111111
11111111101111111101111111111111111101111111111111110111111111011011011110111101011111101101111110111111111111111111101111111111111111110111011111111111111111111111111101111111111111111111111111010111101011111011111111110111111111
11111111111111111111111111110111111111111111111110011111111111111111111110111111111101111111101111111111111111111111011111111111111100010111111111111111111111111111011111111011011111010011111111011011111111111111111110111110111111
01111111111111111111111001101111111111111111111111111101111111111101111111111111111111110111111111111111111111101111110111111111111110111111111110111111110111111110111111101111111011111111111101011111111111111011111111110101111101
11111111111111111111111111110111111111111111111111111101111111011111111111111110111111111111111111111111111111011111111111111111111101011111111111111111111111111111011111111110111111111111111111111111111101111111101111111111111111
10111111111110111111101111101111101111111111111101110111111011110011111111111111111111111111111111111111111110111111111111111101111111111111110111111111110111111111111111111110011111111111111111111011111101111111111111110111111111
11111101111111111111101111111111111111111111111111111111111111111101111111111111111111111111111111111111111111111110111101111111111111111111111111101111111111011111111111111101111011111111111011111111011111111010111111111111011111
11111111111111111111111111111111111111111111111111111111111111111111111111111111111111111111111111111111111111111111111111111111111111111111111111111111111111111111111111111111101111111111111111111111111111111111111111111111111111
11111111111111111111111111111111111111111111111111011101111111111111111110111111111111111111111111111111111111111111111011101111111111111111111111111111111001111111111111111111111101111111111111111111111110111111111111111111111111
01111111111111111111111111111111111111011111111111111111111011110111111011111111111111111111111111111111111111111111111111111111011111111111011111111111111111111111111111110111111111110111111111111111111111111111111111111111111111
11111111111111011111111110111110111101111110111010111101111111111111111111111111111111111111111111101111111100101111111111111111111111111111001111111111111101011111111110111101111011111111110110111110111111011111111111111111111111
11111111101111111111111111111111111011011111111111111111111111111111111111111111011111111111111101011111111111101111110101111111111110111011111011111101111111101111111111101111111111111111111111111101111101101111111111111111111111
11111111111111111111111111111111111111111111111111111111111111111111111111111111111111111111111111111111111111111111111111111111111111111111011111111111111101111111111111111111111111111111111111111111111111111110111111111111111111
11111111111111111101111111111111111111111111110111111111111111111111111111101111111101111111110111111111111111111011111111111111111111111110111111111111111111110111111111110111111110111111110011111010111110111101011111010111111111
11111111111111111111111111111111111111111111111111111111111111111111111111111111111011111111111111111111101111111111111101111111111111111111111111111111111111111111111111111111111111111111111111111111111111101111111111111111011111
10111110111111111011111111101111111111111111111111111111101111111101111111111011111111111111111111111111010111111101111101111111111111111111111111011111111011111111111111111111111111111111111011111111111110011111111110111111101111
11111111111111101111111101111111111111111111110011111111111111111101111101111111111111111111111111111111011111111011111111111111111011101111111111111111111111111111111111111111110111111111111111111111111111011111111111111101111111
11111111111111111111111111111001111111111111100111011111111111111111111111111111111111111111111111010111111110111111111111111111110110111111111111111111111111011111111111111111011111111011011111111111101101111111111111111111111111
11011111111111100111111111111101111111111111110111111111111111101011111111111011111111111110111111111111111111111111111111011111011111000111111110111110111111111111111111101111111110111110111111111111101111111111111111111101111111
11111111111111111111111111111111111111111111111111111111011111111111111111111111111101111111111111111111111111111111111111111111111111111111110111111111111111111111111111111111111111111111111111111111111111111110111111111111111111
10111111111111101111111111111111110111111111111111011111111101111111111111111111111111011111111111111111111111111111110110111111111111111101011111111111101111111111111111111111011111111111111111111111111111101111111111011111111111
01111111111111111111111111111111111111111111111111111111111111111101111111111111111111111011111111111111111111111111111111110111101111111011111111111111111111101111111111011111111111111111111101111101111111111111111111111111111111
11101111111111111111111111111101111111111111111111111111111111111111111111111111111110111111110111111111111111111011111111111111111101101101010111111111111111111111110111111011001111011110111111101110111111111101111100111111111111
11111111111111111111111111111111111111111111111111111111111111111111111111111111111111111111011101111111111111111111111111111111111111111111111111111111111111111111111111111111111110111111111111111111111111111111111011111111111111
11111111111111111111111111101111111111111111111111111101111111111111110011111111111111111111110111110011100101111111111111111111111111111111110111111111111111111111111101101111111111111111111111111111111111111111110111111111111011
11111111110110111101101111111011111111111111111111101111011111111111111111101101111111111111101111111111101111111111111111111111111011111111111111111111111011111111111111111111111111111111110111111110011111101111111011111110111111
11111111111111111111111111111111111111111111101111111111111111111111111111111111111111111111111111111111111111111111111111111111111111111111111111111111111111111111111111111111111111111111111111111111111111111111111111111111111111
10101111111111110111111111111110111111111110111111111111111111111111111111110111111101110111111011111111011111111111111111111111111110111111110111110111111111111111111110111111111111111111111111111111111011111111111101011111111111
11111111111111111111111111111101111111111111111111111111111111111101111111111101111111111011111111111111111111011111111111111111111111111111111011111111111111111111101111011111111111111111111111111111111111111111111111111111111111
11111111111111111111111111101111111111111110111111111111111111101111111111111111111111111111111111111111111111110111111111111111111111111111111111111111111111111111111111111111111111111110111111111111111111111111111111011111111011
11111111101111011111011110111111111111111111111111101111010111111111111111001111111111101111111111111111111111111101111111111011011111111111111111111111111111111111001111011111111111111111111111111111111111111111111111111111111011
11111111111111111111111111111111011111111011101111111011101111111111111111011111111110111011110111111111111111111111111111111111111111111111111111111111111111111111111111111111111111111111111111111111110111101111111111111111111111
11101111111111111111111111111111111011111111111111111111111111010111111111111111111101110111111111111111111111111111111111111111111111111111110111111111111111111111111111101111111111111111111111111111111111111111111111111111111111
11111111111111111111111111111101111111111111111111111111111111111111111111111111111111111111111111111111111111111111111111111111110111111111111111111111111111111111111111111111111111111111111111111111111111011111111111111111111111
11111111111111111111111111111111111111111111111111111111111111111101101111111111111111110111111111111111111111111111111111111111111111111111111011111111111011111111111111111011111111111111111111111111111111011111111111111111111111
11111111101101110111101111111111111110111111111110111110111110101101111111110101111111111101111111111111111111111111111111111111111111111101111111111110111111111111111111111111111111111111111111111111111111111111111111111111110111
11111111111111111111111111111111111011101111111111111111111111111111111111111111111111111111111011111111111110111110111011111111111111111111111011111111101101111110100111111111111111111101111111011111111111111110111111111111111111
11111111111111111011111111111110111010111111111011111111111111110111111101111111111111111111111111111110111111111111100111110111111111111111111111111111111111111111111111111111101011110111111111111111111111111111110110101111111111
11111111111111111111111111111111111111111011111111111111111111111111101111111111111111111111111111111111111111111111111111111111111111111111111111111111111111111111111111011111111111111111111111111111111111111111111111111111111111
11111111011111011111101111111111110111111111100111111110111110111101111111111111111111111111110011111111111111111111111101111011111111101111111111111011111111111111111111111111111111111111111110111111111111111111111111111111111111
11111111101111111111111101111101111111111011111111101111111111111111110111111111111111011111111111011011111111111111111111011111111111111111011111111101111111111010111111111111101111101111111111010111111111011111111111010101111111
11111111111111111111111111111111111111111111111111111111111111111111111111111111111111111111111111101111101110111111111111111111111111111111111111111111111111011111111111111111111111111111111111111111111111111111101111111111111111
11111111111111111111111011111111111111111111111111011011111110111111111111111111111111111111111111101111111111011111111101111011111111111111100111111111110111111111101111100111111110111111111111011111111111111111111111111111101111
11111111111111110110111111111111111011111110111111111111111011111011011111111111111111100111111111111111111111111111111111011111111111101111111101111111111111111111111111111111111111111111111111111111111111111110111111111111111011
01111111111111111111111111111111111111011111111111111111111111111111101111111111111011111111111101111111111111111111111111111110111111111111111111111111111111111111111111111111111111111101111111111111111111111111111110111111111111
11111011111111101111111111111111101111111111111111111111111111111111111111101111111111111011111111111111110111111111111110111111110111111111111111111111111111111111111111111111111111111111111111111111111111111111111111111111111111
11111111111111111111111111111111111111111111111111111111111011111111111111111111111111111111111111111111111111111111111111111111111111111111111111111111111111111111110111111111111111111111111111111111110111111111111111111111111111
11111011111111111111111111111111111111111111111111111111111111111111111101111111011110111111111111111111111111111111111111111111111111111111111111111111101111111111111111111111111111111101111111111110111111111111111111111111111111
11111111111111111111111111111111111111111111111101111111111111101111111111111111111111111111111111111110111111111111111111111111111111111111011111111110111111111100111111111111111111111011111111111111111110111111111111110111101111
11011111111011111111111111111111110111011110111111111111111111111111111111111111110111111111111111111111110111111011111111111111111111111111111111111011111101111111111111111111111011111111111111111111111111111111111111111111111101
11111111111111111111111111111101111001111101111111111111111111011111011111111111111111101111111111111111111011111111111111111100111111111111111111111111111101111111111111111111110111110011111111111111111111110111111101111111101111
11111101111111111111111111111101111111111101110111111111110111111111111111111011110111111111101101111111001111111111011111111111111111111001111101111111111111110111111111111111101111111111111111110111111011111111111011111011111101
11111111110111111111110111111111111111111111111110111111111111111101111101111111111111111111111111111111011111111110111110111111101111111111111111111111111111111111111111111111111111111110111111111111111111111111111111111111110111
11111110111111111111111111110011111111111111111110011111111111111111111111111111111111111111111111111111111111111111111111111111111111111111111111111111111111111111001111111111101111111111111111111111111111111111111101111111111110
11111111111111111111111111111111111111111111111111111111111111110111111111111111111111101111111111111111111111111111111111111111111111111111111111111111111110111110111111111111111111111111111111111111111111111111111111111111111111
11111111111001111111111101111111111111111111111111111111011111101111011111111111111101110111111011111011111111111011111111111101011111111111111111111001111111111111111111111111111101111111111111100111111111111111111101111111111101
11111111111111111111111111111111111111111111111111111111111111111111111111111111111111111111111111111111111111111111111111111111111111111111111111111111111111111111111111111111111111111111111111111111111111111111111111111111111111
11111111111111111111111111111111111111111111111110111111111111011111111111111111101101111110111111111111111111110111111111111111111111101111011111111111111111111110111111010111011111111111111111111111011101110111111111111111111111
11111111111111111111111111011111110111110111101111111111111111011111111111111111111111001111111110111011111111111101111111111111110111111111111111111111111111111111111111101111111111111111111111111111111111111111011111111011111111
11111011101111110111111111111111011111111111111111111111111111111111011111111111111111101111111111111111111111111111001111111111111111111111111111111111111111111111111111011111111111111111111111111111111111111111111111111111111111
11111111111111111111101111111111111111111111111101111111111011111110111111111111111111111111111111111111111111111111111111111111111111111111111111111101111111111111111111111111111111111111111111111111111111111111111111111111111110
11111111111111111111111111111111111111111111111111111111111111111111111111111111111111111111111111111111111111111111111111111111111111111111111011111111111111111111111111111111111111111111111111111111111111111110111111111111111111
11111111111111111111011111111111111011111111111111111111111111110101111111111101111110111111101110111110111111111111001111111111111111111111111111111111110100111111110111111111111111111111111111010111111111101011111111011010111111
11111111111111111111101111111111110111111111111111001111111111111111111111111111011111111111111111011110111111111111111110111111111111110111111111111111111111110111111111111111111111111111111111111111101111011111111111111111111011
11111111011111111111111111111111111111111111111111111111111111111111111111111111111111111111111111110111111111111111111111111111111111111111111111111111111111111011111111101111111111111011111111101111111111111111011111111111111111
11111111111111111111111111111111111111111111110111111111111111111111111111111111111111111111111111111111111101111111111111111111111111111111111110111111111011111111111111111111111111111111111111111111111111111111111111111111111111
11111111111111111111111111111111111111111111111111111111011110111111111111111111111011111111111111111111111111111111111111111111111111111111111111111111111111111111111111111111111111111011111111111111111111110111111111111111111111
11111111111111111111111111111111111111111111111111111111111111111111111111111111111111111111111111111111111111111111111111111111111111111111111111111111111111111111111111011111111111111111111111111111111111111111111111111111111111
11111111111111111111111011111111011111111111111111111111111111111111111111111111111111111111111110111011111111111111101111111111111111111111111111111111111111111111111111111101111111111111111111111111111111111111111111111111111111
11111111111111111111111111111111111111111111110111111111111111111111011111111111111111111111111111111111111111111111111111111111111111111111111111111111111111111111111111111111111111111111111111111111110111111110111101111111111111
11111111110111111111111111111111111111111111111111111111111111111111110111111111111111111011111101011111111111111111111111111111111111111111111111111111111111111111111011111111111111111111100111111111111111011111111111111111111111
11011111101111111110111111111111101111111111101111111111111111111011111111011111111110111111111111111111111011111111111111010111111111111111100111111110101001111111111101111111111111111111110100110111111111111111111111111111111111
11111111111111111111111111111111111111111111111111111111111111111111111111111111111011111111111111111111111111111111111111111111111111111111111111111111111111111111111111111111111111111111111111111111111111111111111111111111111111
11111111111110111111111111111111111111111111111111111111111111111111111111111111111111111111111111111111111101111111111111111111111111111111111111011110111111111111111111111111111111111110111011111111111111111111011111111111111111
11111111111111111111111111111111111111011111111111111111111111111111011111111111111111111111111111111111111111111111111111111111111111111111111111111111110110111111111111111111111111111111111111111111111111011111111111111111111111
01110111111111111111001111111110110101110111111011111111111101111011111111111110111101111111111110111111111111111111111111111011111101110110111111111111111111111111111111111110111111111111111111111110111111111111111110111111011111
11111111111111111111111111111111111111111111111111111111111111111111111111111111111111111111111111111111111111111111111111111111111111111111111111111111111111111111111111111111111111110111111111111111111111111111111111111101111111
11111111111111111010011111111011111111111111111111111111111111111111111111111111111111111111111111111111111111111110111101111111111011111111111111111111111111111011111111111111111111111111111111111111111111111111111111101111111111
11111111111111111111111011111111111111110111111111111111101111111111111111111111111111111111111111111111111111111111101111101111111111111111111110111110111111111011110111111111111111111111111111111111110101010111111111111101111111
11110111101111101111111101111101111111110111101111101111111111011101111111111101110111111110111111110111111111001111111111111111111111101111111111111111101111111111111111111110011111111111111111111101111111111111111111011111111111
11111111111111111111111111111111110111111111111111111110111101101111111111101111111111111111111111111111111110111111010111111111111111111101110111111111111111010011101111111011111111111111101101111011101111110101111111111111101011
11111111111111111011111111111111111111111111111111111111111111111011111111111111111111111111111011111111111111111111111111111111111111111101111111111111111111111101111111011111111111111111111111111110111111111111111111111111111111
11111111111111111111111111111111111111111111111111111111101101111111111111111111111110111111111111110111111011111111111111111111111111111111111111111111110111111111111011111111111111111111111111111111111111111111111111111111101111
11111111111111111111111111111111111111111111111111111011111111111111111111111111111111111111111011111111111111111111111111111111111111111111111111111111111111111111111111111111111111111111110111111111111111111111111111111111111111
11111111111111111101101101111111101111111111111111111011111111111111111111111011111111111111111111111101111111111111101110111111111111111111111111011111111111111111111111111111111111101110111110110111111111111111111111111111111011
01111111111111111111111011111000111111111101011111111111111111111110111111101111110111111111011101111110111110111111111111111111111110111111111111111111101111101111111111111111101111111111111011111111111100111111111101111111111111
11111110111111111010111111111110111101111111111111111111111001111111111110111111111101111111101111111111101111111111111111111101111111111110111111111111111101111111111111111111111101111111111101111111111101111111111111110111111111
11111111111111111111111111111111111111111111111111111111111111111011111111111111111101111111111011111111111111111111111111111111111111111111111111111111111111111111111111111110111111111111111111111111111111111111111111111111111111
11011111111111111111111111111111111111111101111111011111111111111011111111101111111111111111111111111111110100111111111111111111111111111111111111011111101111111111111111111111111110111111111111111110111111111111111111111111011111
10111011111111111111111111110111111110111111111101111111110111111101110111010111111111111111111101111111101111111111111111111111111111111101110111011111110111010101111111111111011111111111111011011111111111111111111111111111111111
