111111111111111111111111111111111111111111111111111111111111111111111111111111101111111111111111111111111111111111111111111111111111111111111111111111111111111111111111111111111111111111111111111111111111111111111111111111111111111111111111111111111111111111111110111111111111111111111111111111111111111111111111111111111111111111111101111111111111111111111111
101111110011111111111111111111111111111111011111111111011111111111111111111111111111110011111111111111101111111111111111111111100111111111111111111111111111111111110110111111011110111111111111111111111111110111111011111111111101101111111111111111111111110111111111111110111110100111110111111111111111111101111111111111110111111111111111111111111111111111111111
111111101111111111111101111111111111111111111111111111111110111111111110111111111111111111111110111111111111111111111111111111111011111111111111111111110111111111111111111111111111111111111111011111011111111111111011111111011111101111111111111101111111111011111111111101111111111111111111111111101110111111111111111111111110111111111111111011111111111011110111
111111111111111111101111111111111111111111111111111111111111111111111111111111111111111111111111111111111111111111111111011111110111111111111111111111111111111110111111111111111111111111111101111111111111011111111111111111111111111111111111111111111111111111111110111111111111111111111111111111111011111111111111111111111111111111111111111111111110111110111111
111111111111110111011111011110111111111111110101111110111111111101011111111111011111111111111101110111110111011111011111111111111111111111111101111111111111111111110111111011111111101011111111111111111111111101111111011101011111111111111101111111111111111111111111111111111111101110111111101111111111111101111111111011101111111111111111111111101101111111111111
111111111111111111111111111111111111011111111111111111111111111111111111111111111111111111111111111111111111111111111111111111111111111111111111111111111111111111111111111111111111111111111111111111111111111111111111111111111111111111111111111111111111111111101111111111011011111111111111111111111111111111111111111111111111110111111111111111111111110111111111
111111100111111111111111111111111101111111111111111111111111110111111111111111111111111111111111111111111111111111011101111111111111111111111111111111110111111011111111111111111111111111111111111111111101111111111101111111111111111111111111111111011111011111111111111111111111111111111111011111111111111111111111111111011111101111111110111111111111111111111111
111111111111101111111111111110110111111100111101011111101111110101111110111111111111111111111101111111111111111101111011111011111111111101111111101111111111111111111111111111111110111111110011101101111011011101111111111111111111111111111101111111101111111111111111110110111011110111111101111111111111111111111111111111111111111111111111011111111111101111111111
101111110111111111111111111111111111111111111111111011111011111111111111111111111111111111111111111111111111011111111111111111111111111111111111111111111011110111111111111111111111111111011111111111111111111111111110101111111011011111111111111111011110111111111110111111111101111111111111111111101111111111111111111111111111111111111110111111111110111111111111
111111111111111111111111111111111111111111111111111111111111111111111011111111111111111111111101111111111110101111111111101111111111111111111111111111111111111011111111111110111111111111111111111111111111111111111111110111111111111011111111111111111111111111111111111111111111111111111111111111111111111111111111111111011111111111111111111111111111111111111111
111111111111111111111111111111111111110111111101111111111111011111111110111111111111111111111110111111111111111011111111111111110111111111111111111111111111111111111111111110111111111111111111111101111011111111111111111111111111111011111111111111111111111111111111111111111111111111110110110101111111111111111111111111111111111111111111111011111111111111111111
111111000111011111111101110111111111110111111111111111111110111111111111001101111111011111111111101111111111111111111111110111111111101110111111111111111111111111101101111111111111111111110101101111111111111111101110101011011111101111011111111111111111111111111111011111111111111111111111111111111111111010111111111111111111011111111111111111111110111111111111
111111111111110111111111111111111111111111111111111111111111111111111111111111111111111111111111111111111111111111111111111111111111111111111111111111111111111111111111111111111111111111111111111111111111111111111111111111111111111011111111111111111111111111111111111111111111111111111111111111111111111111111111111111111111111111111111111111111111111111111111
101111111111111101111101111111111111011111111100111111111011011111111111111111111111111111111100011110101101110111111111101111111111011111111110111111111111111111111111111111111111111111111111111011111111111111101101111101101110111111111111111111111101110111111011111110111101111111111111111110111111111111111111111111111111111111111111011111111011111110111111
111111111111111111111111111111111111111111111111111111111111111111111111111111111111111111111111111111111111111111111111111111111111111111111111111111111111111011111111111111111111111111111111111111111111111111111111111111111111111111111111111111111111111111111111111111111111111111111111111111111111111111111111111111111111111111111111111111111111111111111111
111111111111111111110111111111111011111111111111111111110111111011111011111111101111111111111111111111111111101011111110010111110111111111111111111111111111111111111111111111111111111111110011111110111111011011111101101111111111111111110111111111110111111111111111111111111111111111111110100111111111101111111011101111111101111111011111100111111111101111011111
101111111011111111111011111111111111101111111111111111110111110111110111111111111111111111111111111111111111111011111111111111111111101111111111111111111111111111111111111011111111111111111111111111111111111111011111111011111111101111111011111111111111111111111111111111111111011111011111111011111111011111111110011111111111111111011111111111111111111111111111
011101111101111111011111111101111111011111111101111111111111111110110101111111111111111111111111101011111111111110111111111111110111111101111111111011111111111111111011111101110101111111111011111111111110101111111111111011111110011101111101111111111101111111111111111111111111111111111111111110111011111111101111111111111111111111111111111111101111111100111101
111111111111111111011110111111111111111111011111111111111111011111111011111111111011111111111111111111011011101111111111111111111111111110101111111111111111111111111111101111011110111111111111111111111111111111011111111101110111111111111111111111111111111111110111101101111111011111110111111111111111111111111110010111111101011111111111111101111111101101111111
111111111111111111111111111111111111111111111111111111111111111111111111111111111101101111111111111111110111111111111111111111111111111111011111111011111111111111111111111111111111111111011111111101111111111111111111111111111111111111111111111111111111111111011111011111111111111100111111111111111111111111111111111111111111101010111011111111011111111111101111
110111111111110111111111111111111111111111111111111101111111111111111111111111011111111111111111111111111111110111111101110110111111111111111111111111111111111111111111111111111111111011110111111111111111011011111111111111111101111110111111111111111111110111111111110111111111111111011111111111111111111011111111111111111111111111111101111111111111110111111111
110111111011111111111110111111011111011111111111111111011111111111111111111111111111110111111111111111111111111101011111111111111111111111111111111111111111101111011111111111111111111111011111011111111111111111111110111111111110111101111110111111110111111111111101011111111100111111111111111100111111111011100101111111101111111101111111111111111111111111011111
111111101111111111111111111111111111111111110111111111111111111111111111111111111111111111111111011111111111111111111111111111111111111111111111111111111111111111111111111111111111111111111111111111111111111111111111111111111011111111111111111111110101111110111111111111111111111111111111011111111111111111111111011011111111111111111111111111111111111111111111
111111110111110111111101111111111111111111111111111111011111111111011111101111111011111111111111111101111111111111111111111111111111111111011111111111111111110111011111111111111111111111011111101111111111111111101111111111111111111111111111111111111111111111111111111111111111111111111111111111111111011101101111111101111111111111111111111111110111111111111111
111011111111011111111111111111011110011111111111111111111111111111111111111101111111111110111111111111111111111011101111111111111111011111111011111111111110111111011110111111111111111111111110110101111111111001111111111111111110111111111111111011111111111111111111111111111111110111011111111111111111101111111111111111111111111111110111111111111111111011011111
111101110011111111111111111011111111111111111111111101110111111111111111111111111111111111111111111111111110111111101101111111111111111111111111111111111111111011111111111111111111101111111111111111111101111111111111100110111100111111011111111111111011110111111111111111101111101111111111111111111111111111111111111111111111110111111111111111111111111011110111
111111111111111111111111111111111111111111111111111111111111111111111111111111111111111111111111111111111111111111111111111111111111111111111111111111111111111111111111111111111111111111111111111111111111111111111111111111111111111111111111111111111111111111111111111111111111111111111111111111111111111111111111111111111111110111111111111111111111111111111111
111011111111111110111111111110111111111111111111111110111111111111011111101111111011111111110111101111111111111110111111111111111011111111111111101011111111111111111111111110111111111011111111111111111111011111111111101111101111111111111101110111111111101111011011111111111111100111101011110110111111111111111111111011111111111111111111111101111011011110011111
111111111110111111111111111010111111101111011111110111111111111111111111110111111111110111111111111111101111111011111111101111111111111111111111111111111011110111111111111111111111111110011111011111111111110111111111011111111011110111111011111011111111111011111111111111101111111111111101110111111111101101111111111011111111111111011011111111111111111011111111
111011111110111111111111111111111101110111110111111111010111111111111111111111111111111111111111111111111111111110111111111110111101111110111111111111111111011110101111111011111111110111110111111111001010111111101111111111111011011111111111111111111110011111011111111111111111111111111110111111111110111111110111111111100111111111111111111111111111111111111111
101111110101011111111111111110111101111011111111110111111111111111111111111011111111111111111011111110111011111111111111111111111111111111111111101111011111111011111011111111111110011111111111111101111111011111111111011111111101111111111111111011111111111110111110111111111111101111111101111111111111111111111110111111111111111111111111011111111111111111111111
111111111111111111111111111111111111111111111111101111111111111111111111111111110111111111111111111110111111111111101111111111111111111111111011111111111111111111111011111111011111111111111111111111111111111111101111011111111111111111111111111111111111111111111111111111111111111111111111111111111111011111111111111011111111111111111111111111111111111111111111
111111111111101111111011111110111011111110111111111101111101111111111110111111111111111111111111111101111111111111111111110111110111111111111111101111111111111111111110011111011111111111101111011111111111111111111111111111111111111101111110011111111011110111111111111111111111110111111111111111111111111111101101111111111111111111111111111111111111111111110101
111011011111111111111111111111100111111111111111111111111110111111111111110111111111111101111111111011111011111111111111111111111111111110111111011111111101111111111111011111100101111111111110111111111111111111111111110111111111111111111111111110111111111110111111111111111111101111001111111111111111111111111111111101110110111101111111111111111111111111111111
111011111111111111111111111111111111111111111111111101111111111111111111111111111111111011111111111111111111111111111111111111111111111111111111011111111111111111111111111111101111111111111111111111111111111110111111111111101111111111111111111111111101111111111111111111111111111111111111111111111101111111111111111111111111101111111111111111111111111011111111
111111111111111111011111111110111110111011111011111111111111110111111111111111101111111111111111111111111111111110111111111111111011111111011110111111111111011111111111111110111111111111111111111111111111111011111111111111111111111111111111111111111111111101111101111111111111111111111111110111111111111111111111111111111111111111111011111011111011111111111111
111111111111111111111111111111111111111111111111101111111111111111111111111111111111111111111111111111111111111111111111111111111111111111111111111101111111101111111111111111111111111111111111111111111111111111111111111111111111111111111111111111111111111111111111111111111111111111111111111111111111111111111111111111111111111111111011111111111111111111111111
111111111111111111111111111110101111001011111111111111111111100111111111111110111111111111111111111111111111111111101110011111011101101111111111111111011101111111111111101111111111111111111111111111111111111111111111111110111111011111011111011011110111011111111101101111111111111111110111111111111111111111111111111111011111011111111110111111111111111110111101
111111111111111001111111011111111111111011110111101111111111111110111111111011111111111011011111111111111101111111011111111111111111111110110111111111111111111111111111111111111001111111111111111111111111111111111111011111111011111111101111111101111111111111111111111111011111110111110111011111111111111111111111111110111111111111111111111011101111111111111111
011111111111111111111111111111111111111111111111111111111111110111111111111111111111111101111111111111111111111101111111111111011111111111111111011111111111111111111111111111111111111111111111111111111111111111111111111111111011111111111111111111111111111111111101111111101111111111111111111111111111111111111111111110111111111111111101111111110111111111101111
111111111111111111111111111110111111111111111111111111111111110111111010111111111111111111101111111111111111111111111110111111111111111101111111111111111111111111111111111111111111111101111011011111111111111111111111111111111011111111111111111111111111111101010111110111111111111111111111111111111110101111111011111111111111111111111111111110110011011110111111
111111111111111111111010011110111111111111111111001111111111111001111111111111110101111111111111111110111111111111101110111111111111011111111111111011111111111111111111110111111111101111111111111111101111111111111111110111111111111111111111111011111110101111111111111111101111111111111111101111111111110111111111010111111111111111101111111111111111011111101111
111111111111111110101111111111111001111011111111111111111011111111111011111111111111111111001111111111111011111101111111111111111111101111111111110111111111111111011101111111111111111111101111111111111111111111111011101011111111111110111111101111011111111011111111111111111101111111110111111111111111111111111111111011111011111111111111111101111111101111111111
111111111111111111111111111111111111101111111111111111110111111111111111111111011111101111111111111111111111111111111111111111111101111111111111111111111111101111111111111111111111111111111111111111111111111111111111111111111111111111110111111111111111111111111010111111111111111111111111111111111111101111111111111111111111111111111111111110111111111111111111
111110011111111101110111101111111001011111111110111111101111111111111111111111111101000111101111110110111111111111111111111111111111111111111110111111111101111111111011111111111111111111111101111111111111111110111111111111111110111111111111111111111111111111111111111111111111111111110111111111111111110111111111111111111011110011111101111011111111111111110111
111111111111111111111111111111011111111111111111111111111111111111111111111111111111111111111111111111111111111111111111111111111111101111111111111111111111111111111111111111111111111111111111111111111111111111111011111111111111111111111111111111111111111111111111111111111111111111111111111111111111111111111111111111111111111111111111111111111111111111111111
111111111111111111111111111111111111111111111111111111111111111111111101110111111111111111111111111111111111111111111111111111111111111111111101111110111111111111111111111101111111111111111111111111111111111111111111111111111111111111111111011111111111111111111111111111111111111111111111111111111111111111101111111111111111111111111111111111111111111111111111
111111111111111111111111111011101111111101111111111111011011111111111111111111111111111111111011111110111111111111111111111111011011101111111111111111111101111111111111111111111111111111111111111111111011111110110111111111111100101111111111111111111101001110111111111111011111101111111111110111111101111111111111111111111111111111111111111111111111111111111111
111111111111111111111111111111111111111111111111111111111111111111111111111111111111111111111111111111111101111111111111111111111111111111111111111111111011111111111111111111111111111111111111111111111111100111111111111111111111111111111111111111111111111111111111111111111111111111111111111111111111111111111111111111111111111111101111111111111111111111111111
011111111111111101111111111111111111111111111111111111011111111111111111111111111111111111111111111110111111111111110101110011111111111111111111111011111011111111110011111110011111110111111111111111011111111111110111011111111111100111111011111111111111101111111010111111111111111111101111111111111111111111111111111111111111111111011011111111111111111111111110
101111111111111111111111111111111111111111111111111111111111111111111111111111101111111111111111111111111111110111111111111011111011111111111111111111111111111111111111111011111111111111111111111111110111111111110011011111110011111111111111111111111111111111111111111111111111111111111111111111111011111111111111111011111111111111101111111111111111111111111011
111111111111111111111111111111111111111111111111111111111111111111111111111111111111111111111111111111111111111111111111111111111111111111111111111111111111111111111111111111111111011111111111111111111111111111111111111111111111111111111111111111111111111111111111111111111111111111111111111111101111111111111111111111111111111111111111111111111111111111111111
111111101111110111111111111111111111100111111111111111111111111110111111111111111111111111111111111111111111111111111111111111111111111111011111111111111111011110111111111111111111111111111111111101011111110111111111111111111111111111011111111111111110111111111111111111111111111111111111111111111111011111111111111111111111111111111110111111111111111111111111
111111111010110111111111111111111011111111111111111111111011111111111111111011111111111011111111111111101111010111111111111111111111111111110111111111111111110111111111111111111111111111110111111111111111111111111101111111111101111111111111111111111111111111111011111111110011111111111111111111101111111111111111111111111110111111111111111111111111111111111111
011111111111111111111011111111111111101111110111111110111111110111111011111111111110111111111111111111011111011110111111111111111111111111111111111111011111101111111111111110110111111111010111111111111111011111111011111111111111111111111111111111111111111111111001111011111111111101110110111110111111101111111110111110111110111111111111111111111011111011111111
111111111111111111111111111111111111111111111111111111111111111111111111111111111111111111111011111111111111111111111111111111011111111111111111111111111111111111111111111111111111111111111111111111111111111111111111111111111111111111111111111111110111111111110111111111111111111111111111111111111111111111111111111111111111111111111111111111111111111111111111
111101111111111011001111111111011111111111111111111011110101011110111111111101111111111111101111101111111111110111111101111111111001111111111111111111111111111111111001101110000111111111111111111111111111111111111111111111111111111011111011111110111110111111111111111101111111111111111111011111111111111111101111111111111101111111111111111011011111111111111110
101111111110111111111111101111111111111110111111111011111111111011111111111111111111111111111111111111111111111111111111111111111111111111111011111110111111111111111111111111011110110111111111111111110111111101110111111111111111111111011111111111011111111110111111111111111111111111111111111111111111111111111111111111111111111111111111111111111111111111111111
111111011111111111111111111111011111111111111111111111111111111111110111111101111111101111101101111111111110111111111111111111110111111111111111111111111111111111111111111111111111111101111111111111111111011111111110011111101111111111111111111111111111111111111111011111111101111101111111111111111111111101111111111111111111111111111111111111111111111111101111
111111111111011111111111111111111111111111111111111111111111110111101111111111111111111111111111101110111111111111111111111111111101111111101111111111111011111111111111111111111111111111111111111111111011111111111111111111111110111111111111111110111111111111111111111111111111111111111111111101111101111111111111101111111111111111111111111111111111111101111111
111111111111111111101111111111111111101111101111111111111111111111111110111111111111111111111110111111111111111111110111111111101111111111111111111011111111111111111111111111111111111111111111111110111111111111111001111111111111111111111011111111111111111111111111111111111101111111111101111011111101111111111111111111111111111001111110111111111111111111111111
111111111111111111111111111111111111111111111101111111111111111111111111111111111111111110111111111111011111111111111111111111111111111111111101111111111111111111111111111111111111111111111111111111111111111111111111111111111111111111111110111010111111111111101111111111111111111111111111011101111111011111111111110111111111111111111111111111111111111111111111
111111111111111101111111111111111111111111111111111111111111111011111111111111010111111111111111111111111111111011111111111111111111111111111111111111111111111111111111011101111111011011110111111011011110011111111111111111111111111111110011111111011111111111111111111111111111111010110111111111111111111111111111111111011111110111111111111011111101111111111111
101111101110111111111111111111111111111011111011111111111111111111111111111111111111111111111111111110111110110111110111101111111111111111111111111111111111111111111111111111110111111101110111111111111111111111111111111111111111111101111111111111111101111111101111111111011111111111111111011111111100111111111111101111111111101111111111111111111111111111111111
111111111111111111111111111111111111111111111111111111111111111111111111111111111111111111111111111111111111111111111111111111111111111111111111111111111111111111111111111111111111111111111111111111111111111111111111111111111111111111111111111111111111111111111111111111111111111111111111111111111111111111111111111011111111111111111111111111111111111111111111
111111111111111111111111111111111111111111111111111111111111111111111111111111111111111111111111111111111111111111111111111111111111111111111111111111111011111111111111111111111111111111111101111111111111111111111111111111111111111111111111111111111111111111111111111111111111111111111111111111111111111111111111111111111111111111111111101111111111111111111111
111111111111111111011111111111111111111111111111111111111111111111111111111111111111111111111111111101111111111111111111111111111111111111111111111111111111111111111111111111111111111111111111111111111111111111111111111111111111101111111111111111111111111111111111111111111111111111111111111111111111111111111111111111111011111111111111111111111111111111111111
111111110111111111111011111011111111111111111111111111111111111111111111111111111111111111111111111111111111111111111111111111111111111111111111111111111111111111111111111111111111111111111111111111111111111111111111111111110101111111111111111111111111111111111111111111111111111111111111111111111011111111011110111111111111111111111111111111111111101111111111
111111101111111111111111111111111111111111111011101110101111111111111111110111100111111111101111111111111011011111111111011111011101111111111111111111111111111111111111111010111111110100011111111111111001110011111111110111111011111111111111111110011111111111001001111111111111111111111101111111011111011111111111111111110111111111111111111111111111111111111111
111111111111111111111111111111110011110100111111111111111111110111111111111111111111111111111111111101111111111111111111111111111111111111110111111111111111111111111111011111111111111011111111111111111110111101011110111111111111111111111111111111111111111111111111011111111111110010111111111111111111111111111111111111101111111111111111011111111111111111111111
111111111111111111110111111111111111111111111111110111111111111111111111111111111111111111011111110111111111111011111111111111111111111111111111111111111111111101111111111111101111111111111101111111111111110111111111111111111111111111110111111111111111111101111111111110111101111111111111111111111111111101111111111111111011111111111111011111111111111111101110
111111111111111111111011111111111110111111111111111111111111111111111111111111111111111111111111111111111111111111111111111111111111111111111111111111111111011111001101111111111111111111111111111111111111111111111111111110111111111111111101111111111111111111110111111111111111111111111111111111111111111111111111111111111111111111111111111111111111111110111111
011111110111111111111111111111111111111111101111111001111011111111111111110101111111011111111111011011111111001111111111111111111111111111011111111110111111111111111011111111011111111110111111011101111111111111111111111111111011111111111111111111111111011101111111111110111111011111111111110101111111011111110111111111111111110111011111111111011111111011011111
111111111111111111100111111111111111001111111111011111011111011111111111111110111111111111111111110111111111111111111101111111111111101111011111111111111111101111111111111111011111111101111111111111101101111111111111111111111111111100111111011111111111111111011111110111111111111101111111111010011111111111111111111101111111111111111111111111111101101111011111
111111111111111011111111111111111111111111100111011111111111111101111111111111111111011111111001111110111111111111111111111111011111111111111111110010111111111100101111111111111111111111111111111111111111111111001111111111011111110111111111111111111111111011111111101011111111111111011111111110111111111111111101101111111111111111111111111001111011011111001111
110111111111111111111111111011111111010111111111111111111111111001111110111111111111111111111111111111111010111110111111111111111111111111111111111111111111101111111111111111101111111111111111111111111111111101111111111111111001111111111111111011101111111111111111111011111101111111011111111111111101111111111111111111111111111111111111111111111111011111111110
101111111111111111111111101111111101011111110111111111111111111111111111111111101111111111101111111111111111111111111111111110111111011111111111111111111110111111111111111111111011111111111111111111111111111111110101111111101111111111111111111111111111101111111111111001111111111111111111111110101011111101111111111111011110011011111111111111111110111111111111
111111111111111111111011111111111111111111111111111111111111111111111111111111111101111111111111110111111111111111111111111111111111111111111111111111111111111111111111101111111111111011111111111111111111111110111111111111111111111111111111111111111111111111111111111111111111111111111111111111111111111111111111111111111111110111111111101111111111111111111111
111111111111111111111111111111111111111111111111111011111111111101111111111111111111111111111111111111101111100011111111111011111111110111010111011111111111011111111111101111111111101111010111111011011111111111111011111111111011111011111111111111101111111111111111110110111011111101111110111111111101111111111111110001111111011111111111111111111111111111111111
111001111111111111101111111111111111111111111111011111111111111111111111111011111111101111111111111011111011111111111111111111101111111111111111111011111111111111111111111111111111111111111111101111111111111111111111111111111111111111111111111111111111111111111111011111111111111111111110111101111111111011111111111111111111111111110111111111111111111111101111
111111111111110111100111111111111111110111111111111111111111111111111111101111111111111111111111111111111111111111111111111111111110110111111111111111111111111111111111111111111111111111111111111011111111111111111111111111111110111111111111111111111111111111111111111111111111111111111111111111111111111111101111111111111111111111111111101111111111011111101111
110110110111110111110110110111111111101111111111111011111111110110111110111111111111111111111111111111111111111011111111111111111111110111111111111011111111111111111111110111111011111111111111111101111111111110111111111111011111111111101111111011111010111011111111011101111111111101111111111111111111111111111111111111111111111111011111101110011111100101111111
111111111010111111111111111101111011111111111110111111111111111011111111111111111111001110011111111111111011111111111111111110111111111111111111111111111111111011111111111011110111011111111111111111111111011111111111111111111111111011111111111111111011111111111111111111111111111111111111111111111111111111010111101111111111101011111111110111111111111111111101
111111111111111111111111111111111111111111010111111111111111111111111110111110111111111111111111111101111111111111011111111111111111111111111111111111011111111111111111111111111111111111111111111111111111111111111111111111111111111111111111111111111111111111111111111110011111111111111111111111111111111111000011111111111111111111110111101111111110011111111111
111111111010101111111011111111111111111011111111111111111111111111110101111111111111111101111111011111111111111111111111111111111111111111111111111111101111111111011011111111110111111111111111111111111111111111111111111111111111111111111111111111101111110111111111111111111111111111101111111111111111111111111111111111111110111111111111111111111111111111111111
111111111111111111111111111111111111111111111111111111111111111111111111111111111111111111111111111111111111111111111111111111111111111111111111111111111111111111111111111111111111111111111111111111111111111111111111111111111111111111111111111111111111111111111111111111111111111111111111111111111111111111111111111111111111111111111111111111111111111111111111
111111111111111111111111111111111101111111111111111101111111111111111111111110111111111111111111111111111111110111110111111111111111111111011111111011111101111111110111011111111111111111111111111111111111111111111101111110111111111111111111111111111111111011111011111111111111111111111011111111111111111101111011111111111111111111111111111111111111110111111111
110111111111111111111111110111111111110111111111011111111111111111011111111111111111111111111111111101111111111101111111011111111111111111111111111111111111111111111111110110111110111111111111011011111111111111111111111111111111111111110111111011111111111111111111111111101111110111111111111111111110111111111011111111110111011111110111111111111111101111111111
111111111101111001111111111111111111111111111111111111111111011111011111111111111101111111111111111111111111111111111111111110111111110111110111111111111111111111111111110111111111111111110110111111111111011101011101111111111111111101111111101111111101011111111110111111101101011111011111111111110111111011111110111111111111111111111111111111111111111111111101
101011111111111111111111101111111111111111111111111111111111111101111111111111110111111101111011111111110111111111111101111111111011111111111111101101111111111111111111111111111111111111111111111111111111111101111111111111011011001111001111111111111111111110111111111111111111111011011011101111101111111111111111111111111111111111111111111111001111111111111111
111111111111111111111111111111111111111111111111111110111111111011111011111011111111111111101111111111111011111111111111110011111111111101111111011111101111111111111110101111111011111101111111111111111111111111111111111111111111111111111111111111011111101111011111111101111111101101111111111111111110111111111111101111111110111111111110011111111111111111011111
111111111111111111111111111111111111111111111111111101111111111111111111111111111111111111111111111111111111111111111111111111111111111111111111111111111111111111111111111111111111111101111111111111111111111111111111111111111111111111111111111111111111111111111111111110111111111111111111111111111111111111111111111111111111111111101111111111111111111111111111
110111101011111111111111111111111111111110111111111111111111111111101111111111111111111111111111111111111111111111111111111111011111111111111110110101111111111111111111111111111111001111111111111101111101111111111111110110111111111111111111111101111111011111111101101111111011111111111111011111110111011111011111011111111011111111100011111111111111111011111111
111111111111101111111111111111111111101011011110111001111111110111110101110111111110111111111111111111111111111111110111111111111101111111111111111111110111011111111111111111111111101111111111111111111111111111111011111101110111111111111111111111111111111111111011011110111111111111111111111111111011111111111111111111111111011111111111111011111101111111111111
111111111111111110111111111111111011111111111111111111110111111111111111011101111111111101111101111111111111111111011111111111111111111111101111111101111110111111111111111111111111111111111111111111111111111111111110011011111111011111011111111011111111111111111011111111101111111111111111111111111111111111111111111111111111011111111111111111111111111111111111
111111111111111111111111111111111111111111111111111111111111111111111111111111111111111111111110111111111111111111011111011111111111111111111111111111111111111111111111111111011111111111111101111111111011011111111111111111111111111111111111111100111111111111111111111111101111111111111111101111111111111111111111111111111111111111111111111111111011111111111111
111111111111111111111111111111111111111111111111111111111111111111111111111111111111111111111111111111111111111111111111111111111111111111111111111111111111101111110111111111111101111111111111111111111111111111111111111111111111111111111111111111111111111111111111111111111111111011111111111111111111111111111111111111111111110111111111111111111111111111111111
111111111111111111111111111111111111111111111111111111111111111111111111111111111111111111111111111111111111111111111111111111111111111111111111111111111111111111111111111111111111111111111110111111111111111111111111111111111111111111111111111111111110111111111111111111111111111111111111111111111111111111111111111111111111111111111011111111110111111111111111
111111111111111111101110111111111111111111111111111111111111111111111111111111111111111111111111111111111111010111111111111111111111111111111111111111110111111111111111011110111111111111111111111111111111111111111101111111111111111111111111111111111111111111111011111111111101111110111111111011011111111111111111111101111111111111111111111111111011111011111111
111111111011101111111111111111111111111011101011111111111110111111011111110011111111111111111111111111111111101111011111111011111111111111111111111111111111111111111111111111111111101110111111111111111111111011111111111111111110111111111101101110101111111111111011111011111111111110111111011101111011111110111111111111011101111111110111111111111111111111111111
