11101111111111111111111111111111111111111111111111111111111111111101111111111111111011111111111111111111111111111111111111111111111111111111111111111111011111101111111111111111111111101111110111111111111111111111111111111111111111111111111111111111111111111111111111111111111111111111111111111111111111110111111111111111111111111111111111111111111111111111111111111111111111111111111111111111111111111011111111111111111111111111111111111101011111111111111111111111111111111111111111111111111111111111
11111110111111111111111111111111111111111111111111111101111111111111111111101111111101111111111111111111111111101111111110111111111111111111111111110101111111111111111111111111111111110111111111111111101111111111111111101111111111111111111111111111111111111111110111111111111111111111111111111111110111101111111111111111111111101111111101111101111111111111111111111101011111110111110111111101111111111111111111101110111111111111111111111011111111111111011111111111111111111111111111111111111100111111
11110111111111011111111111111111111101111111111111111111111111111111111111110111111111111111111111111111111111111111111111111111111111111111111111111111111111111111111111111111111111110111111111111110110111111111101111101111111111111111111110111111111111111111111111111110111111111111111111101111111111001111101111101111111111111111111111111111011111111111111111111111011111110101111111111111111111111111111011111101101101111111111101111111111110111111111111111111111111101110111111111111111111111111
11111011111111111011111101111111011111111111111111111111111111111111111110111111111111111111111111111111111111111111011111111111111111111111111111111111110111101111111101111111111111111111111111111111111111111111111101111111110111110011100111011111100111111110111111111111111111111111111101110111111111011111101111111111111101111111011111111111111100111111111111111111111111111101111111111111111011111111111111111111111111011111111111111111111111110111111111111111111111111111111110111111111011111111
11110111111111111011111111111111111111111011111111111111111111111111111111111111111111111111111111111111111111111111111111111111111111111101111011111110101111111111101111111110111111101111111111111111101111111111111111111101011011111111111011111111111111111101111111011110111111111111011111111111111111111111111111111110111011111111111111111111111111111111111111111111011111110101111111111111111111111111111111111111111111111111111111111111111110111111110111110011111101111111111111111111111101111111
11111111111111111111111111111111110111111111111111111111111111111111111111111111111111111111111111111011111111111111111111111111111111111111111111111111010110111111011111110110111111111101111101111111101100111111101111001111011111111111011111111111111111101111111011111111111011111111111111111001111111111111111100111111111101011111111111111101111111011111011111111111100011011111011111111111111111111101100111111111111111101110111111010111111111111111110011111111111011111111111110111011110111110111
11111111111111111111111111111111111101111111111111111111111001110111111111111111111111111111111010111111111111111111111111111111111101111111111111111011101111111111111110011111011111111111111111111111111100111111110101111110111111111111011111111111111011111111111111111111011111111111111111110111111110111110111101111101111111110111111011111111101111110111111111110110111111110111111110111110111111101111111111111111110111111111111111110111111111111111111111011111110111111111111111111111111111111111
11111111111111111111101101110111101111101101111111111110111111111111111111111111111111011111111111111110111111111111111111111111111011111111101111111111101111011111111111111110111111111011111111111111001101111111111101111111111011111111111100111011111111110111111111111110111111111111111111111101111111111111111111101111011111111111111111111101110111111111111111111111111110111111011111111111111111110111111111111111111111111111111011111111111101111110111110110111111111111111111111111111111111111111
11111011111111111011101111111111111001111101111111101111111010111011011111111111110011101111111011111111111101111111111111111111110111111111111111111111111111111111011110111110101111111111111111011110111111111111111111111011111111111111111111111111111111111111111010111001111111011111111111111111111111110111011111111011111111011111111111111111111111101111111111111101111111111111110111111111110011111111111111111011111101111100111101111111111111111111111111111111101101101110111111011111111111111111
11111111111111111111110111111111111111111101111111111111111111111111111111110111111111111111111111111111111111111111111111111111111111111111111111111111111110111111111111111111111111111110111111111111111111111111111111111111111111111111111111111111111111111111111111111111111111111111111111111111111111111111111111111110111111111111111111111111111101111111111111111111111111111111111111111111111101111111111111111111111111111111111111111111111111111111111111111111111111111011111111111111111111111111
11111111110111111111111111111111111111111111111111011111110111111111111011111111111111111111111111111111111111111111111111111110111111111111111111111111111111111111101101111111111111111111111111111111111111111111111111111101111111111111111111111111111111111111011111111111111111111111111111111111111111111111111111111111111111111111111111111111111111111111111111101111111111111111111111111111111111111111111111111111111101111111111111111011111111111111111111111111111111111111111111111111111111111111
11111111111111111111111111111111111111111111111111111110110111111111111101111111111111011111111111111111111111111111111111110111111111111111110111111111111111111111111111101111111111111111111111111111111111111111111111111111111111111111111101011111011111111111111111111111111111110011111111111111111111111111111111111111111111111111111111011111111111111111111111110111111111111111111111111111111111111111111111111111111110111111111111111111111111111111111111111111011111111111111111111111111111111111
11111111111111111111111111111111111111111111111111111111111111111111111111111111111111111111111111111111111111111111111111111111111111111111111111111111111111111111111111111111111111111111111111111111111111111111111111111111111111111111111111111111111111111111111111111111111111111111111111111111111111111111111111111111111011111111111111111111111111111111111111111111111111111111111111111111011111111111111111111111111111111111011111111111111111111111111111111111111111111111111111111111111111111111
11111111111111111111111011111111011111111111111111111011111111111111111111011111111111111111111111111111111011111111011111111111111111111111111111111111111111111111111111111111111111101010111011111111111101001101110111111101111111111111110111101111011111111111111111110111111011111111111011111111110110111111101011111111111111111111110110101111011111111101011111111111111111111111111111111111110111011110111111011111101111111111010110111111111111111111111111111111101111111111111111011111111111011111
11111111100111111111111111111111111111111011111111111111111111111011111111111110111111111111111111111111111111111111111111111111111111111111111110101101111011111111111111111101111111111111111101111111110111111111111111111111111111101111111111111111111111111111111111111011111110111111111111111101111111111111111111111110111111111111111111111111111111111111111111111111111111111111111111110111111111111111111111111111111111111101111111111111111111011111111111111011111110110111111111111111111111111111
11111111111111111111111011111111111111111111111111111111111111111111111111111111111111111111111111111111111111111111111111111111111111111111111111111111111111111111111111111111111111111111111111111111111111111111111111111111111111111111111111111111111111111111111111111111111101111111111111111111111111111111111111111111111111111111111111111111111111111111111111111111111111111111111111111111111111111111111111111111111111111111111111111111111111111111111111111111111111111111111111111111111111111111
11111110111101111111111111111111111111111111111111111111110111111111111111111101111111011111111111111111111111111111111111111011011111111111111111111111111111111111101111111111111111111111111111111111111111111111111111111111111111011111111111111111011111111111111111111111111111111111111111111011110111111111111111111111111111011111111111111111111111111111111111111111111111111111111111111101111111111111111111011111111111111111111111111111111111111111111111011111111111111101111101011111111111111111
11111111111111111111111111111111111111111111111111111111111111111011111111111111111111111111111111111111111111111111111111111111111111111111111111111111111111111111111111111111111111111111111111111111111111111111111111111111111111111111111111111111111111110111111111111111111111111101111111111111111111111111111111111111111111111111111111111111111111111111111111111111111111111111111111111111111111111111011111111111111111111111111111111111111111110111111111111111111111111111111111111001111101111011
11110111111111111111011111111111111111111101101111111111111111111011111111110111111111111111111111010111111011111111111111111101001111111111111111111111010111111111111111111111111111110011111111111111110111101111111111111111111110111111101111111111111111111110111101110111111111111111111111011111011111111111111111101111111111111110111111111110111111101111101100110110111110111111111110111111110111111111111111111111111111111111111111111111111111011111111111111111101111111111111111111011111111111111
10111011111111111111101110111111111101111111101111111111100111111111111111111111111111111111111011110111111111111011111111111111111111111111111111111111101011101111111111111111111111111111111111111111111111111111111111111111101111111111111111111111111100011111111011111011111011110111011111111011111110111111111111111011111111111111111111111111111111111111110111111111111101111101101111111111111101111111011110111110111111111111111111110111111011111111101111111111111111111111011111111111011111111111
11111011011111101111111111111101110111111111111111100110111101111110111101111011111111110111111111111110111110111111110111111111111111111011101111111110111111111111111111111111011101111101110111111111111111111111111111111101111111111111111111111111111111111110111001111111111111011111111111111011011111111101111111111111000111111111011111111111101111111111110111111101111101111111111011111111111011111111111111111111101110111011111111111111111111111111111111111111111111011101111011111111111111111111
11111110111011100111111111111111011111111111111111111111111111111111111111111111111111111111111111111111111101111111111111111111111111101111111111111011111101111111111111111111111111111111111111110111111111111111111111111010111011111101111111111111111111111111011111111111111111111111111111110111111111111111111011111111111111111111111111111111111111111101111111110111111111111111111111110111111111111111111111111111111111111111111111110111111110111111111111011111111111111111111111111111111101111011
11111111111111111111111111111111111111111111111111111111011111111110111111111111111111111111111111111111111111011111111111111111111111111111111111111111111101111111111111111111111111111111111111111111011111111111111111111111111111111111111111111111111111111111111111111111111111111111111111111111111111111111111111111111111111111111111111011111111111111111111101111111111111111111111111111111111111111111111111111111111111111111111111111111111111111111111111111111101111111111111111111111111111111111
11111111111111011111111110111011111111111111111111111111111111111111111111111111111110111111111111111111111111101111111101111111111111111111101111110111111111111100111101111111001111111111111111011011111111011101111111111111111111110111111111110111111111111110111111111101111111111111111101111110111101011111111111111111111111111111111111111111110111111111111101111111101111111111110110111110111111101111101011111111111111111111111111111111111111011111111111111011111111101111111111111111111111111111
11111111111111111111111111111111111111111111111111111111111111111111111111111111111111111111101111111111111111111110111111111111111111111111111111111111111111111111111111111111111111111111111111111011111111111111111111111111111111111111111111111111111111111111111111111111111111111111011111111111111111111111111111111111101111011101111111111111111111111111110111111111111111111110111111111111111111111111111111111111111011111111111111111111111111111111111111111111111111111111111011111111111111111111
11111111111111111111111111111111111111111111111111111101111111111111111111111111111111111111111111111111111111111111111111111111111111111111111111111111111111111111011111111111111111111111111111111111111111111111111111111111111111111111111111111111111111111111111111111111111111111111111111111111111111111111111111111111111111111111111111111111111111111011111111111111111111111111111111111111111111111111111111111111111111111111111111111111111111111111111111111111111111111111111110111111111111111111
11111111110111111111111111111111111111101011111111011111111111111111111111111111111111111111111111111111111111111111111111111111111111111111111110111111111111111111111111111111111111111111111111111111111111111111111111111111111111111111111111111111111111111111111101111111111111111111111111111111111111111111111111111111111111010111111111111111111111111111111111111111111111111111111111111111111111101111111111111111101111110111111111111111011111111111111111111111111111011111111101111111111111111111
11011111111111110110110001111111111110011111101111111111111111111111111111111111111110111111111110111110111110111111111111110111011111111011111111111110111111111111110111111111111111111110111111111111111011100111111111101111111111111111110111111111111111111111111111011011111111111111111111111111111111111111101111111111111111111111111001111111111111111111111111111111111111010111100111011111111101111111111111111111111101111111111111111111111111111111111111111111111110111111111101111111111111110111
10111111111111111111111111111111111111111111111111111111111011111111101101111111111111111111111111111111101101111111111111111111111111111111110111111111111111111111111111111111111111111110111111111011111110111111111111111111110111101111111111111111111111110111111111111111111111111111111101111111111111111111011111111011111111111111111111111111111111111111111111111111111111110111111101011011111111111111111111111111111111111111111111111111110111111111111111111111111111111110111111111111111111111111
11111110111111111111111111111111111111111111111111111111111111111111111111111111111111111111111111111111111111111111111111111111111111111111111111111111111111111111111111111111111111111111111111111111111111111111111111111111111111111111111111111111111111111111111111111111111111111111111111111111111111111111111111111111111111111111111111111111111111111111111111111111111111111111111111111111111111111111111111111111111111111111111111111111111111111111111111111111111111111111111111111111111111111111
11111101111111111111111111111111111111111111111111111111111111111111111111111111111111111111111111111111111111111111111111111111111111111111111111111111111111111111111111111111111111111111111111111111111111111111111111111111111111111111111111111111111111111111111111111111111111111101111111111111111111111111111111111111111111111111111111111111111111111111111111111111111111111111111111111111111111111111111110111111111111111111111111111111111111111111111111111111111111111111111111111111111111111111
11111101111111111111101111111111111111111101111111111111111111111111111111111111111111111111111111111111111111111111111111111111111111111111111111111110111101111111111111101101111111111111111111111111111110111111111111111111111111111111111111111111111111101111111111111111111111101111111111011111111011111111111111111111111111111111111111111111111111111111011111111111111110111111111111111111101111101111111111111111011110111111111111111111101111111111111111111110111111111111111111011111111011111111
11111101111111111111111111111111111111111111111111111111111111111111111111111111111111111111111111111111111111111111111011011111011111111111101111111111111111111111111111111111111111111111111111111111111111111111111111110111111111111111111111111111111111111111111111111111111111111111111111111111111111111111111111111111111111110111111101111111101111111111111111111111111111111111111111111111111111111111111111111111111111111111111111111101111111111111111111111110111111111111111111111111111111111111
11111111111111111111111111111111111111111111011111111111111111111111111111111111111111111111111111111111111111111111111111111111111111111111111111111111111111111111111111111111111111111111111111111111111011111101111111111111110111111111111111111111111111111111111111111111111111111111111111111111111111111111111111111111111111111111111111111111111111111111111111111111111111111111111111111111111111111111111111111111111111111111111111111111111111111111111111111111111111111111111111111111111111111111
11111111111111111110111110110111101111111111111010111111111011111111111111110111100111111111111101110111110011111111010111111111111111111101111100111111111111111111111101110111111111111101110111101111111111110111111111111111111111111111111111111111111111111101111111111110110111110111111111110111111111111111111111111111111011111111111111111111110111111101111111001111011111111111111111111111011110111111111111111111111111110100111111111111111111110111111101111101111111111111111111111111111111101111
11111111111111111111111011111111111111111111111111111111111111111111111111111111111111111111111111111111111111111111111111111011111111111111110111111111111111011111111011111111111101111111111111111111111111111111111111111111111111111111111111111111101111111111111111111111111111111111111101111111111111111111111111111111111111111111111111111111111111111111111111111111111111111111111111111111111111111111111111111111111111111111111011111111111111111111111111111111111111111111111111111111111111111111
11111111111111111111111111111111111111111111111111111111111111111111111111111111111111111111111111111111111111111111111111111111111111111111111111111111111111111111111111111111111111111101111111111111111111111111111111111111111111111111111111111111111111111111111111111111111111111111111111111111111111111111111111111111111111111111111111111111111111111111111111111111111111111111111111111111111111111111111111111111111111111111111111111111111111111111111111111111111111111111111111111111111111111111
11111111111111111111111111111111101111111111111011111110111111111111111111111111111111111111111011111110111111111111111111111011111111111111111111111111111011111110111011111111111111111111111111111111111111111111111111111011111111111111110111111111111111111101111111111111111111111111111111111111111111111111111111111111111101111111111111111111111111111110111111011111111111110111111111011011011111111111111111111111111011110111111111111110110110110111111111111111111111111111111111111110111111111111
11111111111111111111111111111101111111111111111111110111111110111111110111011111111110011111011111111111110101110111111111111111111111111111101111111110111101110111111111111111111111111111111111111111111111111111111110111111111111111111111111110111111111111101111111111111111111111111111111011111101111111111111110011111111111111111111111111111111111011111111111111111111111111110101111111111111001111111111111111111111011110111111111111111111111111111101111111011101111111011111111111111111111111111
11111111111111111101111111111111111111111111111111111111111111111111111111111111111111111111111111111111111111111111111111111111111111111111111111111111111111111111111111111111111111111111111111111111011111111111111111111111111111111111111111111111111111111111111111111111101111111111111111111111111111111111111111111111111111111111111111111111111111111111111111111111111111111111111111111011111111111111111111111111111111101111111111111111111111111111111111111111111111111111111111111111111111111111
11111111111110111111111111101111111111111111111111111111111111111111111011111111111111011111111111111111111111111001111111111111111111111111111111111111111111101111111111111111111111111111111111110111111111111111111111111111111111111111110111111111111011111111111100111111111011111111111111110111111111110110111111111111111111111111111110111111111111111111111111111111011111111111111111111111111111111111111111111111101111111011111101111111111111011111111111111111111111111111111111111111111111101111
11111111111111111111111111111111111111111111111111111111111111111111111111111111110111111111101111111111111111111110111111111111111111111111111111111111111111111111111111111011111111111111111111111111111111111111111111110111111111101111111111111111111111111111111111111111111111111111111111111111111111111111111111111111111101111111111111111111111111111111111111111111111111111111111111111111111111111111111111111111111111111111111011111111011111111111111111111111111111111111111111111111111111111111
10111111111111111111111111111111111111111111111111111111111111111111111111111111111111111111111111111111111111111111111111111111111111111111111111111111111111111111111111111111111111111111111111111111111111111111111111111111111111111111111111101111111111111111111111111111011111111111111111111111111111111011111111111111111111111111111111111111111111111111111101111111111111111111111111111111111111111111111111111111111111111111111110111111111111111111111111111111111111111111111111111111111011111111
10111111111111111111011111111111111111111111011111111111111111111111111111111111111111111111111111111111111111111111111111111111111111101111111111111110111111111110111111111111111111111100111111111110111111111111101111111111111111111111111111101111111111111111110111011011111111111111111111110111111111110110111111111111101111111101111111111111111111111111111111111101111011111110111111011111111011111111111111011111110111111111100011110111111111111111111111111110111111101111111111111111111111111111
11111111111111111111111111111111111110111111111111111111111111111111111111111111111111111111111111111111111111111111111111111111110111111111111111111111111111111111111111111111111101111101111111111111111111111111111111111111111111110111111110111111111111111111111111111111111111101111111111111111111111111111111111111111111111111111111111111011111111111111111111111111111111111111110111111111111111111111111111111111111111111111111111111111111111111111111111111111111111111111111111111111111111101111
11111111111111111111111111111111111111111111111111111111111111111111111011111111101111111111111101111111111111111111111111111111111111101111111111111111111111111111111111111111111111111111111111111111111111111111111111111111111111011111110011111111111111111111111111111111111111111111111111111111110111111111111111111111111110111111111111111111111111111111111111111111111111111111101111111111110111111111111111111111111111111111111111111111111111111111111111111111111111111111111111110111111111111101
11111111111111111001111111111111110111111110111111111011111111111111111111110110011111111111101111111111110111111011111111111111110111110011111111111110111111101101111111111100110011111111111111111111111111111111111111111101111111011111111011110111010111111111101111011111110101111111011111111110111111111101111111111111111111111111111111111111111111111001101111111111111111111111110111111111111111111111111111111111101111111111111110111111111111100111111111101101011101111111111111011111111111111101
11111111111111111111111111111111111011011111111100111111111111111111111111111111111111111111111111111111111111110111101111111111111101111111111111111110111111111111111111111111111111111111111111111111110111111111111111111111111111111111101110111111111111111111111111111111111111011111111111111111111111111111111111111111111111111111110111111010111111111111111111111111111111111111111111111111111111111111111111111111111111111111111111111111111111111111111111111110111111111111111101111111111111011111
11011111011111111111011111111110110110111111111111111111111111110110111111111111100111111111110111111111001111111011111111111111111111111111111111100111110111111111111111111101111111111111111111111101111110111111011111111111110111111111111111111111111101111111111110111111011111111111011111111111111111111111111111111111111111111111111111111111101111111111111111111111110101111111111110111101111111011101111111111111111111111111010111111101111111101111111101111111111111111111111111111111111110101011
11001111111111011111111111111111111101111111111111111101111010111011101111101111110111111111111111111111110011111101011111111111011110111111111111111111111010111111111111111111111111111011111111110111111111101111011111111111111111111111111111111111111111111111111111111011111111101111111111111111111111111111110111111111111110111111101110111111111111111111111111111111111111111111111111011111111111111111111111101111111111111111111111111111111011111111101111111111111111111111111111101111111110111101
11111111111110111111111111111111111111101101111111111111111111111111111111111111111111111111111111111111111111111111111111111111111111111111111111111111111111111111111111111111111111111111111111111111111111111111101111111111111111111111111111111111111111111111111111111111111111111111111111111111111111111111111011111111111111111111111111111111111111111111111111111111111111111111111111111111111111111111111111101111111111111111111111111111111111111111111111111110111111111111111111111111111111111111
11111111111111111111111111111111111111111111111111111111111111111111111111111111111111110111111111111111111111111111111111111111111111111111111111111111111111011111011111111111111101111011111111111111111111110111111111111110111101011111111111111111111111111101111111111111111011111111111111111111111111111111111111111111111111111110111111111111111111111011111111111111111111111111111111111111111111111111111111111111111111111110111111111111111111111110111111111111111111111011111111111111011101111111
11111111111111111111111111111111111111111111101110111111111100111111111111111111111111111111110111111111111111111111111111111111111111011011111111111101111111111111111111111111111111110111111111111111111111011111111111110111111111111101111111111101111110111111111111111111111111111111110111111111111111111111111111101111011011111111111111111101111111111111111101111111111011111011111111111111111111111111111111111110111111111101111111110111011110111111111111111111111111111111111111111011111111111111
11111111111111111111111111111111111111111111111111111111111111111111111111111111111111011111111111111111111111111111111111111111111111111111111111111111111111111111111111111111111111111011110111111111111111111111111111110111111111111111111111111111111111111111111111111111111111111111111111111111111111011111111111111111111111111111111111111111111101111111111111111111111111111111111111111111111111111011111111111111111111111111111111111111111111111111111111111111111111111111111111101111111111110111
11111111111111111111111111111111111111111111111111111111111111111111111111111110111111111111111111111111111111111110111111111111111011111111101111111111111111111111111111111111111111111111111111111111111111111111111111111111111111111111111111111111111111111111111111111111111111110111111111111111111011111111111111111111111111111111101111111111111111111111111111111111111111111111111111111111111111111111111111111111111111111111111111111111111111111111111111111111111101111111111111111111111101111111
11111111111111111111111111111111111111111111101111111101111111111111111111111111111111111111111111111111111111111111111111111111011111111111111111111111111101011111111111111111101101111111111111111111111111111111111111011111111111011111111111111111111111111111111111111111011111111111111111111111111111111011111111111111111111111111111111111111111111111111101111110111111111111111101111111111111111111111111111111111101111111111111111111111111111111111111110111111111111111111111111111111111110111111
11111111111111111111111111111111111111111111111111111111111111111111111111111110111111101111111111111111111111111111111111111111111111111111111111111111111111111111111111111111111111111111111111111111111111111111111111111111111111111111111101111111111111111111111111111111011111111111111111111111111111111111111111111111111011111101111111111111111111111111111111111111111111111111111111111111111111111111111111011011111111111111111111111011111111111111111111111111111111111111111111111011111111111101
11111111101111111111111111011111111111111111111101111111111111111111111111101111111111111111111011111111111111111111111111101111011111100111111111111111111111111111101111111111111111111111111111111111111111111111111111111111111111110111111111011111111111111111111101111111111111111111111111111111111111111111111111111111111111111111111011011011111111111111111111111111111111111111111111111111111111111111111111111111111111111111111011111111111111111111111111111111110111111111111111111111111111011111
11111111111111111111111111111111111110111111111101111111111111111111111111111111111111111111111111111111111111111111111111111111111111111111111111111111111110111111111111111111111111111111101111111011111111111111111111111111111111111111111111111111111111111111111111111111111111111111111111111011111111111111101101111111111111111111111111111111011111111111111101111111111111110111111101111111111111111111111111111111111111111111111111111111111111110111111111111111111111111111111111111111111111110111
01101110111111101011111111111111111111111101111111111111111111111111111111111111111111111111101111111111111111101111101011110111111011110111111111111101111111111111111111110111111111111111101111111111111111111111111111111111111111111111111111111111111111111111111011111111111111111111111111111111111111111111111111111111111111111111110111011111111111111111111101111111111111111110111111111111111111111111111111101110111111111111111111111111111111111111111111111111011111111111111111111111011111111111
11111111111111111101011111111111111111111111111111111111111111111111111111111111111111111111111111111111111110111111011111111111111111111111111111111111111011011111111111111111111111111111111111111111111111111111111111111111111111111111111101111111111111111111111111111111110111111111111111011111111111111111111111111111111111111111111111111111111111111111111111111111111111111111111111111111111111111111111111111111111111111111111111111111111111111111111111111111111111111111111111111111111111111111
11111111111111111101111111111111101111111111111111111111111111111111111111110111111111111111111111111110011111111111111111111111111111111111111111111111111111111111111111111111111111111111111111111111111111111111111111111111011111101111111111111111111111111111111111111110011111111111111111111111111110111011111011111111111111011111111101111111111111111111111111111111011111111111111111011110111111111111101111111111111111111111111111111111111111111111111111111111111111111011111111101111111111111111
11111101011111111111111111011111110111111111111111111011111101111111111111101111111111101111110101111111111111111101111111101111111111111111101111111101111011101011111111101111011111111110111111111111111111101111111111101111011111111111110101110111111110111111110111111111111011111111111111011101111111111111111011111111011111101101111011111011111110111111111111111111111111111011111111111011111111111111111111111111111111101111111111111011111111111111111111011111111111111111111111111111111111101101
11110111010111111111111011111111111111111111111111111110111111111011111111111111111111111111111111111111111111011111111111110111111111101111101111111100111111111111111111111111111110011111111111111111111111100111101111111111111111110111111111111111111101110110111111111111110111111111111111111111111111111111111111111111111111111111111111111110111111111111111111111111111111111111111110110111111111111111111111111111111111111111111111001111111111111111111111111111111111111111111111111111111111111111
11111111111111111111111111111111111111111111111111101111111111111111111111111111111111111111111111111111111111111111111111111111111111111111111111111111111111111111111111111111111111011111111111111111111111111111101111111111111111111111111111111111111111111111111111110111111111111111110111111111111111101111111111111111111101111111111111111111111111111111111111111111111111111111111111111111111111111111111111111111111111111111111101111011111111111111111111111111111111111111111111111111111111111111
00111111011111111111111111111111111111111111111111111111111111111111111111111111111111111111111111111111101110111111111101111011111111111111111011111111111111011111111111111111111111111111011111111111111101111111111111111111111011111111111111101111111111111111111111111111011111111111111111111111111011111111111111111111111111111111111111011111111110111101101111111111111111111111111111111111111111111111111111111111011111111110111111101111011111111111101111111111111111110111101101111111111111110111
11111111111111111111111111111111111111111111111111111111101111111111111111111111111111111111111111111111011111111111111111111111111110111111101111111111111111111111111110111111111111110111111111111111111111111111111111111111111111111111111111111111111111111111111111111011111111111111111111111111111111111111111111111111111111111111111111111111111111111111111111111111111111111111111111111111111111111111111111111111111111111111111111111111111111111111111111111111110111111111111111111111111111111111
11111111011111111111111111111111111111111111111111111111111111111111111111111111111111011111111111111111111111111111111111111111111111111111111111011111111111111111111111111111111111111111101111111111111111111100101111111111111111111111011111111111101111111111111111111111111111111111111111111111111111111111111111111110111111110111111111111111111111110111111111111111111111111111111111111111111111111111101111111111011111111111111111101111011111111111111111111111101101111111111111111111111101101111
11111110111111111111111111110111111011011111111111111111111111111111111111011111111111111111111111111111111111111110111111111101111111111011111111111111110111111111111111111111110111111111111111111111111111110101111111111101101111100111111111111111111111111111101011111111111101111110111111111101111111111110111111111111101111111111111111111111110111111111111111111111111111111111111101111111111111111111111100111111111111110111111111011111011011111111111111111111111110111110111011111111100111100011
10010111111111111111111111111111111011111111111110111111101110111111111111111111111111111111111111111111111111110111111111111111111111101111111111111111111011111111111111111111111111111111111111111111111111011111111111110111111111011111111101111111111111111111111111111111111111111111111110111111111111111111111101111111111111111111111111111111111011110110111101111101111111111111110011111111111111111111111111111111111111111101011110111111111111111111111111101111111110111111110110111111111101111101
11111011111111111111111111111111111111111111111111111111111111111111111110111111111111111111111101111111111111111111111111111111111111111111111011111111110111100111111111111111111111111111011111111111111011111111111111111111111111011111111111001111111111111111111111111111111111111111111111111111111111111111111111111111011111111111111111111111111111111110111111111111111111111111111111111111111111111111111111111111111111110111111111111111111111111111011111111111111111111111111111111111111111011111
11111111111111111111111111111111111111111111111111111010111011101111111111111111111111111101111111111111111111110011111111111111111111111111111111111111101111111111111111111110111111111111111111111111111111111111111111101011111111111111111101011111111111111111111111111111111111111111111111111111111111111111111111111111111111101111111111111111111111111111111111111111111111110111111111111111111101111111111111111111111110111111111111111111111111111111111111111111101110111111111111111111111111111111
11111111111111111111101111111011111111111111111111110111101111111111111111111111111111111111111111111110111111010101111111111111111111110111111111101111110111111110111111111111111111111111111111011111111111111111110110111111111111111111111011111111111111111111111111111111111111111001111111111111111111111111111111111011111111111111101111111111111101110111111111111111111111111110111111101111111111111111111011111111111111111111110111111111101111011110111111010110111111111111111111111111111111111111
11111111111111111111111111111111111111111111110111111111111111111111111111111110111111110111111111111111111111111111111111111111111111111111111111111011111111111111111011111111111111111111111101111111111111111011011111111011111111111111111111111111111111111111111111111111111111101111111111111111111111111111011111111111111111111111011111111111111110111111110111111111111111111011111111111111111111111111111111111111111111111111111111111111111111111111111111111111111111111111111111111111111111111111
11111111111111111111110111111111111111111111111111111111111111101111111111111111111111111111111111101111111111111111111111111111111111111101111110111111111111101111111111111111111111110111111110110111111111111111111111111111111111111111011111111111101111111111011111111111111111111111110110111011111111011011111111111011111111111111110111111111111111110111111111111111111111111111111101111111111111111111111011111111111111111111111111111111110111111011111111111110111111111111111111111111111111111111
11111111111111111111111111111111111111111111111111111111111111111111111111111111111111111111011111111111111111111111111111111111111111111111111111111111111111111111111111111111111111111110111111111111111111111111111111111111111111111111111111111111111111111111111101111111111111111111111111111111111111111111111111111111111111111111111111111111111111111111111111111111111111111111111111111111111111111111111111111111111111111111111111111111111111111111111111111111111111111111111111111111111111111111
11110111111111111111111111111111111111111111111111111111111111110011011110101111111111111111111111111111111111111111111111111111111011111111111111111111111111111110111111111101111111111111111111111111111101111111111011111111111111111111111111111111111111111111111111111111111111111111111111111111111111111111111111111111111111111111111111111111111111011111111111111111111111111111111111111111111111111111111110011110111111111111011111111111111110111111011011111111111111111111111111111111111111111111
11111011111111111111111111111111111011111111110111111111111111111111111111111111111110111111111111111111111111110111111111111111111111101110011111111011111111111111111111111111111110111111111111111111111111111111110100111101111111111111111111111111111111111011111111111111111111111111111111111111111110111111111111111111111011111111111111111111111011110111111111111111111111101111111111011111111111011111111111111110111111111111011111111111111111111111111111111111111110101111111111111111111111111111
11101111111111111111111011111111110111111111110111111111111111111111111111111111111111111111111111111111101111111111111111111111111111111111111111111111111111111111111101101111111111101111111111111111111111111111111111111111111111111111111111111111011111111111111111111011110111111111111011111111111111111111111111111111111111111111111111111111111111111111110111111111111111111111111111111111111111111111111111111111111111111011111111111111111011111111111101111011110111011111111111111111111111111111
11111011111111111101111111111111111101111111111111011111111111111111011111111111111111111111111111111111111111111101111111111111111111111110011111101111111011101111111111110111111111111111111111111111111111110111111111011111001111101101110011101111111111111111011111111111111011101111111111011111111111111111111011111111111110111111111111110011111111111111111110111111111111110111111111111111111111111111101111111011111111111101111111111111010111111111111111111111111111111001101111011111110111111111
11101111111111111111111110111111111111111111111111111011111111111101111111111111110111111111111111111111111111111111111111111111111111111111111111011111111110111011111111111111111111111111111111111111111111111111111111111111111111111110111111111111111011111101011111111111111111111111111111111101110111111111111111111111111111110110111111111111011011111111101111111111111111111111111111111101111111111111111111111111111101111111111111111111110111111111111011111111111111110111111111111111111111111111
10111111111111111111111111111111111111110111111111111111111101111111111111111110111111011111011111111111111111111111111111101111111111111111111111111111111111011111111111111111111111111111111111111111111111101111111111111111111111111111111111111011111111101111111111111111110111111111111111111111111110111111111111111111111011101111111111111111111111111111111110111111111110111111100111111111111111111111111111111111111111111111111111111111111111111111111111111111111111111111111111111111111111111111
11111111111111111111111111111111111111111111111111111111111111111111111111111111111111111111111111111111111111111111111111111111111111111111111111111111111111111111111111111111111111111111111111111111111111111111111111111111111111111111111111111111111111111111111111111111111111111111111111111111111111111111111111111111111111111111111110111111111111111111111111111111111111111111111111111111111111111111111111111111111111111111111111111111111111111111101111111111111111111111111111111111111111111111
11111011111110111111111111111101101111001111111011111111111111111111111111111111111111101010111111111111111111111101111101111110111111111111111111111110111111111011111111111111111111111011111111111111111111111111111111111111101111111011111111111101111111111101111011111110111111111111110111011111111111110110111111111101101110111111111111111111111110111111111101111111111111010111111111111111101101011101111111011111111111111111111111111111111111111111111111111111111111011111111111111111111011111101
11111111111111111111111111111111111111111101111111111111111111111111111111111111111111101111111111111111111111111111111111111111111111111111111111111011111111111111011111111111110111111111111111111111111111111111011111111111111111111011111111111111111111111111111111111111111101111111111111101111111111111111111111111111111111111111111111111111111111111111111111111111111011111111111111111111111111111111111111111111111111111111111111101111111111111111111111111111111111111111111111110111111111111111
11111111111111111111111111111111111111111111111111111111111111111111110111111111111111101111111111111111111111111111111111111111111111111101111111111111111111111111111111111111111111111111111111111011111111111111111111111111111111111111111110111111111111111111111111111111111111111111111101111111111111111111111111111111111111111111111111111111111111111111111111111111111111111111110111111111111101111111111111111111111111111111111111111111111111111111111111111111111111111111111111111111111111111111
11111111111111111111111111111110111111111111111111111111110111111111111111111111111111111111111111111111111111111111111111111111111111111111111111110111111111111111111111111111111111111111111111111111111111111111111111111101111111111111111111111001111111110111111011111111111111111111111111111111111111111111110111011111111111111011111111111111111111111111111111111111111111111111111111111111111111111111111111111111111111111111111111111111111111111111111111111111111111111111111111111111111111111111
11111111111111111111111111111111111111111111011111111111111101111111111111111111111111111111111011111111111111111111111111111111111111111111111111111111111111111111111111111111111111111111111111111111111111111111111111111111111111111111111111111111111111111111111111111111111111111111111111111111111110011111111111111111111111111111111111111110111111111111111111111111111111111111111111111111111111110111111111111111111111111111111111111111111111111111111111111111111111111111011111111111111111111111
11111111111111111111111111111111111111111111111111111111111111111111111111111111111111111111101111111111111111111111111111111111111111111111111111111111111101111111111111111111111110111111111110111110111111110111111111111111111111111111111011111111111111111111111111111111111111111111111111111111111011111111111111111110110111111111111111111111111111111111111111111111111111111111111111111101101111111111111111111111111111111111111110111011111111111111111111111111111111111111111111111111111111111111
11111111111111111111111111111111111111111111111111111010111110111111111111111111111101111110111111111111111111111111111111111111111111111111111111111111111101111111111110111111111111111111111111101111111111111111111111111111111111111111111111111101011111111111111110111111111111111111110111111111111111111111111111111111111111111111111111111111111111111110111111111111111011111101111111111111111111111111111111111111111111111111111111111111111111111101111111110111111111111111111110111111111111111111
11111111111110111111111111111111111111111111111111111111111111111110111111111111111111111011111111111111111111111111111111111111111111111111111111111111111111111011110111111111111111111111001111111111111111111111011111111111111111111111111111111111111111111111111111110111111111111111111111111111111111101111111111111111111111111111111111110111101111111111111111111111111111111111111111111111111111111111101111111111111111111111111111111111111110111111111111111111111111111111111111111110111111111111
11111011111111111110111111011111111111111111110111111111111011111111111111111111111111111111111011111111111011111111111110111111110111111111111111111111111111111111111111111111111111111111111111111111111111111111111111111110111111111111101111111111111111111110111111111111111111111111111111111111111111111111111111011111111111111011101111111111111111111011101111111111111111111111111111111101111111111111111101111111101111111111111111111111111111111111111111111111111101111111111111111111111111111111
11111111111111111111111111111111111111111111111111111111111111111111111111111111111111111111111111111111111111111111111111111111111111111111111111111111111111111110111111111111111111111111111111111101111111111111110111111111111111111111111111111111111111111111111110111111111111111111111111111111111111111111111101111111111111111111111111111111111111111011011111111111111111111111111111111111111111111111111111111111111111111111111111111111111011111111111111111111011111111111111111111111111111111111
11111111111111111111111111111111111111111111111111111111111111111111111111111111111111111111111111111111111111111111111111111111110111111111111101111111111111111111111111111111111111111111111111111111111111111111111111111111111111111111111111111111111111111111111111111111111111111111111111111111111111111111111111111111111111111111111111111111111111111111111111111111111111111111111111111111111111111111111111111111111111111111111111111111111111111111111111111111111111111111111111111111101111111111
11110101111111111111111101111111111111011111101111111111111111111111111111111111111111111111111111110111111011101111111110101111101111111011011101111111111111111111111111111111111111011111111111111010101011111011111111111111011111110111110111101111111111111111111111111111111101111111111111111111111111111111111111111111111011111111101111111101111111110111111110111111001111111111101111111110011110111111110111111111111111111111000111111101111111111111111001111011111110101111111011111101111111111111
11111111111011111111111111011111111111111111111011111111111111111111111111111111111110111111111111101111111111111111011111111111111101111111111111111111101111111111111101111111111111111111111111111011111101111101111111011110111111101111111111111101111011111111111111111111111111111111110111111111111110111110110111110111111111111111111010111110011111110111011111111111111111111111111011011101111111111111111111111111111111111110111111111111111111111111111111101111111111011111111111111111111111011111
11111111111111111110111111111111111111011111111111111111111111111111111101111111111111111111111101111111111011111111111111111111111111111111011111111111101110101111111111111101111111111111111111111011111111111111111111111111111110111111111111011111111111111111111111111111111111111111111111111111111111111111111111111110111110111111111111111111011111111111011111111111111111111111111111111111111111111111111110111111111111111111011111111111111110111111111011111111111111111111111111111111111111111111
11111111111111111111111111011111101111111111111111111111111111111111110111111111111111011111111111111111011111111111111111101101111111111111111110111110111111111111111111111111111011111111111111111110111111111111111111111111111111111111111111110111111111111111111111111111111111111101111111111111111111111111111111011111111111111110111111111111111111111111111111111011111111111111111111110111111111111111111111111111111111111111111111111111111111111111111110111111111111111111111111111111111111111011
11111110111111111011111111111101111111111110111101111111111111101111111111101011111111111111111111111111111111111011111110111111101111111111111111010111111101101111111111110111110111111111111110111011111011111111111111011111110001111111111111111111111111111111101111111111111111111111111111111011111111111111011111111111111011111111111111111111111111111110010111111110110111111010111111111011110111111111101111111111111111111111111111111111111111111111111111111111011111111111111111111111111111111111
11111111111111111111111111111111111111111111111111111111111111111111111111111111111111111111101111111111111111111111111111111111011111111111111111111111111111111111111111111111111111111111111111111111111111111111111111111111111111111111111111111111111111111111111111111111011111111111111110110111111111111111111111111111111111111111111111111111111111111111110110111111111111111111111111111111111101111111111111011111111111111111111111111111111111111111111111111111111111111111111111111111111111111111
