11111111111111111111111111111111111111111111111111111111111111111111111111111111111111111111111111011111111111111111111111111111111111111110111111111111111111111111111111111111111111111111111111111110111111110111111111111111111111111111111111111111111111111111111111011111111111101111111111
11110111110111111110111111111111111111111111111110111111111111011111111111111111111111111101111111011111111110111111111111111111111101110111111010111011110111111111111111111111111111101111111111111111001111111111110111111111101111111111111011111111111111011111101111111110111111111111111111
11111111111111111111111111101101111111011111111110111111111111111111111111111111111111111111111111110111111111010111010111111111111011111110111111111111111111111111111111101101111111111111111111111101111111111011111111101111111101111111101111111111101111111111101111110101111111111111101111
11111111100111111011000110111111011111111111111111111111111101001111111011111111111111111111111111110111111110111111111001111111111111111111111111111111111111111111111111111111111111111111010111111111111111111111100111111111111111111111111111001111110101111111111101111111111011011111111011
11111111111111111110111111111111111111111111111111111111111111111111111111111111111111111111111111111111111111111111111111111111110001011111111111011011110111111111111111111111111011101111111111111011111111111111111101110011111111011111111111111111111111111111010111111111111111011111011111
11111111111111111111111111110111111111111111111111111111111111111111101111111111111111111111111111111111111111111111111101101111111111111111111111111111101111111111111111111011111111111111111111111101111111111111011111111101111101111111111111111111111011111011111111101111111111111110111111
11111111111111111111111111111111111111111111111111111111111111111111111111111111111111111111111111111111111111111111111111101111111111111111111111111111111111111111111111111111111111111111011111111111111111111111111111111111111111111111111111111111111111111111111111111111111111111111111111
11111111011111111111111111111111111111111111111111110111111111111111111111101111111111111111111111111111111111111111111111111111111111111111111111111111111111111111111111111111111111111111111111111011111011111111111110111101110111111111111111111111111111111011011111111111111111111111111111
11111111111111111111111110111111111111110111111111111111111111111111111111111111011111101111111111111111111111111011011111111111111111111111111111111111101111111111111101111111111111111111111111110101111111111110110111111111111111101111111111111101111111111111111111111111011111111111111111
11110111111111111111111111111111101111111011111101101101111111111111111011111111111111111111101111111111111111111111111111111111111111111111111111111111111111111111111111111111111011111111111111111111011111111111111111111111110111111111111111111111111111111111011111111011111101111111111111
11111111111111111111111111111111111111111111111111111111111111111111111101101111111111111111111110111111111111111111011111111111111111111101111111111111111101111111111101111101111111111111111111111111111111111111111111111111011111111111111111101111111111111110111111111111111111111111111111
11111111111111111111111111111111111111111111111111111111111111111111111110110111111111111111111111111111111111111111001111111111111111111111111111111111111111111111111111110111011111111110111111111111111110111111111111111111111111111111111111111110111111111011111111111111111111111111111111
11111111111111111011111111111111111011111011111111111111111011111111111111110111111011111111111111111111111111111111111111111101110111111111111111111111111110111111011111111111111111111111111111111111011111111111110111111111111011111111111111111111111111111111111111111111111011111111111111
11111111111111111111111111111111111110111111101111111111111111111111111111110111111111111111111111111111111111111111111111111111111111111111111111111111111111111111111111101111011101111111111111111111011111111110110111111111111111111111111001111111111111111111111111111111111111110111111111
11111111111111010111111111111111111101111111111101011111111111111111101111111111111111111111111111011110111111110111111111111111011111111111111111111111111111111111111110111101111111011111111111011111111111111111110111110101111110111111111111011111111011111111011111111110111111111111111111
01111111111111111111111111111111111111111111111111111111111111111111111111111111111111111111111111101111111111111111111111111111111111111111111111111111111111111111111111110111111111111111111111111111111111111111111111111111111111111111111111111111111111110111111111111111111111111111111111
11111111111111111111111111111111111101111101111111111111111110111111111111101111111111111111111111111110111111011111111111111101111111111111111111111111111101111111111111111111101111111111111111111111111111111100111111110111111111111111011101111111111110111011111111111100111111111101111111
11111011101110101111111111101111111111111111111110111111111111111111011110111111111110011111111111111111111111111111111111111111111111111110111111111111111101111111111111101111011111111111111111111111011111011111111111111111101111101111111111111111111111101011110111111111111111111111111011
11111111111110111111111111111111111111111111111111111111110101111111111111110111101111111101111111111111111111111111111111111111111111111101111111111111111111011111111111111111111111101111111111101111111111011111111111011111111111111101110111111111111111011111111110110111111111111111101111
11111111111111011111111111111111111111101111111111111111111101111111111111111111111111111111111111111101111111111110111111111111111111111111111111111111111111101111111111111111111111111111111111111110111111111111101111111111111111111111111011111111111101111111111111110111111111111111111111
11111111111111111111111010111111111111111111011111111111101111110111111011111111011110111111111111111111111111110101111111111111111111111001111111111111111111111111111111111111101111111111111101111111111111111111111111111111111111111111111111111101111111111111111111110111111111111111111111
11111111011111010111111111111111111111111011111111111111111111111111111111111111111111110111111111111111111111111111111111111111111111111111111111111111111111111111111111111111110111111111111111111111111111111111111111111110111111111111111111110110111111111111111111111111111111111111111111
11111110111111101111111111111111111111111111101111111111111111111111111111111111110111111101111111111101111111111111111111111111111111111111111111111111111101111111111111111111111111111111111111111111111111111111111111111111111111111111111111111111111111110111111011111111111011111111111111
11111111111111011111111111111111111110111111111111111111111111111111111111111111111111111111111111011111111111111110111011111111101111111111111111111111111111111111111111111111111111111111111111111111111111111111111111111111111111111111111111111111111111011111011111111111111111111111111111
11111111111111111111111111111111111111111111111111111111111111111111111111111111111111111111111111111111111111111111111111111111111111111111111111111111111111111111111111111111111111111111111111111111111111111111111111111111111111111111111111111111111101111111111111111111111111111111111111
11111111111111111111111111111111111111111111111111111110111111111111111111111111111111101111111111111111111110111111111111111111111111111111111111111111111111111111111111101101111111111111111111111111111110111111111111111111111111111111111111111111011111101111111110110111011110101111111111
11111111111111111111111111111111111111111111111111111111111111111111111111111111111111111111111110110111111111111111111111111111111111111111111101111111111111111111111111111111111111111111111111111111111111111111111111111111111111111111111111111111111111111101111111111111111111111111111111
11111101111111111111011111011110011111101111111101111111111111111111111111111111111111111111111111110111011111111101111111111111101111111111111011101110111111101111111110111111111111111101111111111111011111011111010011101011111111111111111101111111110111111011111110111111110111111111111111
01111111111111111111111011110111111011111111111111111111011111111111111011110111111111111111111111111111111111111111111111111111111101101111111111111111111111111111111111111111111111111110111111111110111111111111110111111111111111011111111111111111111111111111111111111101110111111110111111
11111111111111111111111111111111111111111111111111111111111111111111111111111111111111111111111111111110111111111111111111111111011111111111111111111111111111111111101111111111111111111111111111111111111111111111111111111111111111111111111111101111111111111111101111111101111111111111111111
11101011111111011111111111111101101111111111111111111111111111111101111111111111111110111111111011111111101111111111111111111110111111011101111111111110111111111111111111011110111111111111111111111110111111111111111011111111111111111111111011111111111111111111111111111111111111111111011111
11111111111111111001111111111111110111111111111111111111111111111011111110011111111100111110111111111111111111111111111111111111111101111111111111111101111111111111111011001110111001111111111111111111101111111111111101111111111001111111110011111111011110111111111111111111111111111110101101
10101111011111111111111111111111110111111111110111111111111111110011111111110111111111110111111111011111111111110111111111111111101111111110111110111011111111010111111101111111111111111111011111111111111110011111111111111111110111111111111111111111111111111111111111111101011110101111101111
11111111111111111111111111111111111111111111111111111111111111111111111111111111111111111111111111111111111111111111111111111111111111111111111111111111111101111111111111111111111111011111111111111111111111111111111111110111101111111111111111111111111111111111111111111111111111111111111111
11101111111111111011111111111111111111101111111111111111111111111111111111111111111111111111111111111111110111111111001111111111111111011111111111111111111111111111111111111111101001111111111110101111111111111111110111111111110111111111111111111100111111111111111111111011111111110101111111
11111111111111111111111111111111011111111111111111111111111111111111111111111111111111111111111111111111111111111111011111111111111111111111111111111111111111111111111011111111111111111111111111111111111111111111111111111111111111111111111111111111110101111111111111111111111111111111111111
11111111011111111111111111111111111111111111110111111111111111111111111111111111111111111111111111111111111111111111111111111111111111111111111111111111111111111111111111111110111110111111111111111111111111111111111111111011111111111111111111110111111111111111111011111111111111111111101111
11111111111011111111111111111111111111111111111111111011111111111111011111011111111111111111110111111101111011111111111111111111111111111111111111111111111111111111111111111111101111111111101111111111111111111111111111111111111111110111111111111111111111111111111001111111111111011111111111
11111111111111111111111011111111111111111111111111111111111111111111111111011111111111111111111111111111111011101111111111111101111111110111101111101111111100111111111110101111111101111111111111111111111111111011111111111111111111111111111111111111111111111110111101111111111101111111111111
11111011111111111111111111111111111111111111111111111111111111111111111101111111111111110111111111111111111111111101111111111111111111101111111111111111111111111111111111111111111111111111111110101111111111111111101111110111111111111111111111010111111111111111111111011111111111111101111111
11111011111111111110111101111111111111111111111111111111111111111111111111111111111111111111111111101111111011111111111111111111111101111111111111111111111111111111111111111110110111111111111111111111111111111111111111111101111111111101111111110111111111111111111110110011011111111111111111
11111111111111111111111111011111111111111111111111111101111111011111111111111111111111111111111110111111111111111111111111111111111100111111111110111111111111101010111111111111111111111111111101011101111111111111111110111110111111111111111111111111111111111101111111111111111111111111111111
11111111111111111111111111101011111111111111111101011111111111111111111111111111111111111111111111111111111111111111111111111111111111111111111111111111111111111111111111111111111111101101111101111111111111111111111111111111111111111111111111111111111111111111111111111111111111111111111111
11111111111111111111111111111111111111111111111111111111111111111111111111111111111111111111111111111111111111111111111111111111111111111111111111111111111111111111111111111111111111111111111111111111111111111111111111111111111111111111111111111111111111111111111111111111111111111111111111
11111111111111111111111111111111111011111111111111111111111111111111111111111111111111111111111111111111111111111011111111111111111111111111111111111111111111111111111111111111111111111111111111111111111111111111111111111111011111111111111111111111111111111111111111111111011111111111111111
11111111111111111111111111111111111111111111111111111111111111111111111111111111111111111111111111111111111111111111111111111111111101111111111111111111111111111111111111111111111111111111111111011111111111111111111111111111111111111111111111111111111111111111111111111111111101111101111111
11111111111111111111111111111111011111011111111011111111111111111111111011111111111111111111111011111111111111111111111111111111111111111111111111111111111111111111111111111111111111111111111111111111111111111101111101111111111111111111111111111111111111111110111111111111111111111111111111
11111111111111111111111111111111111111111111111111111111111111111111111110111111111111111111111101111111111111111111111111111111111111111101111111111111111111111111111111111111111111111111111111111101111111111111111111111111111111111111111111111111111111110111111111111111111111111111111111
11111111111111111111111111111111111111111111111111111111111111111111111111111111111111111111111111111111111111111111111111111111111111111111111111111111111111111111111111111111111111111111111111111111111111111111111111111111111111111111111111111111111111111111111111101111111111111111111111
11111110111111111111110101111111111111111101111111111111111101111111111111111111111111111111111111111111111111111011111111111111011101111111101101111111111111111111111111111110111011111110111111101111111111111111111110111110111111111110011111111111111111111111111011111111111111111111110111
11111100111111111111111111111111111111111111111011111111110111111111111111111101011111111111101111111111111101101111111011111101111111011101111011111101101111111111011111111111110111111111101111111111111011111111111111101111111111111111101111111111111111111001110101111111111111101111111111
11111111111011111111111011111111111011101111101111101111111011011111011111111111111111111011011111111111110111110011111111111011111111111111111111111111111111101110111110111111111110111111111111110110011111111111111101111110111111100111111111111111111111111111111111101011011111111111111111
11111111111111111111111111101111111111111111111111111111111111111111111111111111111111111111111111111111111111111111111111111111111111111111111111111111111111111111111111111111111111111111011111111111111111111111011111101111111101111111111111111111111111111111111111111111111111111111111111
11111110111111011111111101101110111110111111111111111110111110111111011111111111111011111111111111111111111111111111111011111011111111111111111111111111101111011111111111111111111111111111101111111111111111111111111111111111101110101111111011111111101111111110101111111111111111111111111111
11111001111111111110110111111111111111111101011111111111111111111111111111111110111111111111111111111111111111111111111111111111111111111101111111111111011111111011111111111111111111111111111111111111111111111111111111111111111111111111111110110110111111111111111111111111111111101111111011
11111111111111111100110111111111111011111111110111111111101101111111111011111011111101111110101111011111111111111111111011111111111111111111110111111111111111111101111101101111111111111111111111110111111111011111111110111111111111111111111111111111111111111111110111111101111011111111111111
11111111111111111111111111111111110111111111111111111111111111111111111111110111111111111111111111111111111111111111111111111111111111111111111111110111111111111111111101111111111111101111111111111111111111111111111111111111111111111111111111111110111111111111111111111111111111111111111111
11110101111111111111111111111111111111111111111111111111111111111111111111111111111111111111111111111111111111111111111111111111111111111111111111111111111111111111111111111111111111111111111111111111111111111111111111011111111111111111111111111111111111111111111111111111111111111111111111
11111011111111110111111110111111111111111111111110111111111111111111110101111111111111111011111111111111110111111111111011111111111111011111111111111111101111111111111111110111111111111111111111111111111111111111111111111110111111111111111111111111111111011111111111111111111110111111111111
11111111111011111111111111111010111111111111111111111111101111111111111111111111111111111111111111111111111011111111111111111111011111111111011111111111111111111111111111111111101111111111111111111111111111111111111111111110111111111111111111111111111111111111111111110111111111111111111111
11110111101111111111111110111111110111111111111111111101111111111110111111110111011111011111111111101111111111111101101111111111110111011111111111111011111111011101101010111111111111110111111110111101111111111111111111111111111111111111111111111011101111111110111111111111001111111011111111
11111011111111111111110110111111111111111111111111111111111111011111111111111011110111111111111111101111111011111111111101111111111111111111111111111111110111111111111011110111101111111111111111111111101111111111111101111111111111111111111111111111110111111011111111111111111111111111111111
11111111110111101011111110111111111111111111111010111111111111111111111111111111111011111111111011111111111111011111111111111111111100111111111111101111111001111111111111111100111111111111111111111101111011111111111111111111111111111111111111111111111101111011001111111111111111111111111111
11111111110111111111101111101111111011111111111111111111111111111111111111111101011111111111111111111111111111111111111111101111111111111111111111111111111111111111111111111111111111011111111111111111111111111111111111111111111111100111011111111111111111111101111011111111111100111111111011
11111111111111111111111111111111111111111111111111111111111111111111111111111111111111111111111111111111111111111111111111111111111111111111111111111111111111111111111111111111111111111111111111111111111111111111111111111111111111111111111111111011111111111111111111111111111111111111111111
11111111111111111101111111111111111111111111111111111111111110111111111111011111111111111111111101111111110110111101111111111111111111011111111111111111111110111111111111101111111101101111111111111111111111111111110111011111101111011101111111111111111111111111111111111111111111111111111111
11011111111011111111101111111111010111111111111111111110111111111100111111111111111111011111111111111111101111111111111111011111101111111111111111111111111111111111111110111011111111111111111111101110011111100110111111111111110111110111111111111111111111111111111111111110111111111111101111
11111111111111111111111111011111111111111111101111101111111111111111101111111111111111111111111011011111111111110011111111101101111111111101111111110111011111111111111111001111111111111111111111101111101111111101011111111111111111111111111111111111111111111111110111001011111111111111111111
11111111111111111111111110111111111111111111111111111111111110111111111111111111111111111111111111111111111111111111111111111111111111111111111111111111111011111111011111111111101101011111111111111111111111111111111111111111111111111111111111111111111111110111111111111111011111111111111111
11111111111111111111111111111111111111111111111111111111111111111111111111111111111111111111111111111111111111111111110111111111111111111111111111111011111111111111111111111111111111111111111111111111111111111011111111111111111111111111111111111111111111111111111111011111111111111111111111
11111111111111101111111111111111111111111111111111111111111111111111111111111111111111111111110111111111111111110111111111111111111111111110111111111111111111111111111011111111111111111111111111111111111111111111111111111111111111111011111111111111111111111110111111111111111111111111111111
11110101111111111100111111111111110111110111111111111111111111111111111111110111011110111111111011111110111101111101111111111111111111111111111111111111111111111101110110101111100111111111110111101111111101111111111111111111111111111111011110111111101101111111111111011111111111111111111101
11011111111111011111101111110111111111111111111111110110111101111111111111111111111111111111101111111111101111111111111111101111101100111111111111111101111111111111111111111111110111111111111111101111110111111111111111111111111111111111110011111110110111111111111111011111111110111111110111
11111101110111111111111111111111011111101111110111111011111111111011111111111011111111111111111110011111101111111111111111111111111111110011111011111111111111111111111111111110111111111101101111111111111011111111111011111111101111111101111100111111110111111110111110111111111111111111011111
11111111101111011111111111111111111111111111101111111111111101101111111111111110011111111111101111111011111111110111111101011111111111101111111111111111111111111110111111111111111111111111111111110111111011111111111110111110111111111111111111011101111111111111011101111111111111111111111111
11111111111111111111111111111111101111110111111110111111111111111111110101111101111110111111111111011111111011111111111011111111111111111111111111111111111111111111011011100110111101101111111111011110111111111111111111110111111111111111111111011111111111101101111011111111101111100111101101
11111111111111111111111111111111111111111111111111111111111111111111111111111111111111111111111111111111111111111111011111111111101111111011111111111110111111111111111111111111111111111111111111111111111111111111111111111111111111111111111111111110111111111111111111111111111111111111111111
11011111111111111111111111111111111111111111111111111011111111111110111111111111111111111111111011111111111111111111111111111111111111111011111111101111111111111111111111110111011111111111111111111111111111111111111111101111111111111111101101111111111111111111111111111111111111111111111111
11111111111111111111111111111111111111111111111111111111111111111111111111111111110111111111111111111111111111111111111111111111111111111111111111111111111111111111111111111111111111111111111111111111111111111111111111111111111111111111111111111111111111111111111111111011111111111111111111
11111111111111111111111111111111111111111111111111111111111111111111111111111111111111111111111111111111111111111111111111111111111111111111111111111111111110111111111111111111111111111111111111111111111111111111111111111111111111111111111111111111111111111111111111111111111111110111111111
11111111111111111111111101111111111111110111111111011111101101111110111111111111111101111111111111111111111111111111111111111011111111111111111111111111111010111111111111111111111111111110011111111111111111111111111111111111111111111111111111110111110111111111111111111111111111111111111111
11111111111111111111111111111111111111111111111111111111111111111111111111111111111111111111111111111111111111111111111111111111111111111111111111111111111111111111111111111111111111111111111111111111111111111111111111111111111111111111111111111111111111111111111111111111111111111111111101
11111111111111101101111110111111111111101111111111111111110111111111111111101111101111111111111111110111111111110111111111111111111111111011110110111110111111101110111011111111111111110111111111111111111111111111111001110111111111111111111111111011111001111111101111110111111111111111111101
11101111111111101111111111111111101111111111111111110111111111111111111111101111101111111111101011111111101111111100111111111101111111111111111111101101111001111110111101011111111111111111111111111111111111111110111111111111111111110111111011111111111011111111011111111111111101111111111111
11111111111111111111111111111111111111111111111101111111111111111111111111111111111111111111111011110111110111111111111101111111111111111111111111111111111111111111111111111111111111111111111111111111111011111111010111111111111111011111111111110111011111111111111111011111111111111111011111
11111111011111111101110111011111111111101111111111111111111111111111111111011111110111011101111111111110111111011111111110111111111011011111111110111111111111111111100111111111111111111111111110111101111111111111111111111111011111111011011101111111111101111111111111111111111111011111111111
11110111111111101111111111111111111111101011101111111011111111111011111111111111111111111011111110110111100111111111111110101111111111111101111111011101111111111111111111100111111101111111111100101111111111111111111111111111111111110011111111111111101101111110111111111011111111111111111111
11011111111111011111111111011111111111111111111111111111111111111111011011111110111111011111111111111111111111111111101111111111111111111111111111111110111111111111111111111111111111111111011111111111111111111110110101111111110111101111001111101111110111111111111110111111101111111111111111
11111111101111111111111111101011111010111111111111111111011111011111111111111111111110111111111101111111111111111110111111111111111111111111111111111111111111111111111111111101111111111011111111111101111111111111111111111100111101111111011111111111111111111111111111111111111111111111111111
11111111111111111110111111111111111111110111111110111011111111111111111101110111111111111111111111111111111111111111111111111101101111111111111011110011111110111111111111111111111111111111111111111011110110111111110111111111111111111011110111111111111111111101111111111111111111111111111010
11111111111111111111111111111011111111111111111111111101011111111111111111111111111111111111111110111111101111111111101111111111111111111111111111111110111111111111111111111111111111111111111111111111111111111111111111111111111111111111111111111111111111111111111111111110111111111111111111
11111111111111111111110111111111001111111111111111110111110111111111111110111110111011111111111001111011101111110110110011011111111111111111111111111101111111111110111111110111111111111111101101111111111111111011111111111111111111111101111111111111111111111101111111111110011111111110101111
11111111111111111111010111111111100111101111110111111111111111111111111111111110110111011111101011111111111111101111111111111101111111011110110111111111011011111111111111101111111101100111101011111111111111111111111111111111101111111111111111111111111111111111110111111110111111111111111110
11111111111111111111111111111111101111111111111111111111111111111111111101111111111011111011111111111101011110110111111111011111101111011111111111111111111111110101111111111111111111111111111111100111111111111111111111111111110111111111111011111111110111111111011111111111111111111111111111
11111111111111111111111111111111111111111111111111111111111111111111111111111111111111111111111111111111111111111111111111111111111111111111111111111111111111111111111111111111111110110111111111111111111111111111111111111111111111111111111101111111111111111111111111111111111111111111111111
11111111111101111111111111110111111111110111110111101111111111111111111111111111111111111111110111111111111111101111111111011111111111111111110111111101111111111111111111101101111111111111111001011010111111111111110111111010111111101111110111111111111011111111111111111111111110101111111111
11111111111111111111111111111111111111101111111111111111111111111111111111111111111111111111111111111111111111111111111111111111111111111111111111111111111111111111111111111111111111111111111111111111111111111111111111111111111111111111111111111111111111111111111111111111111111111111111111
10111111111111111111111110111111111111011111111111111110111111111111111111111111111111011111111111111111111111111111111111111111111111111111111111111101111111101111111111111111111111111111111111111111111111111111111111111111111011111111111111111111111111111111111111111111111111111111111111
11101110111111111111111101011111111111111101111111111111111111111110111111111111111111101111111111011111111111111111110011111111111111111110111111111110110111011111111111111011111111111111111111111111111111111111111111111110111111101110111111111010111111111111111111111111111111111110111011
11111111111111111111111111111011111111111111111111111111111111111111111111111111111111111111111111111111111111111111111111111111111111111101110111111111111111111111111111111111111111110111111111111111111111111111111111111111111111101111111111111111111111111111111111111111111101111111111111
