111111111111111111111111111111111111111111111111111111111111111111111111111111111111111111111111111111101111111111111111110111111111111111111111111111111111111111111111111111111111111111111111111111111111111111
111111011111111111111111111111111111111111011011101111111111101111011111111111111011110110110111111011111111111011111111111111111111111111111110111111111101111111111111111111111111111110111111011111111111101110
011111111110111111111111111011111111111111111111111111111111110011111111111111111111111111011111111111111111101111111111111011111111011111111111111111111111101111111111111011011111111111111111111111101111111111
111111111111111111111111111111111111111111111111101111111111111111111111111111110111111111111111111110111110111111111111111111111111011111111111111111111111111101111100111110111111111111111011111111111111111111
111111101111111111111111111110111111111111111111111111111111111111111111111111111111111111111011111110111111111111111101111111111110110110111111111111111111111111111111111101111111101101110101111111111111011111
111111111111111111111111111111111111111111111011111111111110111101111011111111111111111111111111111111111101111111111111111111111111101111111111111111111111111110111101111011111110111111111111111111111111111111
101111111111111111111111111111011111111011111111111111111111011111111111111111111111111111111111111111111111111111111111111111111111111111111111111111111111111111111111111111111111111110111111110101111110111011
111111111111011111111110110011111111111111111111111111111111101111111111011111011111111110111111111111101111011101111011111111111111111111111111011111111111111111111111111111111111111111111111110111101111010111
111111111011111111111111111101101111011111111111101111111111111111011111111101101111111111111111111110111101111011111111101011111111111101111111111111011111111111111110110111111111011011101111111101111111111111
100111111111101111111111111111111111111111111111111111101111111111111111111111111111111111111111111111111111111110110110111111111111111111111111111111111111111111110111111111111001111111111111111111111111111111
111111111111111111111111111111111111111111111111111111111111111111110111111111111111111111111111011111111111111111111111111101111101111111111111101111110111111011111011111111111111101111111111111101111111111111
111111111111111111111111111111111111111111111111111111111111111111111111111111111110111111111111111111111111111111111111111111111111111111111111111011111111111111111111111111111111111111111111111111111111011111
110111111111111010111111111111111111111111111111111111110111111111111111111111111111101111111111111111111111111111100101111111111101101110111111101111111111111110111111111110100111111111111111111111111111111111
111110111101011111111111110111111101111111111011111111111010111101111111111111111110111011111111101111111111111111111111111111111111111111110111110111011111011110101111111111111111111110111111101111111111111111
111111111111111111011111110111111111111111111111111101111111111111111111111111111110111111110111111111111111111111110111111111111011111111101111111111111011111111110111101111111111110111111111111111111111111111
110111111111111111011111111111111111111111111111111111011111111111111111111111111111111111111111111111111111111111111111111111011111110111111111111111111111111011111111111111011111101111111111110111110110101111
111111111111111111111111111111111111111111111111111111111111111111111111111111111111111111111111111111111111111111111111111111111111111111111111111111111111111111111111111111111111111111111111111111111111111111
111111111111111111111111111111111111111111111111111111101111011111111011111111111111111111111111111111110111111111111111111111111111111111111111111111111111111111111111111111111111111111111111111110111111111111
111111111111111111111101111111111111101111101111111111111011111111111101111111111111111111111111111111111111111111111111001111111111111111111111111111111111111111111111101111111111111111111111111111111101111111
111111111111111111101111110111111010111110111111111101111111011111111110111011111101111111111111111111111011111111111111111111101111111011111111111111111111101111111001111111111101111111011111111111111011111011
111111111111111111111111111111111111111111101111101110111011111111111111111111011111111101111111111101111111111111111111111111111111111111111111110111111011111111111111111111111011111111111111111101111111111111
111111111111111111111011111111111111111111111110111111111111111111111111101111111111111111111101111100111111111111111111111111111111111111111110111110111111111101101111111110011111111111111111101110111111111101
111111111111111111110111111111111111111111111111111111111111111111111111111111101111111111111111011111111111111101111111111111111111111011111111100111111111111111111111111011111111111111111111110101111111111111
111111111111111111111101111111111111111111111111111011111011100111111111111111011101101111111111111111101111111111111101111111111111111111011111110111110111011111101111111111101111111111111111111111111111101111
111111111111011111110111111111111111101111111111111110111011111111111111110111111111111101111111111110011111111111111111111111111111111111111101111111111111111111111111111111011111111111111111110111101111011111
111111111111111111111111111111111111111111110111111111111110111110111111111111111110011111111111111111111111101111101011111111111111111111111111011111111110111111111011111110111111111111111111111111111110111101
111111111111111111111111111011110111011111111111111111101111111110111111111111111111111111111101111111011111111111111111111111111111011111111011111111111111111111111111111111111111111101111111111111111111111111
111111111111111111111101111111111111111111111111111110111111111111111111111111111111111111111111111111111111111111111111111111111111111111111111111111111111111111111111111111111111111111100111111111111111111111
111111101101111111111111011111111111111111111111111111111111111111111111111111110111111111111111111101111111111111111111111110111101111111111111111111011111111011111111111111110111111110111111111111111111111111
111111111111111111111111111111111111111111111111111111111110111111111111111111111111111111111111111111101111111111111111111111111011111111111101111111111111111111111111111111111111111111111111111111111111111111
111111111111111111111111111111111111111111111111111111111110111111111111111111111111111111111111111111111111111111011111111111101111111111111111111111111111111111111111111111111111111111111111101111111101111111
111111111111111110111111111111111111111111111111011111111111111111111111111111111111111111111111111111111111111111111111111111111111111111111101111111111111111111111111111111111011111111111111111111111111111111
111111111111011110111111111110111110111011111111101110111011111011111111111011111101111111111111111111011011111111111011111111111111111111111111111011111111111111111111011111111111111110111110111101111111111111
110011111101111111111111111111111111111111111111111111111111111111111111111111111111111111111111111111111111111111111111111111111111111111111111111011111110111111111011111111111111111111111111111111111111111111
111111110111111111111111111111111111111111111111111111111111111111111111111111111111111111111111111111111111111111111111111111111111111111111111111011111111111111111111111111111111111111111111111111111111111111
111111111111111111111111111111111111111111111101111101111111111111111111111111111111111111111111111111111111111111111111011111111111111111111111111111111111111111111111111111111111111111111111111111111110111111
010111111111111111111111111011111111011111111111110111111111111111111111111111111111111111111111111111111111111111111111111111111111111111111111110111111111111110111111111111111111111111111111111111111111111111
111101000111111111111111111111111111111111111111111111111011111111111111111010110111111111111111111111111111111111111111111111111111111111111110111111101011111101111111111111111111101111111111011011111011111110
111111101111111111111111111111011111111111111111111111101111111111111111111110111111111111110111111111111111111101111111111111111111110111111111111111011111111111111111111111111111111101111111011111111101111111
111011111111111111111111111111111111111111111111111111111111111111111111111111111111111111111111111111111111111111111111111111111111111111111111111111111111111111111111111111111111111111111111111111111111111111
111111111111111111111111111110111111111111111111111111111111111111111111111111111111111111111111111111111111111111111111111111111111111111111111111111111111111111111111111111111111111111111111111111111111111111
111111111111111111110111111111111111111111111111011111111111111111111111111111111111111111111111111111011111101111111111111111111111111111111111111111111111111111111111111111111111111111111111101111111111111111
111111111111111111111111111111111111111111111111111111110111111111111011111111111111111111111111111111111011111111111111111111111111111111111111111111011111111111111111111111111111111111111111111111111111011111
111111111111111110011111111111111111111101111101111111111111111111111111111110111111111111111111111111111111111111111011111110111111111111111111111111110110111111111111111111111010111111111111111111111011111011
111111111111111111111100111111111111110111111111111111111111110111111111011111111111111111111110110111101111111111111111111111111111111111111111111111111111111111111111111111111111111111111111111111111111111111
111111111111111111111111111111111111111011111111111111111111111111111111111111111111111111111111111111111111111111111111111111111111111111111111111111111111111111111111111111111111111111111111111111111111111111
111111111110111111111111111011111111101110111111111111011111111111011111111111111111111111111111111111111101111111111111111101111111111111111111111111110111111111111111111111111111111111111111111111111111111111
101111111111111111111111111111110111111111111111111111111111111111111111111111111111111111111111111110111111111111111111111111111111111111111111111111111111111111111111111111111111111111101111111111111111111111
111111111111110111111111111111111111111001111111111111101111111110111001111110101111111111111111111111111111111111111111111111010111111110111011111110111011110111110111111111111111111111111111111111101111111111
111111111111111111111111111111111111111111111111111111111111111111111111111111111111111111111111111110111111111111111111111101111111111011111111111111111011111111111111111111111111111111111111111111110110111111
011111111110101111110111111111111110111111111111110111111111111111111111111111111111111101111111110111011111101111111100111111110111111111111111111101111111111111111111001110111111111111111111101111111111111111
111110010111111111111111111111111111111111110111111011111111111111111111111111111111110111011101111111111111101111111110111111110111101111111111111111111111111111111101111111111111111100111110111111111111111111
111111111111111111111111111111111111111111111111111111111111111111111111111111111111111111101111101111111111011111110111111111111101111101101111111111110110111111111111111011111111111111110111011111111111111111
110111111111111111111111111110111111111111111111111111110111111011111111111101110111111111111111111111111111011111011111111111111111111111111111101111111110110111111111111111111111111110111111111111111011111111
111111111111111111111011111111111111111110111111111111111111111111111111111111111111111111111111111111111111111110111111111111111111111111111111111111111111111111111111111111111111111111111110111111111111111110
111111111111111111111111111111111111111111111111111111111111111111111110111111111111111111111111111111111111111111111111111111111111111111111111111111011111111111111111111111111111111111111111111111111111111111
111111111111111111111111111111111111111111111111111111111111111111111101111111111111111111111011111111111111111111111111111111111111111111111111111111111110101111111111101111111111111011111111111111101111110111
111111111111100111111111111111101111111111111101111111110111111111111111111111111101111101111111111101111111110111011110011111111111111111111111111101111111111111111111111111111111111111011111011111111111110111
111111111111111111111111111111111111111111111111111111111111111111011111110111111111111111111011111111011111111111111111111111111111111111111111111111111111111111111111111111111111111111111111111111111111111111
111111111111111111101111111111111111111111111110111111110111111111111111111111011111111111111111111111111111111100111111111111111111111111111111111111111101111111111111111111111111111111111111111111111111111111
111101111101111111111011111111111101111111011111111111111111101111111111111111111111111011111111111101111111111111111111111111111111111101111111111111111111111111111111111011111111111111111111111111111111111111
111111110111111111111111111111111111111111111111111101110111111111111111111111111111110111111011111111011111111111111111111111111111111011111111111101101111111111111111111111111111111111111111111111111111111111
101111011111111111111111111111111111111111111110111111111111111111111111111111111111111111111011110111111111101111111111111101111111110011110111111111111011111111111011111111111011111111110111110101111111111111
111111111111111111011111111111111111111110111111011111110111111111111111111111111111111111111011110111111111101111111111111111110111111010111111111111010101111111111111111111111110101111110111111111111111011111
111111111111111111111011111111111111111111111110111111111111111111111111111111101111111111111111111111111111111111111111110011111111111111111111111111111011111111111111111111111111111111111111111111111111111111
001111111101111111111101111111111111110110111111011111111110111111111111111111111111111111111111100111011101111111111111111111111111011111111111111111111111101111111011111111111111111111111111111111111111111110
101101011111111110111111111001111111111111111111111111101111111111110111111111111011111111111111111111111111111111111011111111111111111111111111111111110111100111111111111111111111111011111011111111111111111111
111101111101111110101011111111111110111111110111111111111111111111111111111111101111111011111111111111111111111111111111111111111111111111111111111111100101111111111101111111111111111011111111111111111111111111
111101111111111111111111111111011111011111111011111111101111101011111111111110111111110111111111111111011110111111111111110111111101101111111111011111111111111111111111111110111111111111111111001111111111111111
111111110111111111110111111111111111111111111111111111111111111111111111110111111111111111111110111111111111111110111111111111011111111111111101011111111010111111111111111111111111111111111111101111111111111011
011111111111111111111110101111111111111101111111111111111111111111111111111011111111111111111011111111111011111111011101111111111111111111111111111111111111111111111111111111111111111111111111111101111111111111
111111111111111111110111111111111111110111111111111111111111111111111111111111111111111111101111111111111111111111111111111011111111011111011111111111101111111011111111101111111111111110111101111111111111100111
110111111111110111111111111111111011111101111111111101111111111111111111111111111111111111110111111111111111111111111111111111101111111101101111111110111111010111111111111111111101110111111111111111111011110111
111111111111111111111111111111111111111101111111011101111111111111111111111111111111111111111111111111111111111111111111111111111111111111111111111111111111111111111111111111111111110111101111110110111111111111
111111111111111111111111111111111111111101111111111111111111111111111111111011111110111111111101111101111111111110101011111101111110111111110111111111111111111111101111111111110111110101111111111111111010111111
111111111111111111111111111111111111111111111011111111111111111111101111111111111111111111111111111111111111111110111111011111111111111101111111111111110111111111111111111111111111111101111111111111111111111111
111111111111001111111111111111111011111111111111111111111111111100111111111011111111111111111111110110111111111111111111111111111111111111111111111111111011111111111111010111111111111111111111111111111111111111
111111111111111111111111111111111111011111011111111111111111111111111111111111011111111111111111111111111111111111111111111111111111110110111111111111111111101111111111111111111111111111111111111111111111111111
111111011111101110111111111111111011111111011111111111111111111011111111111101100111111110111111110110110111111111011111111111111101111111110111111111111111101111111111111111111111111011110111111111111111111111
110011101111110111111111111111111011111101111011011111110111111111011011111110111111111111111111111111111111111111111111111111111110101111111111111111111110011111111111110011111010111111111111111111111111011111
111111111111111111111111111111111111111111111111111111111111111111111111111111111111111111111111111011111101111111111111111111111111111111111111111111011111111111111111111111111111111111111111111111111111111111
111111111111011101111111011111111111111111110111111111110111111010110111111011111111111111111111111111111110111111011111111111101011111111110111111110111111111111111111111100110111011111111111101111111111111111
111111111011111111111111111111111111111111111111111111111111111111111111111111111111111111101111111111111111111110111111111111111111111111111111111111111111111111111111111111111111111111111111111111111111011111
111111111101111111111111111111111111111111111111111110001111111111111111011111101110111111111111110011111010011101111111011111111111111101111111111101110111111111111101111111011111111111111110101111111111111111
111111111111111111111111111111111111111111111111111111111111111111110111111111111111111111111111111111111111111111111111111111111111111111111011111111111111111111111111111111111111111111111111111111111111111111
101111111111111111111111111101111111111111111111011011111111111111101011111011110111111111111111011111111111111111111111111111111111110111111111011111111111111111111110101111111111110111111111111111111111110111
111111111111111111111111111111111111111111111101111111111111111111111111111111011111111111111111111111111111111111111111111111111111111111111111111111111111111111111111111111111111111111111111111111111111111111
111111111111111111111111110111111111111111111111111111111111111111111011111111011111111111111111111111011111111111111011111111111011011111111111111111101111111111111111111011111111011111111111111111111111111111
111111111111010111111111111111111111111111111111111111111111111110111111111111101011111111111111010111111111101110111111110111111101111110111111111111111111101101111111111111111111111011111101111111111111011111
011111111111111111111111111111100111111111111111111111111101111111111111111111111111111111111111111111111111101111111111111111111111111110011111111111011111111111111111111111111111111111111111111101111111111111
111111111111111111101111111101111111111111011111111111111111111111111011111101111101101111111111111111111111111111011101111111101111101111111111111111101111111111111111111111101100111110111101011110111111110111
111111111111111111111111111111111111111110111111111111111111111111111111111111111111111111111111111111111111111101111111111111111111111111111111111111111111111111111101111111111111111111111111111111111101111111
111111111111111111111111111111111111111111111111111111111111111111111111111111111111111111111111111111111111111111111111111111111111111111111111011111111111111111111111101111111111111111111111111111111111111111
111111011111101110111011111110101111111111111111111111111111110110111111111111111111111111111111111110111111111111010111111111111111111111111111111110111111111111101111111111111111111111011111111111011110111111
111111111100111111111111111110111111111111111111111111101111111111111111111001101111111111111011111111111111111111101111111111111110111111111111101110111111111111111111111111111011111111111011111111111111111111
111111111111111111111111111110111111111111111111110111111111111111111111101111111111111111111111111110111111011111111111111011111111110111111111111111111111111111111101111111111111111111111111111111110111110111
111111111111110111011111111111111111111111011011111111111111111111110111111111111111111011111111111111111101111010101101110111111111111111110111111110111111111111111111011111111111111111111111110111110111011111
111111111111111111111111111111111111111111111111111111111111111111111111111111111111111111101111111111111111111111111111111111111111111111111111111111111111111111111111111111111111111111111111111111111111111111
111011110011110111101111111111111111111111111111011111110111111101111111111111111111111111111111111111111111111011111111111111111111101111111111111111111110111111111111111101111111101111111111111111111111111011
111111111111011111111111111110111110100111111111111111111111111111111111111111110011101111111111111110111111101111111111111111111101111110111111111111111101111111111111111111111111111111111101111111111111111111
