1111111110111111101111111110111111101111111111111101111111111111111111111111111111111100111111110111011111110111111111111111111111
1111111111111111101111110111101111111111111011111111111111101111111011111111111111011111111111111101111111111111111111111111111111
1111111011111111111111111111101111111111111111111110111111111111111111111111011111111111111111111111111111111111111111111111111111
1111111111111011011111111111111111110111111011111111111111111111111111111111111111111110111111111111111101111111011111100111111111
1111111111011111101111111101111111111111111111110111110111111111111111111101011111111111111111101111101110111111111111110111111111
1111111111111110111111111111101111101111111111111111111111111111111111111111111111111111111111111111111111111111111111111111111011
1111111111111111111111111111111111111111111111111111111111111111111111111111111111111011111111111111111111111111111111111111111101
1111111111111101111111111101111111111111111101111111111111111111111111111111111111111111111011111101111111101111101101111111111111
1111111111101111111101111110111111111110111111011111111111111101111111111111111111111111110111111111111111111111111111111110111111
1111111111111111111110111111111111111111111111111111101111111011111111111111111111111111111101111111111111111111111111111111111111
1011111111111111111111111111111111111101111111111111111111111111111011101111111111111111011111111111111111111111111111011111111101
1111111111111111111111011111111110011111110111101011111111111111101101011111111111111111111111110111111101111111111110111111111110
1111111111111111111110111111111111110111111111111111111111111111111111111111111111111111111111111111111111110111110111111111111111
1111011111111101111111011111111111111111101111111111111111111011111011111111111111111111101110111111111111111101110111111111111111
1111111111111111111111111111111111111111111111111111111111111111111111111111111111111111111111111111111111111111111111111111111111
1111111111111111111111111111111110111111111111111111111111011111111111111111111101111111111111111111111110111111111111111111111111
1111011111110111111111111110011111111110111111111111111111111111111101111111111111111101111110101111111111111111111011111111101111
1101111111111011111111011111111011111111111111111111011111111111111111111111111111111111111011111111111111111101111111111111011011
1111111111111011101110111111111101111111111111111101111011101111110111111111110110111111101111111111111111111111011111110111111111
1111110011110011011111111111001111111111111111111111111111111111111011111111111111111111111111111010111111111111111011111111110111
1111011111111111111111111111111111111111111111111111111110111111011111111111111100111111111111110101111111111110111111111111111111
1111111101111011111111110111111111110101111111111111111111111111101101111110111111111111111111111101111111111111111111111111111111
1111110111111110111111111111111011111111111111110111111111111111111111011111111111111111111111111111101110111111111111111111111111
1011111110111111101111111111111111111111101111111111111111101111111101111111111111111111111101101011111111111111111110101111111111
1111111111111000101111111111111111111111111101111111011111111101111111111111111111111111011111111111101111111111111111111110111101
1111111111111111011111111101111111111011111111111111111111011111111111111001111111111111111101111111111001111111111111111111101111
1111111111111111101111101111111101111011011111111111111111101101111111101111111111111111111111111111111111111111111111101111111101
1111111111111101111111111111111111111110111011111111101111111110011111111111111111101111111111111111111111111111111111111101101111
1111101111111010111111111111111111111101111111011101111111111111111111111111111111110111111111111111111111111111111011111011111111
1111111111111111111111111111111111111111111111111111111111101111111111011111111011111111101111111111111111111111111111111111111111
1111101111111111111111111111111111111111111111111111111011111111111111111111111111111111111111111111111111111111111111111111111111
1111111111111111111111111111111111111111111111011111111111111111111111111111111111010111111111111111111111111111111111111111111111
1111111101111111111111111110111101111111111111111111011111111111111111111111111111111111111111111111111111111111011111111100111111
1111111101111111101111111111111111111111111111100111111011111111111111101111111111111111111111011111111101110111111111011111111111
1111111111111111011111111111110111111111111111111111111111111111111011111111111111111111101111111011111111101111111111111010101111
1111111111111111111111111111111111111111111111111111111111111111111011111111111111111111011111111111111111111111111111111111111111
1111111111110011110101111111111111111111111011111111111111111111111111111111111111111111111111101111101111111011111001011111111111
1111111111111111111111111111111111111111111111111111111111111111111111111111111111110111111111011111111011111111111110111111111111
1111111111111111111111111111111111111111111111111111111111111111111111111101111111111111111111111111111111111111111111111111111111
1111111110111111110111111111011111111111111111111111111111111110111111111111111111111111111111111110101111111111111111101111111111
1111111111111111111110011111111111101101111111101111111111111111111011101111110110110111110111111101111111111111111111111111111111
1101111111111111111111111111111110011111111111111110100111111111111110011111111111111111111111111111111101111111111111111101110111
1111111111111111111101111111111111111111111111111011111111111111111110110111101111111111111111111011110111110111111111111011111111
1111111111111111111111111111111111111111111111111111111111111111111111111111111111111111111111110111111110111111111111110101111111
1111111111111111111111111111111110111011111111111111111111111111111110111111111111111111111111111111011111111110111111111111111111
1101111111111111111111111111111111111111111000111111101111111101111111111111111111111101111111101111111011111111111111110111110111
1110111111111111111111100111111111110111110111111111111111111011111111111111101111111111111111111111111111111111111111011111111111
1111111111111101111111011111111111111111111111111111111111011111111111111111111111111111111110111111011111011111111111111111111111
1111111110110111101111111111111111111111111111111110111111111111111111111111111111111111111111111111101111111111111111111111111111
1111111111111111111111111111111110111011111111111111111111111111111111111111111111111111111111111111111101111111111111111111111111
1101111111101111111111111111101110111111111111111111111011111111111111111111101111111101111111111111111111101111110110110111111111
1111111111111111110111111111101111111111111101111111110111111111111111111111111111111111111011111111111111101111111111111111111111
1111111111110001111110111111111111111111111111111111111100111111111111111111110110111111111111110111111111111111111100101111011111
1110110111111111111111111111111111111111111111111111111111101111111111111101111111111111011111111111111111111111111111111111111111
1111011011111111111111111111111001111111111111111110111111111111111011110111111111111111111101111111111101001111111111111111111111
1111111111111111011111101110111111011111111111111101111111111011010111111111111011111111111111111111110111110111111111111111101111
1111101111111111111111111111111111111111111111110111111101111111111111111111111111111111011111111110111111111111111111111111111111
0111111111111111111111111111110111111111111111111111111111111111111111111111111011111111111111111111111011110111111011111011111111
1111111111111110111111111111011111111111011111111111111111111111111111101110111101111110111011111111111100111111011111111011111110
1111111111111111111111111111101101001111111111111111111101111111101011111101110111111111111111100111111111111111101111111111111111
1111111111111111111111111111111110111111111111111111111111111111111111111111111111111111110111111111111111111111111111111111111101
1111111111111111111101111111111111110111111111111111111111011111111011111111111111111111111111111111101111111111110111111111111111
1111111111111111111111111111111110111111111111111111111111111101111111101111111111111111111111111111111111111111111111111011111111
1111101111111111111111111011111111111100111111111101111111011111111111101011111101111111011111111111111111111111111111111111110111
1111111111111111111111111111111111111111011101111111111111111111111111111011111111111111111111111111110110111111111011111111111111
1111111111111111111111111111111111111111111111111111111111111111111111111110111111111111111111101111111111111111111101111111111111
1111111111011111111110111111111111111111111011111111111111111111111111111111111111111111111110111111111111111111111111111111111111
1111111111111111111111111111111101111101101111111110010111111111111011111111111111111111111111111111111111111111111111111111111111
1111111111111111111111111101111111111111111101111110111111111111111111111111111111111111111111111111111101111111111111111111111111
1111111111111111111111111111111111111111111110110011111111111111111111111111111111111111111111111111111111111111111111111111111111
0111111111111111101111111111111111111110111011101111111111111111111111111111111111111111111111111111110111111111111111111111110110
1101111011111111111111111101110111111111111111111111111111111111111111111111111111111111111111111111111111101111101111111111111111
1111111111111100111111111111111111111111111110111111111111111001111111111111011010111111111101110110111111111111111111111111111111
1111111111111111111111111111111111111111111011111111111111101111110111111111111111111111111111111111111111111111011111111111101111
1111011111111111111111111111111111111111101111111011111111111111111111111111111101111111111111111111111111111111110111111111011111
1011111011101111111111111111111101111011111111110111111111111111111110111010100111111111111111111111111111111111111111111101111110
1111111111111111111101111111111111111111111111111111111111111111111101111111111111111011111111111111111111101111111111111011111011
1111111111101111111111111011111111111111111111110101111111111111111111111111111101011011111111110011111111011111111111111111011110
1011111110111111111011111111111111101111101111111111011101101110111111101111111111111111111111111111111111111111111111001111111111
1111111011111111111110111111111111111111111111111111101111111101111111111111111111111111111101111111111111111111111111111111111111
1111111111111111111111111111111111111111111111111101111111111110111111111111111111111111111111111111110011111111111111111111111111
1111111111111111111111111101111111111111111111111111111111111111111111111111111111111111111111110111111110111111111111111111111111
1111011111111111111111111111011111111111111111011111111111111111111111111111111110111111111111101111111111101101111111111111111110
1111011110111111111011111110111111111111110111101111111110111111101111111111111111101111111111110111111111111111111111111111111111
1111111111111111111111111111111111111111111111111111111111111111111111111111111111111111111111101111111111111111111111111111111111
1111111111111111111111111111111111110111111101111111101111111110111111111111111101111111110111111111111110111111111011011111111110
1111111111111111111111111111111111111111111110111111110111111111011111111111111111111111111111111111111111111111111111111111111111
1111101111111111111111111111111011111111111111110111111101111011111111111111101111111111111111111111111110111111111111111111111011
1111111111111111111111111111011111111111111111111111111111110111111111111110101111111111111111111111111111101111101110111111100111
1111111011110101111111111111101111111111111111111111111111111111110111101111111110111011111111110111111111111111111111011101101110
1111111111111111111101111111011111111011111111111111111111101111111111111011111111011111111111011101111111111111111111111111111111
1111111111110111111111111111111111111111111111001011011111111011111111111111111111111111111111111101111101111111111101101111111111
1110111111111111111111111111111111111011101111111111111111111111111111111111101111111111111111111111111111111110111111111111111111
1111111111111111111111111111101111111111111111111111111111111111111111111111111111111111111111111111111111111111111111111111111111
1101111101111111111111111011111111111111111100111111111111111110111111011111111110110011111110101111101111111111111111111111111111
1110111110101110111111110111111110111011111101111111111111111111111111110111011111111111111111110111111110111111111111111111111111
1111111110111111111111101111111111111111111001100111111111111111111111110111111111111110101111111111111111111111111111111111111111
1110111111111111011111111111111111111111111111111111111011111111011111111111111111111111111111111111101111111101111111011111111111
1111111111111011011111111111111110101111111111111111111111011111111111111110111111111110111111111111111011111011110111111111111111
1111111111111111111111111111111111111111111011111111111110111111111111011111111111111011111111000110111111110111110111111111111111
