11111111111111111111111111111111111111111111111111111111111111111101111111111111111111111101101111111111101111111111111111111111111111111111111111111111111111111111111111
11111111111111111111101111111111111111111111111111111111111111111111111111010111111111111111111111110111111100111111111011111110110111111111111111111111111110011110111111
11111110111111110111111111110111111101111100111111101111111111111111110111111001111111111111011111111111111111111101011111011111111111111111111111111101111110111111111111
11011111111011111111111111111111111111110111111111110111111111111111011111111111111110111111111111011111111111111111111111111101111111111111111111011111111111101110111111
11111111111111111111111111111111111111111111111111111111111111111111111111111011111111111111111111111111111111111111111101111111110111011111111111111111111111011111111111
11111111111101111101111111111111111111111111111111111101110110101101111111111110111101110111011111111111111111111111111111111111111110111111111111110011110111101111111111
11111111111110111111101111111111111011101111111111110111111111111111011111111111111111111111111111111111111111011111111111111111111111111111111111111110111111111111101111
11111111111111111011111111111111111111111111111111111111111111111111101111111111101101111111111111111111111111111111111111111011111111111111111110111111111111111111111111
11111111111111111110111011111111111111111111011111111111111111111111111111111101101011111111111110111111111111111111111111111111111111111111111111111111111111111111101111
11111111111111111111111111111111111111111111111111111111111111111111111111111111111111111111111111111111111111111111111111011111111111111111111111011111111111111111111111
11111111111111111111111111111111111111111111111111111111111111111011111111111111111111111111111111111111111111111111111111111111111111111111101111111111111111111101111111
11111111110110111111111111111111111111111111111111111111111111110111111111001111111101111111111111110111111111101111111111111111111111110111111111111111111111111101111111
11111111111111111110111111111111111111110111101111110111111111111111111111111111000111111011111101111111111111111111111111111111111111111111111111111110111111111111111111
11111111111111111110111111111001111111111111111111111101111111111010110111011111111111010101011111111110111111110111111111111111111111111011111111110111111111111111111111
11111111111111111111111111111111111111111111111111111111111111111111111111111111111111111111111111111111111111111111111111111111111111111111111111111111111111111111111111
11111111111111101111111111111001111111111111111111111111111101111111111111111111111111111111111111111111111111111111111111111111111111011110111111111111111110111111111111
11101101111111111111111011101111111111111111111111011111111111111011111111111111111111111111101111111111101011111011111111111111111111111110111011111101110111111111111110
11111111111111111111111111111111111111110011111111111111111111111111111111111111111111111111111111111111111111111111111111111111111110111111111111111111111111111111111111
11111111111111101111111111111111111111011111111111111111111111111111111111111111111111111111011111111111111111011111111111111111110111011111111111111111111111111111111111
11111111111111111111101111111101101011111111111111101111011111111111110111111110111111011111111111111011111111111111111111111111111111111111111111111011011111111101111011
11111111111111111111111111111111111111111111111111111111111111111111111111111111111111111111111111111111111111111111011111111111111110111111111111111111111111111111111111
11111111111111111111101111111111111111111111111111110111111111111110111111111111111111111111111111111111111111111111111111111111111111111111111111111111111011111111111111
11111111111111111110111111111101111110111111110111111111111111010111111111111111111111111101111111111111111111111111111111111111111111111111111111111111110111111111111110
11011111111111111111101111110111111011111111011111101111111111011111111111111111111110111111111111111111111101111111111011111111101111111111101111111110111111111111110111
11111111111111111111111111111111111111111111111111111111111111111111111111111111111111111111111111111111111111111111111111111111111111111111111101111111111111111111111111
11111111111111111111111111111111111111111111111111111111111111111111111111111111111111111111111111111111111111111111111111111111111111111111111111111111101111111111111111
11111111111111111111111111111111111111111111111111111111111111111111111111111111111111111111111111111111011111111111111111111111111111111111111111111111111111111111111111
11111111111111111111111111111111111111111111111111111111111111111111111111111111111111111111111111111111111111111111111111111111110111111111111111111111111111111111111111
11111111111111111111101111111111011111111111111111111101111110111111111111111111111111111101111111111101111111111111111111111111111111111111111110111111111111111111111111
11101111111111111111111111111111111111111111111111111111111111111101110111111111111111111111111111110111111111101111111111111111101111111111111111111111111111111110111111
11111111111111111111101111111111111111111111111111111111111111111111111111111111111111111110111111111111111111111111111111111111111111111111111011111111111111111111111111
10110111111111111111101111111111111111111111111101111101111111111110111111111111111111011101111111111110111111111111111111001111111111111111111111111111111111111111100011
11111111111111111111111111111111111111111111111111111111111111111111111111111111111111111101011111101111111111110111111111111111111111111111111111111111111111111101010111
11111111011111111110110111111111111010011111111111010111111110110111111111111111111111111011101111111111111111111111111110111111111111111111111011111101111110111111111111
11001111111111101111111111111111111101101111111111111111111011110011111111111111111111011111111111110111111111110111111111111111111111111101111111111011110111101111111101
11111111011111111111111111111111101111111101101111111111110111011111111111111111111111111111111011111111111101011111111111011111101111011111111101011111110101111111111111
11111111111111111111110111111111111111111111111111111111111111111111111111111111111111111111111011111110111111111111111111111111111111111110111110111111111111111111111111
11111101111111111111111111111101111111111111111111111111111111111111111111111111111111111110111111111111111111111111111111111111111111111111111011110111111111111110111111
11111111111111111111111111111101011111111111111111111111111111111111111111111111111111111111111111111110111111111111011111111111111111111111111111111111011111111111111111
11111111110111110111111111111111111011011110011111101111111111111111111111111111110111110111111111101110011101111111111111110111011111110110111111111111111111111111111111
11101111111111111111101111111111111111111111101111111111110111111101111111111101111111101111110111111100111011111111111111101111111111111111111111111111111111111111111111
11110111111111111111111101110111111101111111111111111111111111110110011111111111111111111011111111111111111111111111111111111111101111111111111101111111111111111111111111
11111111111111111011111111111111110111111111111111111111111111111111111111111111110111111111110111111111111111110111111111111111111111111111111111111111111111111111111111
11111111111111111111111111111111111111111111111111111011111111111111111111111111111111111111111111111111111101111111111111111111111011111111111111111111111111111111111111
11111111111111111111111111101111110111111111111111111111111110011111111111101111111111011111111111110111111101111011111111011101101111111111111111111111111111111110111110
11111111110111111111111111011111111111111011111111111111101111111111111111111111111111111011111011111111011111111111111111011111111111011111111111110111111101111111111110
11111111111111111010111111111101111111111111111111111111111111111111111111111101111111111111111111111111111111111101111111111111111111111111110111011111111111111111111111
11111111111101111111111111111111011111111111111110111111111111111111111111111111110110111111111111111111111111101111111011111111111111111111111111111111101111111101111111
11101111111111110111111111111111011111111111101111011111111111111111111111111111111111111111111110111111111010111111111111111111111111111111111111111111101111111111111111
00111111111111111111111111111111111011111111111111111111111111111011111111111111111110111011101111111111111111111110111110111111111111111111111111111111111111111111111111
11111111111111111111111111111111111111111111111011111111111111111111111111111111111111111111111110111111111011111111111111111111111111111111111111111111111111111111110111
01111111111101111111111111111011111111110111111111111111111111111111111111101011011111111111111111101110111111111111111111111111111101111100110111111111111111111111111111
11011111111111111111111111111111111111111111111111101111111111111011111111111011110111111111111111111111111111111111111111111111111111111001111111111111111111101111111101
01111111011111111111110111111101111111111111111111011111111111111101111111111110111111111111111111101111111110011111111111111111111110111111111111111111111111111111111111
11111111111111111111111111111111011011111111111111111111111110111011111111111111111111111111111111111111101111111101111111111011111111111111111111111111111011111111111111
10111011111111111110111111101111101111111011110111111111111111111111111111111111111111111110111110101111111111111111111111111111110110111110111111111111110111110111111111
11110111111111111110111111111111111101111111101111111111111111101111111111111111111111111101011111101111111111011111111111110111111111111111111111111111111111111111111111
11111111111111111011111111111111111111111111111111111111111111111110111111111001111111110111111111111111111111111111111111111111111111111111111111111110110111111101111111
11111111100111111101111111101111111111111111111111111111111111101110111111111011111001111111111111111111111111111111111111111111110111101111101101111111111101111111011111
11111111101101111111111011111011111111111111111111111111111110111111011111111111111111111111111011111111111110111111011111110111111111111111111111111111111111111111111111
10111111111111111111111111110101111111111110111011111111011111111011111111111101111111110111111111111111111111111111011111111111111111011111111111111111111111111011101111
11111111011111111111111110111111111111111111111111111111111111111111111111111111110111111111111111111111111111111111111111111101111111111111111111111111111111111111111111
11111111011111111111111111111111111111111111111111111111111111111111111111101111111111011111111111111111111101101111111111111111111111011111101111111111111111111111111111
10101111111111111111011100111111111111111111111111111110111111111011111111111110111010101111111111111111111111111111111111101111011010111111111111111111111111111110111111
11110111111111111111111111111111111111111101111110111111111111011111011111111110111111111111111101111111111111111111111111111111111111111111111111111111111111111111111111
01110111111111011111111111110111111111111111111111111111111111111111111111111111111111111111111111111011111111111111111111111111111111111111111111111111111101111111101110
11111111111111111111111111111111111111111111111111111111111111111111111111111011111111011111111111111111111111111111110111111111111011111111111011111111111110111111110111
01111111111111111111111111011111111111111111101111111111111111111111111111111001111111111101111111101011111111111111111111111011111111110110011111111101111111111110111111
11111111111111111111110111111111111111111111111111111111111111111110111110111111111111111111111111111111111110111111111111111111111111111111111110111111111111111111111111
11111111111011101111111111111111111111101111111111111111111111111111111110111111101111111111111111111011111111111111111101111111111111111110111111111111111111111111111111
11111111111111111111111111111011111111111111111111110111111110111111111111111111111111110011111111111101010011111111111001111111110111111111101111111111111111110111111111
11111011111111111111111111111111111111111111111111111111111111111111111111111111101111111111111111110111111111111111110110011111111111111111111111111111111111011111111111
11111111011111111111111011111111101111111111111111111111101111111111111111111111111111111111111111111111111111111111111111111111111111111111111111111111111111111111111111
11001011111111111110111111111111011111111111111111110111111101111111111111111111111111111111111111111111111111111110111111111111111111111111011111111101110111111110111111
11111111111111111101111111111110111111111111111101011111110111111111111101111111111101111101111111111111111111111100111111101111110101111111111111111111111111111110111011
11011111111111111101110011111111011111111111111101111111111111111111111011101011011111111111111111111110111111111111111111111111011101111101111111111101111111111111111111
11111111111111111111111111101011111111111111011111011111111111111001111111011111111111111110011111111111101111111111111111111111110111111111111011111011110111111111111111
11111111111111111101111111011111111111111111111111111111111111111111111111111111111111101111111111111001111111111111111111111111111111111111011111111111111111111111111111
11101101011111111111111111111111111111111111111111011111111111111111111111111011101111111111111110111111101111111111111111110111111111111111111111111111011110111111011111
11111111111111111111111111111111111111111111111110111111111111111111111111111111111111111111111111111111111111111111111111111111111111101111111011111111111111111111111111
11111111111110111111111011111100011101111111111111111110111111111111111111011111111111110111111110111111111111111111111110111111111111111111111110101111111111111111111111
01111111111111111111111111111111111111101111111111111111111011110111111111111111111111111111111111101111111111111111111111011111111111111111111111111111111110111111111110
11111111111111111111111111111111111111111111111111111111111111111111111111111111111111111111111111111111111111111111111111110111111101111111111111111111111111111111111111
01111111111111110111111011111111111111111111110111111111111111111111111111111111011111110111111111001111111111111101111100111111111111111111111110111111111111111111001111
11111111011111111111111111001111111111101101111101111111111111101111111111001110110111111111111111111111111111111111111110111011111111111111101111111111111111111111111110
11111111111111111111111111111111111111010111111111111111101101101111111111111110110111011111011111111111111111111111111111111111111111111111110011101111011111111111011111
01111111111111111111111111011111110111111111111111111111111111111111111111011111111111101111101101111111111111111111111111111111111011111111111111111111111111110011010111
11111111111111011111111111111111111111111110111111111111111111111111111111110111111011111111111111111111011111111111111111111111111101111111110110110111111000111111111111
11111111111111111111111111111111111101111111111111111111111111011111111101101111101111111111111111111111111111111101111111111011111110111110111111111111111111111111111111
11111111111111111111111111111111111111111111111111111111111111111111111111111111111111110110111111111111111111111111111111111111111111111101110111111111111111111111111111
11111111111111111111111111111011011111111111110111111111111110111111111111111111111011111111111111111101111111110111101101110111111111111111111111111111111111011011111111
10111101111111111111111111011111111111111111111111111111111111111111110111111111111111110101111111111111111101101111111111111111111111111111111111111111111111111111111111
11111111111111111111111111111111111111111111111111111011111111111111111111111111011111111111111111111111111111111111111111111111111111111111111011111011101111011111111111
11111111111111111110111111111011111111111110111011111111111111111011111101111111111011111111111111011011011111011111111111111111111011111111101011111111111111101101111111
11101111111111011011111111110111111111111111111101110111111111111111111111111101111111011111111111111111110101101111111111111001110111111111111111111111110111011111110111
11111011111111111111101111111011111101011111111101111111111111111011111111111111111111111111111111111110111111111111111111101110111111111111111111111111111111111111111101
11101101111111110111111111111111111111111111111111111111011011111111110011101111111111111111111111111111011111111111111111111111111111011111111111111111111111110011101111
11111111111111110111111110111111000111101111111111111111111111101111111111011111111110111111111111111111111111110111111111111111111111110111111111111111110111101111111111
01011111111111111011101111111111111111111111101111010111111101111111101111011111111111111111101111111111111111111111111111011111111111111111111111111111111111111101111111
11111111111111111111111111111011111111011011111111101111111111111111111111111111101111111111111111111111111111111011111111111111110111011111111111111111111111111111111111
