11111111111111111111111110111111111111111111111111111111111111111111111111111011111111111111111111111111111111111111111111111111111111111101111111111110111110101111111111111111111111010110111111111111
11111111111111111011111111111111111111111111111111111111011111111111111111111111111111111111011111111110011111111111111111111111111111111111111111111111110111111111111111111111111111111111111111111111
11111111111011111111111111011111111111111111111111111111111111111111111101111111111011111111111111111011111111111111111110111111111111111111111111111110111111111111111011111111111111111111111101111110
10111111111111111111111111011001111111111111111111111111111111111111111100011111111111111111111011111111111110111111111111111111111111111111111111111111111111111111111111111111111111110110110011111111
11111111111111111111111111111111111111111111111111111111111111111101001111111110111111110111111111111111111111111110111111111111111111011110111111011111111111111111101111111111111111111111111100111111
11111111100111111111011111101111111111111101101111101111111111111101101101011111111111011111111111011111111111101111111111111111111111111111111011111111111111111111111111111011111111111111111101111101
11111111101111111111111110011111111111111111111111111111111011011111101111011111111111011111111111111111111111111111111111110111011111111111111111111111111101111011110011111111111111111111110111111011
11111111111101111111111111111111111111111111111111111111111111100101111110111111111111110111111111111110110101111111111111111111111111111110111111111111111111011111111111111011011111111111111111111111
11111110111111111110111111111111111111111111011111111111111111101111111111111111111110111111110111111111011110111110111111111111111111111110111110111111111111111111101111011111111111111111111110111101
11111111111111111111111111111111111101111111111111101111111111111111111111111111111111011111111111111111111111110111111111111111111111111111111111111111101111111111111111111111111111111111111111111111
01111111111111111111111111111111111111111011111111111111111111110101111111111111111110111111111111111111111111111111111111111111111111111111111111111111111111111111111111111111111111111011111111111111
11111111101111111111111111111101111101111111111111111111111111111111111111111111111111111111111111111111111111111111111101001111111111111111111111011111111111111111111011111011011111111101111111111111
11101111111111101111111111111111111111110111111111111111101111111111111111110111111111011111111111111111111111111111111111100111111111101111101111111111110111111111111111111111111111111111111111111111
11111111111111111111111111111111111111111111111111111111111111111111111111111111111111111111111011111111111111111111111111111111111111111111111111111111111111111111111111111111111111111111111111111111
11110111111111111110111111101111111111011111111101111111111111101011111111111100111111111110111111111111111111111111111111101111101101111111111101101111111111111111111111111101111111011111110101111111
11111111111111111111111111110111110111110111111111010111101111111111111101111011110111101111111111111111111111111111111111111110111111101011111011111110111111011111110111111011111111111111111110111111
11111111111111111111111011111111111110111111111111111111111111111011111111111111111111110111111111111111011111111111111111111111111111111110111111111111111110111101111001110111111111101111011111111101
11111111111111111111111111111111111111111111011111111111111111111111111111111111111111111101111111111111111111111111111111111111111111111111111111111111111111111111011111111111111111111111111111111111
10110111111111111111111111111111111111111111111101101111111111111111111111111111111111111111111111111111111111111111111111111111110111111111111111111111111111111111111111111101111111111111111011111110
11111111111111101111011111111111101111111111111111111111111111111111111111111100111111111111111101111111111111111111111111111011111111111011101111111111111111111111111111111101111111110110111111111011
11111111111111110111111111111111111111111111111111111111111111111111111111011111111111111111110111111111111111111111111111111111111111111111111111111111111111110111111111111111111111111111111111111011
01111111111111111111111111111111111111111111111111111011111111111111111111111111111111011111111111111111111110111111111111111111111111111111101111111101111111111111111111110011111111111111011111111011
11111111111111111111111111111111111111111111111011111111111111111111111111111111111111111111111111111111111111111111111111111111111111111111111111111111111111111111111111111111111111111111111111111111
11111111111111101111111111110111111011111111111111111111111111111111111111101101011111111111111010111111011111111111111110111111111110011011111111111111111111111111110111111011110101111111111111110101
11111111111111111111111111111111111111111110111111111111111111111111111101111111111001111111111111111011111111111111111101111111111111111111001111111111111101111111111111111111110111111110110111111111
11111111111111111101111111111110111011110111111111111111111110111111111111111111111111111111111101111111111111111111011111010111111111111111111111111111101111111111010111111111111111011111111111111111
11111111111111111011111111101111111111111001111111111111111111111111111111111110111111111111111111111111111111111110111111101111111111111111111111111111011110111111111111011111111111111101111111111111
11111111111111111111111101111111110111111111111100111111111110011011111111101111101111111111111111111111111111110101111111111111111111111111101111111111111111010111110111111111111111010111111111111111
10111111111111111111111111011111111111111111111101111111111111111111111111111111111111111111111111011111111111111111111111111111111111010111111111111111111111111111111110111111111111111111111111111111
10111111111111111111111011111111111111111110001111111111111111111111111111111111111111111111111111111111111011111111111111111111111111111111111111111111111111111111111011111101111111011111101111111111
11111111111111111111111111111111111111111111111111111111111111111111101111111111111111111111111111111111111111111111111111111111111111111111111111111111111111111111111111111111111011111111111111111111
11111111111111011111111101111111101111111111111111110111111111111011111111111111111111111111011101111111110111010111111110111111111111111011111111111111111111101110111110110111110110111001111111111111
10111111111111111111111101111011111111111111101111011111111111111111111111101110111111111111111111111111111111111111111111111111111111111110111111111111111111111111111111111111111111111111111111111111
11111111111111111111111111111111111111111111111111111111111111111111111111101111111111111111111111111111111111111111111111111111111111110111111011111110111111111111111110111110111111111111111101111111
11111111111111111111111111111101111111111111111111111111111111111111111010111111111111111111111111111111111111111111111111111111111111111111111111111111111111111111011111111111111111111111111111111111
11111111111111111101111110011111111111111111101011111111101111111111010111111111111111111111101111110111101111111111001111111111111111111111111111111111011111111111111111111110111111101111011111111101
11111111101111111111111011111101111111111110111111111111111110111111111111111111111111111111111110111111111111111111111111111111111111011111111101111111111111111111111111111111111101111111111111111111
11111110111101111111111111111111011111111111011111111111111111111111111111011111111111111111011101111111111111111111111101111111101111111111111011110111111111111111111111111111111111111111111111111111
11111111111101111111111111111111111111111111011111111111111111101111111110111111111111111111111111111111111111111111111111111011111111011111111111101101111111111101011111111110111011110111111111111010
11111111100111111111111111011111101101101111111111111111111111111111111101111111111111111111111101111111111111111111111111110111101111111111111111111111111111111111111111111111111111111111111010111111
01111111111111111111011111111111111111111111111111111111111111111111111111111111111111111111111111111111111111111111111111111111111111111111111111111111111110111111111111111101111111011111111111111111
11111111111111111111111111101100111111111111111111111111111111111111111111111101111111111110111111111011111110111101111111111111111111111111111111111111111111100111111111111111111111111111111111111111
11111111011101111111111111111111111101111111111111111111110111111111111101111111111111111111111111111101111111111111111111111111111111111111111111111111111111011111111111111101111111110111111111111101
11111111111111111111011111101101111111111111111110111111111111111111111101011101111101111111111111111111111111111111111011111111111111111111111101111111111111111111111011111011111111111111111111110111
11111111111111111111111111111111111111111111111111111111111111111111111111111111111111111111111111111111010111110111111111111111110111111111111111111111110111111111111111111111111111111111111011111111
11111111111111111111111111111111111111111111111111111111111111111111111111101111111111111111111111111111111111111111111111111111111111111111111111111111111111111111111111111111111111111111111111111111
11111111111111111111011111111111111111111111111111111111111111111111111111111111111111111111111111111111111111111111111111111111110111111111111111111111111111111111111111111111111111111111111111111111
11101111111111111011111111111111011111101111111111111111111111110111111111111111111111111111111111111111111111111010111101111111111111111101111111111111111011111111111111111111111110111111111111111011
11111111111111111111111111111111111111110111111011111111111111111111111111111111011111111111111111011111111111110011110011110111111111111111111111101011111111011111111111010111111101111111110111111111
11111111011111011111101111111111101111111111111011111111111111111110111111111111101111111111111111111111110111111111011111011111111111101111111111111111111011111111111111111111111111111110111111111111
11111111111111111110101111011111111111111110011111111111111011111111100111111101101111111111101111111111111111111111111111111111111111111111111111111111111011111111101111111111111111111111111111111101
11110110111111111111111111111111111111101111111111111101110111011110111111111111111111111111111111111111111111101111111111111111111111100111111111111011111111111111111111111111110111111111111111111111
10111111101111111111111111101111111111111111111111111111111111111011111111111100011111111101111111111011111110001111101111111111111110111111111111111111011111110111111111111111111111111111101111101111
11111101111111111111111101111111111111111111110111110111011111111111111111111111111111111101111111111111111111111111111111111111111111111111111111111111110111111111111111111111111111110111111111110111
11111111111111111111111111101111111111111111111111111111111111111111111111111111111111111111111111111111111111111111111111111111111111111111111111111111111111111111111111111111111111111111111111111111
11111111111111111111111111101111111111111111111111011111011110111111111101111111101110111111111111111111111111111111111111111111111111111111110111111111111111111111111011111111111111111111111111101111
11111111111111111111111111111111111111111111111011111111111111111111111011111111111111011011111111111111111111111111111111111111111111111111111111111111111111101111111111111111111010111111111111110111
11011111111111110111111111111011111111111111111111111011111110111111111111111111111111101111111101111111111111111111110111111101111101111111111101111111111111111001111111111111111111111101111111111111
11111111111111111011111111111111111111011011111111110111111111111111011111111111111111111111111111111111111111110111110101111111111111011110111101111110111111111111111111111100111101111111111011111111
11111111111111111111111111011111111111111111111011111111111111111111111111011111111111111111111111111011111111111101111110111111111011111111111111111111110111111111111111111111111101111110111111111111
11111111101111011111111111111111101111111011111111111111101111111111111111111110111101111111111111111111111111011111111111111111111111111111111111111111111111111111111111111111111111111111111111111111
11111111111111111110111110111111111111111111111011011111111101111100111111111111011101110111111111111111111111111111011111111111111111101111101111111111101111111111111111111010111111111111111111011111
11111111111111111111111111111111111111111111111111111111011111111111111111111111111111111111111111111110111111111111111111111111111111111111111111111111111111111111111111111111111111111111111101111111
11111111111111111111111111111111111111111111111111111111101111111111111111111111111111111111111111111111111111111111111111101111111111111111111111111111111111111111101111111111101111111111111111111111
11111111111111111011111111111111111111111111111111100111111111111111101011101111111111111111111111111011111110111111101111111110110111111111111111111110111111111011111111111101111111111111110111111111
11111111111111111111111111111111111111011111111111111110101111111111111111111111111111111111111111111111111111111111111111111111111111111111111111111111111111111111011111111111111111111111111111111111
11111111111111111111111111111111111111111110111101111111111011101111111111111111111111111111111111111101011101111111111101111111111111111111111111111111111111111111011011111111111101111111111111111111
11111111111111111111111111111111111111111111111111111111111111111111111111111111111111101111111111111111111111111111111111111111111111111111111111111110111111111111111111111111111101111111111111111111
11101101111101111111111111100111111111111111111111111111111110111011111111011111111111111111011111111110111111111111111111111111111110111111111111101110101111110011011111111111111101111111111111111111
11111111111011111111111110111111111111111111111111111111111101111111111111111111111111111111111111111111111111111111111111111111111111111111111111111111111111111111111111111111111111111111101111111111
11111111111101111011111111111011111111111111111111110111111111111111111111111011111111111111111111111111111101111111111111111110110111100111111111111111111111111111111111111111111111011111111111111111
11111111111110111111111111111111111111111111111111111111111111111111111111111111111111111110111111111111111111111111111111101111111111011111111111111111111111111111111111111111111111111111111111110111
11101111111111111111111111111110111111110111111111110111110111111111111111111111111110111111111111011111111111111111111111111111111111111011101101111111111110101111111111111111111110011111110011111101
11111110111111111011111101001111011101111101111111111111111111111101111111111111111011100111111111111111111101111111111111111111111111111100111111111111111011111111111111111111111111111101111111111111
11101111101111111110111111111111111111111111111111111111110111110111110110111111111111111111111111111111011111110111111111111110111111111111111111111111110111111111101111101101111111111111111011110111
11111111111111111111111111111111111111111111111111111111111111111111111111111111111111111111111111111111111111111111111111111111111111111111111111111111111111111111111111111111111111111111111110111111
11111111111111111111111111111111111111111101111110011111001111111111111111111111111001101111111111110111111111111111111111111111111110111101111111111111110111111111011111110111111111111111101001110111
11011111101111111110110111111111110101101111111111001101111111111111111111111111111111111010101111101111110111111111011111111111111111101111111111111011101111111111111111111111011111111111111111111111
11110111101111111111111111111111111111111111111011111101111011111111111111111110110111111111111101111111110101110111111111111111110011111111001111111111111101111101111111111111111101111111111111111111
11111111111111111111111111111111111111111111111111111111111111111111111111111111111111111111111111111111111111111111111111111111111111111111111111111111111111111111111111111111111111111111111111111111
11111101111111110111111110111111111111011111111111111111111111111111111111111111111111111111111111111111111110111101111111111111011011111111101111111111111111111111111111111111111111111111111111111111
11111111111111111111111111111111111011111111111111111111111111111111111111111111111111111111111111111111111111111111111111111111111111111111111111111111111111111111111111111111111111111111111111111111
01110111110111111101111011111111111111111111111111111111010110110111011011111111111111111111111011111111111111011111111111111111111111111111110111111111111111011111111111001111101111111111111111111110
11111111111111111110111111111111111011111111111111111101111111111011111101111111111111110111111111111111110011111111111110111111111110111111111111111111111111111111111111011111111101111111111111111111
11111111111111111111111111111111111111111111111111111111111111111111111111111111111111111111111111111111111111111111111111111111111111111111111111111111111111111111111111111111111111111111111111101111
10111110111111111110111101111111111101111111111111111111111111111111101110111011011110111110110111111111101111111111111111111110111110111111111111111101111111111111111111111111111111111111111110111111
11111011111111111111011011111111111111111111111111010111111111111111111111111111111111111111111111111101111111111111111111111111111111111111111011111110111111111011111111111111111111111111111111111111
11110111101111111111111110111111111111111111111011111111111111111111111111011101111111111111111111100111111111111111111110111111011111111111011111111111111111111111111111111111111111111111111111111111
01111011111011101111111111111111111111110111111101111111111111111111111101111101111110111111111111111111101100111111111111111111111111011011011111111111101111101111111111111101111111111111111111101111
11101101111111111111111111111111110101111111111110111111111111111011111111111111111111011111111111111111111111001111111111111111111111110011111111111111111111111111111110111111111111111111111111111111
11111111111111111111111111111111101111111111111111111111111111111111101111110101111111111111111111111111111111001100101111111111111111111111111111111011111011111111111111111111111111111110111111011111
11110111111111111111111011111111101111111011111111111111111111111111111111111111111111111111011011111110111111111111111111111111111111111111111111011100111011111111111111111111111111111111111111111111
11111111111111111111111111111111111111011011111011111111111111110111111111111111111111111111111111111110101111111111111011111111111111111111111111101111111111111011111111111111011111111111111101111111
11111011111111111111111110111111111111111111111111111111111111111111111101111110111111110111101011111111110111111010100111111111110111110111011111111111111011111111111111111111111111111111111111111110
11111111111111111111111110111011111111111111111111111111111111111111111111111111111111111111111111111111111111111111111111111111111111111111111111111111111111111111111111111111111111111111111111111111
11111011111111111111011111101111111111101111111110101101011111110111101111111111111111110111111111111111110111111111111111111111110111111111101111111010111111101111111111111111111110111111111111111101
11111111111011111111111111111111111111111111111111111111111111101111111111111111101111111111111111110111111111111111111111111111111111101011111111111111111111111111111111111111101111111011111111111101
11111111011011111111111111111111111111111111111111111111111111111111111011111111011111111111111111111101111111111111111111111111111111111111111111111111111111111111111111111111111111111111111111111111
11111111111111111111111101111111111111111111111111111111111111111111111111111111110101011111111111111111111111011111011111111111111111111111111110111111111101111111111101111110111111011111101111100101
11111111111111111111111111111011111111110111111110111111111111110111111111010111011101111111111111111111111111111101111111111111111011111111111111111111111111111111111111111111111111111111011111111111
