111111111111111111111111111011
111111111111110111111111101111
111111111111111111111111101111
111111010111111111111111101111
111111111111111101111111111011
111011111111111111011111111101
111111111111110111111110111111
011110111111111111110111111111
111111101111111111111111110111
111111111011111111111111101111
111111111111110111111111111111
110111111111111111111011111111
011111111111111111111111111111
111110111110011111111111111111
111111111111011111111111110111
110110111111111111111111111111
111111101111111111111111011111
111111111111011111111111111101
111111111110111111111111110111
111111111111111011111111111011
111111111111111111111111011001
101111111111111111111111111101
011111111111111101111111110111
111111111111111111111111101110
111111111110111111101111111101
111111111011110110111111111111
111111111111011111111111111111
111111111111111111011111111111
111111111111111011111111111111
111011111110111111111011111111
111111111110111111111111111111
111111111111111111011111111110
111111111111110101111111111110
111111011111011111111111111111
111111111111111110111110111011
110111111011111111111111011111
111111111111101111111111111011
111111111111101010111111111111
111111101111111110111101111111
111111111111111111111111111111
111111111111111111111111110111
111111010111101111111111111111
111101111111111111111011111101
111111011111111011111111111111
111111111111111111111111111101
111111111110111111111111111101
011110111111111111111111111110
111110111111011111111110111111
111111101011111101111111111111
011111111011111111111111111110
111111011111111101111111111111
110111111110111111111101111111
101101111111111111011111111111
010111111111111111111111011111
111111110111111111111111111111
111111111111111111111111010111
101111111111111111111111011111
111011111111111111111101111111
111111110111111111111111101011
111111011111111111111111111111
011111011111111111110111111111
110111111111011111111111111111
111111111111111111111101111111
111111111111111111111001111111
111111111111111111101111111111
011110111111111111111111111111
111111111001111111111110111111
111111111111110110111111111111
111111111111101111111111111111
111111111111111111111011111101
011111111111111111111111011111
111111111101111111111111111111
111111110101111111111111111101
110111011111110111111111111111
111111111111111111110111111111
111011111111111111110111111111
111111110011111111111111111111
111111111011111111111101111110
111111110111111110111111111111
111101111111111111111111011111
111111111111111111111011111111
111111111111111110111111111011
111111111110111111111011111111
111011111101111111111111111111
111111111111111111111111011111
111111111111111110110111111111
111111111100111111111111111111
111011111110111111011111111111
111111101111111111111111111111
111111001111111011111111111111
110110011111111111111111111111
110111111111111111111011011111
111011111111111111111111111111
111111111111111101111111111111
101111111111111111111111111111
111111111111111111111110111111
111111111111111111101101111111
111111111001111111111111111111
111111111111111111111101111101
111110111111111111111111111111
