11111111111111111111101111111111011101111111111111111111011011111111111101111111111101110011111011111111111111
11111110111111111111111111111111111111111111111111111011111111111111111111111111011111111111111111111111111111
11111111111111111111111111111111111111111111111111110111111011111111111111111101111111111111111011101111111111
11111110110011111111011111111110111111111111111110111111111111100111111101111111111111110111111111111011111111
11111111111111101111111111111111111111111111111111111111111111111111111110111111111111111111101111111111111011
11111111111111111111110111111111111111010101111111111111111111011111110111111111111100010111101111111111111111
11111111111111111111111111111111111111111111111111111111111111111111111111111111111111111111111111111111111111
11111111111111111111111111111100111111111111111111011111111111111111111111111011111111111111111111111111111111
11111111101111111111111111111111111111111111111111111111011111111111111111111111011111111111111111111111111111
11111111111111110111111111110111111111011111011111011111100101111111101111111111110111111111111111111111111111
11111101011111101011111111111111011111111111111111111101111111111110111111110111101111111111101111111101111111
11111111111111111111111111111111101111111111011111111110110111111111111111111111111111111110111100111111111110
11110111111111111111111111111111111111111111111111111111011111111111111111111111111111111111111111111111011111
11111111111111111111111111111111111111111111111111111111110111111111111111111111111111111111111111111111111111
11111111111111111111111111111011011111111111111111111111111111111111111111111111111111111111111111111011111110
11111111111111111111111111111111111111111101111101011111111111111111111111111100111111111111111111111111111111
11111111101111111111111101111111111011111111111111111111111111111111111111111111110111111111111111111111111111
11111111111111111111111111111111111111111111111111111111111111111110111101110110111011111111111111111111111111
11111111111111111111111111111111110111111111111111111111111111111111111111111111111111111111111111111111111111
11111111111111111111111111111111111111111111111111111111111111111111111101111111011111111111111111111111011111
11111111111111111110111111111001111101111110111111111111011111101111111111111111111111101111111111110111111111
11111110111111111110111111111111110111111111111111111111111111111101111111111111111110001111111111111111111111
11111111111111111111111111111111111111111111111111111110111111111111111111111111111111111111111111111111111111
01111110111111111111111110110111111011111111111111110111101111111111110111111111111111111110111111111011111111
11111111111111110111111111111111111111111111111111111111111111111111111111111111111111111111111111111111111111
11111011111111111111111111111111111111111111111111111111111111111111111111111011111111111111111111111111111111
11111110110111101111111101101111111111111111111101111111111101111111111111111111101110101111110111111111111111
11111111101111111101111101111111111111111111111111111011111111111111101111111111111111110111111111011111111010
11111111111111111111010111101111011111111111111111111111111111111111111111110111111111111110111111111111111111
11111111111111111111111111111111011100111111111101111011111111111110111111111111110111110111111111110111111111
11111111111111111111111111111111111111111111111111111111111110111111111111111111111111111111111111111111111111
11111101111111011111111111110111111111111111111111110111011111111111111111111111111101011111011111111111111111
11111111111111111111111111111111111111101111111111111111111111111111111111111111111111111111111111111111111111
11111111111111111111111011111111111111111111111111111111111111111111111111111111111111111111111110111111111111
11101111110110111111111110011111111111111111111111111111111111111111111111111110111110111111111011111111111111
11111101110111110011111111111111111101111111111111111111111111111111111111111011111111011111111111111111111111
11011111111111111111111111101111110011111111111111101011111111111111111111111111111111110111111110111111111011
11101110111111111111111111111111111111111110111110111111111011111101111101111111111101101111111111111111101111
11111111101111111111111111111111111111111111111111111111111111111111111111111111111111111111110111111111111111
11111011111111111111111111111111111110111110111111111111111111111111111111011111111111111111111111111111111111
11111111111111111111111101111111111111111111101111111111111111111110111011111111011111111111111110111111111111
11111111111111111111111111111111111110111111111111111111111111111111111111110111111111111111111111111111111101
11101111111111111110111111111111111111110111111101111111111111111110111111111101111111111111111111111111111110
11111111111111011111111111111011111111111011111111111111111111111101001111111111010111101111111111010111111111
11111111111111111111111111111111010111111111110111111111110111111111011111111111111111111111111111111011111111
11111111111101111101111111111111111110111111111110111111111111111110111111111111111111111111111111111111111111
11111111111111111111111111111101111111111111111111111111111111011111111111111111111111011111111111111011111111
01111111111111111111111110101111111111011111110011111111111111111111111110110111111101110111111111111111111111
11111111011111111111101111111111111111111111111111111111111111011111111111111111111111101111111111111111111111
11111111111111111111111111111111111111111111110111111111111111111111111101111111111101111111111111111111111111
11111111110100111111111111111111111111111111111101111111111011111111111011111111111111111111111111111110111111
11111111110111111111111111111111111111111111111111111111111111111111111111110111111111111111111111111111111111
11111111111111101111111111111011101110111111111111110111111111111111111111111111111111111111111111111111111111
11111111111111111111111111111111111111111111111111111111111111111111111111111111111111110111111111111111111111
01111111101111111111101111111011111111111111111111111011111110111111111111111111111111111110111101111111111011
11111011111111111011111111111011111111101111111111101011111111111110111011111101111111111111111011111101111111
11111111111110111111111111111111111111011111111101111101111111101111111111101111101101111111111111111111001111
11111111111101111111011111111111101011111111111111111111111111111111111111111111101111111111111111111110111111
10111111111110111111111111111111111111111111111111111110111111111111111111101111011111111011111111111111111111
11111111111101111111111111111111111111111111111110111111111011111110111111111111111111111111111111111111111111
11111111111101111111110111111111111111111111111111111111111111111111111110110111011111111111111111111111111111
11111111101111111111111111111111111111111111111111111111101111111111111111111011111111111111111111111111111111
11111111111110111111000111111111111111111111111110111111011111111111111111111111111111111111110111111111111110
10110111111110111101101111111111111111111111011111101110111111011111111111111111111111111111111111111111111111
11111111111111111111111111111101111110111111110100111111111111111111111111111100110011110111111111111111111111
11111111110111111111111111111111111111111111111111111111111111111111111111111111111111111111111111111111111111
11111111111111111111111111111111111111111111111111111101111111111111111111111111111111111111111111111111111111
11111111111111011111111101111101111011111111111111111111111111111111111111111111111111111101111111111110010111
11111111011111111111111110101111111111111011111111111111111110101101110111111111111100111111111111111111111111
11111111010111111111011111111011111111111111111111111111111111111111111111101111111011111111011111111111111111
11111111111111111111011111111111111111111111111111111111111111111111111111111111111111101111111111111111110111
01111111111111111110111111111111111111111111111111111111111111111011111111111111111111111111111111111111111111
11111111111111111111111111111111111111111111111111111111110111111111111111101111110111101111110111101111111111
11111011111111110111111111101111111111111011111111111111111111111111111010111011111111111111111111111110111110
11111111111111111111111011111101111111110111111111111111111111111111111111110101111111101111110111111111111111
11111111111111110111011111111011111111010011101111111111111111111111011111111111111110111111111111111111111111
11111111111111111111111111111111111101111111101111111111111111111011111111111111111001111111111111111111111111
11101110110111110001111110111111111111111111111111100111111111111111111111111111111110111111111111110111111111
11111101101111111111111111111111111111111111111111111111111111111111111111111111110111111111111111011010111101
11111111111111111111101111111101111111111111110111101111011011111111111111111111111111111111111111111101111111
11011111111011111111111111111111111111111111111111111111111111111111111111111101111111111111111010111111111111
11111111111111111111111111111111101111111111111111111111111111111111111111111111111111111111111111111111111111
11111111010110111111110011111111111111111111111111111101111111111111101100111111111101111111111111111111111111
11111111111111011011101111111111111111111111111111111111111111111111111111101111111111111111111111111111111101
11111110101100111111111111011101111101111011111111111101111111111111111111111111111111011111011111111111111111
11111111110110101111111111111011111111111111111111111111111111111111110111111110111011111111111111111111111110
11111111111111111111111111111111111111111111111111111111111111111111110111111111111111111111111111111101111111
11111111111111011111111011111111110111111111111111111111111111111110110111111111111111111111111101101111111111
11111111110101111110111111101111111111100111111111111111101011111111111111111111101110111111111111111111111101
11111111111111111111111111011111111111111111111110111111111111111111101111111111111101111011111111111111111111
11111111111111110111111111111111110111111111111111111111111111111111111111111111111111111111111111101011101111
11111111111111111111111111111101111111111111111111111111111111111011111111111111011111111111111111111111111111
11111110111111111111111111011111111111111111101111111011111111111111111111111111111111111111101111111111111110
11111111111111111111111111111111111111111111111111111111111111111111111111111111111111101111111111111111101111
11111011010011101111111111111111111111111101111110111011111111110111111111111111111111111111111111110111101111
11111111111110111111111111111110111111111111111111111111111111111111111111111111111111111111111111111111111111
11111111111111110110111111101101111111111111111111111111111111011110111111111111011110011111111111111111110111
11111111111111111101101111111111111111111101111111101111111111011111111111111110111110101111111111111111110011
11011111111110111011111111101111111111111111110111111111111111111111011111111111110111111111111111111111001111
11111111011111111111111011111111111111111111111111111111111111011011111011011110111011111111111111111111111111
