1111111110111111111110111111110101101110111111111111111011111111111111111111111011111111111111011001111111111101111111011111111111111111111101111111111111111111110111111111111111111111110011111111111111111110101111111111111111011110111111111111111111111111111111111111111101101111011111111011111111111110111111
1111111111111011111101111101111111111110111110111111110111111111111111111111111111011101111101111101111111011111011111111101111011110111111111111111111111111111111011111111111100111111111110110111111111110111111111111111110011111111110111111111111111111111111011110111111111110100111101111111111111111111110111
1111111011111111111111111111111111111111111111110111111111111111111101101101101111111111111111111111111111111111111111111101111111110111111111111111111011111111111111111111111111111111111111111011111111111111111111111111111111111111111111111111111111111111111111111111111111111011111111111111011111111111111111
1111111111110111011111101111111111101111111111111011111111110110111111111111111111111111111111111110111111111111110011110110110111111111110011101011111111111111011111010111111011111111111111101111111011111111111101111111111111111111011111111011111111111111111101111101111111111011111111111101111111111111011111
1111111111111111101111111101111111111111110111111110111111011111111111111111111111111111111111111101111110111011111111111111011111111111111111011111101011111111110100111111111011111111111111111111111111110111111111111011111111011111111111111111111111111111101111001111111111111101111011111111111111111111111111
1111111111111111111111111111111111111111111110111101111111111111111111111111101111111111111111111111111111111111111111011111111111111101111111111101011111111111111111111111111111111110111111111111111111111111111111111111111111111111111111111111111111111111111111111111101111111111111111111111110111111101110111
1111110111110110011111111111111100110111111111111111101101111111111110111111111111111111111111101111111011011011111111111101111111111111101111110111111111101111111011111111101111111111111111111011111101111111011111111111111111111111111110111111111111111111111110111111111110111111111011111111111111111011111111
1111111111111111111111111111111111111111111111111111111111101111111111111111111111111111111111111111111111111111111111111111111111111111111111111111111111111011111111111111101111111111111111111111111111111111111111111111111111111111111111111111111111111111111111111111111111111111111111111111111111111111111111
1111111111111111111111111111111111111111110111111111111111111111111111111111111111111111110111111111111111111111111111111011111111111111011111111111111111111111111111111111111111011111111111111111111110111111111111111111111111111111011111111111111111111111111110111111101111111111111111011111111011111111111111
1111111111110111111111111111111111111111111111111111111110111111111011111111111111111111111011111111111111111111111111111111111111111111111111011111111111111111111111111111111111111111111111111111111111111111111111111101011111101111111111111111111111111111111111111111111111111111111111111111111111111110111111
1111111101111111111111111111111111111011011111111111111111111111110111011111111111111111111111111111111111111111111111111110111111111011111111111111111111111111011111111111111111111111111111111111111111111111111111111111111111111111111111111111111111111111111111111111101111111111111111110111011111111101111111
1111111111111101111111111101111111111111111111111111111111111111111111111111111111111111111111111111011111111111111111111111111111111111111111111111111111111111111111111111111111111111111111111111111111111111111111111111111111111111111111111111111111111111111111111111110111111111111111111111111111111111111111
1111111111111111111111111111111111111111111111111111111111111111111111111111111111111111111111111111111111111111111111111111111111111111111111111111111111111111111111111111111111111111111111101111111111111111111111111111111111111111111111111111111111111111111111111111111011111111111111111111111111111111111111
1111111111111111111111111111111111111111111111111111111111111111111111101111111111111111111111111111111111111111111111111111111111111111111111111111110111111111111111111111111111111111101111111111111111111111111111111111111111111111111111111111111111111111111111111111111111111111111111111111111111111111111111
1111111111111111111111111111111111111111101111110111111110111000111111111101100111111111101111011001111111111011011111111111111111101111111111111111011111111111111111111111111111111101111011111101010111111011111011101111111111111111111111111111101111111111111111111111111111111111111111101111111111111111111101
1111111111111111111111111111111111111111111111111111111111111111111111111111111111111111111111111111111111111111111111111111111111111111111111111111111111111111111111111111111111111111111111111111111111111111111111111111111111111111111111111111111111111111111111111111111111111111111111111111111111111111111111
1111111111111011111111111111011111111111111111111101111111111111111111111111111111111110111111111111111111111111101111111111110111111111111111111111111111111111111111111111111111111101111111111111111111111111011111111111111111101111111111111111110111111111111111111111111111011111111111111111111111111111111111
1110111111111111111011111111111111111111111111110011111111111111111111101111111111011111111111111111111111101111001110111111101111111110111111111111111111111111111111111111111110111110111111111111111111111111111111111111111111110111111111111111001011111111111111111111111111111111111111111111111111111111111111
1111111111111110111111100111110111111111011111111111111011110101111111111111111111111111111110111111111111111111111111111111111111111111111111111011011111111111111011111111101111111111101111111111001111111110110111111101111111110111111111111111111011111111111101111011111111011111111111111111111111111111111111
1111111111111111111111111111111111111111111111111111111111111111111111111111111111111111111111111111111111111111111111111111111101111111111111111111111111111111111111111111111111111111111111111111111111111111111111111111110111111111110111111111111111111111111111111111111111111111111111111111111111111111111111
0111111111111111111111111111111111111111111111111111111111111111111111110111111110111111111111111111111111111111111111111111111111111110111111111111111111111111111111111011111111111111111111110111111111111111111101111111110111111111111111111111110111111111111011111111111111111111111111011111111111011111111111
1110110101111111111111111011111110111011111110111110111111111001111101110111111011101110111111111111111111111111111111001111101111111111111111111101011001101111101111111111111111111111111111101111111111111111111101111111111111111111111111100111111111111111111101110111111111111110111111111111111111111111111111
1101111111111111111111111111111111111111101111111111111111111111111111111111111111111111111111111110111111111111111101111111111111111111111111111111111111111011111111111111101111111111111111111111011001001111111111111111111111111111111111110111111111111011111111111111111111111111111111110111011111110111111111
1111101111111111111111111111111111111111111111111101111101111111111111011111111111111111111111111111101111111111111111011111111111111111111111101111110111111111111111110111111111111111111111111101101111111111111111111111101111101111111011111111111111111111111111111111111111111111111111111111101111111111111111
1111111111111111111111111111111111111111111111111101111111111111111111111111011111111111111101101010111111111011111111111101111111111111111111111111111111111111111111111111011111111111111111111111111111101111111111011111111111111111111111101111111111011111111111111111111111111111111011111111111111111111111111
1011111111110111111101110111101111011100111111110111110111111111111111011111111011011111110111111111111111111111101011111101111111111111111111011111111111111110111111111111111110111011111101011101111111111111111111111111111111111111111111111111111111111111011111111111111111111101111001011101101111111111111111
0111111111111101111110111111111101111111101111111111110111111111111111111111111111111111111100111111111111111111111110111111011111111111101111110111111111111111111111111111111111111111111111111111011111101110011110101110111111111111111111111111111111011111011111111111111111011111110111111111111111111111111111
0111111111111111111101111101111111111111111111111111111111111111111111111111111111111111111111111111111111111111111111101111111111111111111111111011111111111111111111111111111111110111111111111111111111111101101111111111111111111111111111111111111111111111011111100111111111111111011111111111111111111111111111
1111111110111111111111111111111111111111111111111110110111111111111111111111100111111111111111111111111111111111111111111011111111111111011101111111111111111111101111111111111111111111111111111111111111111111111111101111111101111111111111111111111101111111111111101111111111111110111111111111111111111101111111
1111111111111111111111111111111111110101111111111111111111111101111111111111111011111111111111110110111111101111111111111111111011101011111111111111111111111111111110111111111111111111111111011111111111111111111111111111111111111111111111111111111111111111111111111111111110111111111111111111111111101111111111
1111101111111111111111111111111111111111101111111111111111111111011111111111111011111111111111111111111111111111111111111101111111111011111111111111111111111111111111111111111111111111111111111111001111111110111111111111011110111111111111111111011111111111111111111111101111111011111111111111111111111111111111
1011111110111111111111011111111101111111111100101111111111111111111111111111111011101111111101111111111111110111111111111111111111111111111111111111111111011111111111111011111101111111111111111110111111111111111101111111111111111111111111111111101111111111111111111111111111111111101111111111011111111111111111
1111111111111110111111111111111111111111111111111111111111111111111111111111111111111111111111111111111111111111111111111101101111111111111111111111111111111111111111111111111111111111111011111011111111111111111111111110111111111110111111111111111111111011101111111111111111111111111111111111111111111111111101
1111111111111111111111111111111111111111111111111111111111111111111111111111111111111111111111101111111111111111111111111111111111111111111111111111111111111111111101111111111111111111111111111111111111111111111111111111111111111111111011111111111111111111111111111111111111111111111111111111111111111111111111
1111111111111111111111111111111111111111111111111111111111111111111101111111111111111111111111111111111111011101111110111111111111101111111011111111111111111111111111111111111111110111111111111111111111111111111111111111111001111111111111111111111111111111111111111111111111111111111111110111111111111111111111
1111111111111111111111111111111111111111111111111111111111111111111111111111111111111111111111111111111110111111111111111111111111111111111111111111111111111111111111111111111111111111111111111111111111111111111111111111111111111111111111111111111111111111111111111111111111111111111111111111111111111111111111
1111111111111111111011111111111111111111111111111111011111111111111111110111111111111111111011111111111111111111111111111111111111111101111111111111111111111111111111111111111111111110111111111111111111111111110111111111111111111111111111111111111111111111111111111111111111111111111111111111111111111111111110
1111001111111111111111101111111111110111111111111111111101011111111111111011111111111111111011111111110111111111110111111111111111111111011111111111111111111111111111111111111111101111110111111111111111111111111111111111011111111111111111111111011111011111111111111111111010111111111111101111111111011111111111
1011111111111111111111111100111011111111111111111111111111111111111111111111011110111111111111111111110111111111111111111111111110111111111110011011111111111111111111111111111011111111111111111111111111111111111111111111111111111111101101111111111111111101110111111111111111111111111111111111111111111111111110
1111111111111110111111110111111111111111111111111111111111111111111111111111111111111111111111111101111111111111111111111111111110111111111111110111111111111111111111111111111111110111111111111111111111111111111111111111111111111111011111111001111111111011111111111111111111111111111111101111111111111111111111
1111111111111111110111110111111111111111111111111111111111111111111101111111111111111111111111111110111111111111111111111011111101011111111111111111111111101111111111111101111111011111111111111111111111111111111111111111111111111111111111111111011111111111111111111111111111111111111111111111111111111111111111
1111111111111111111111111101110111111111111111111111111111111111111111101111111011111111111111111111111111111111111111111010111111111111111111111111111111111111111111111111111111111111111111111111111111011111111111111111111111111111111101111111111110111111111111111111111111011111101111111111111111111111111111
1111011111111111110111010111111011111111111111111111111111111110111111111111111111111111111111111111101111011101111101101111111111111111111111111111111011111111111110111111111100101111111101111110111111111101111111111110111110111111111110111110111111111111111111111111111111111111111111111111101011111111011111
1111111111111111111111011111111111111101110111111111111111111011111111111111111111110111011111111111111111111111111111111011111111101111111111111111111101111111111111111111101111111111111111111111101111111111111011110111111111111111111111111111111111111111111111111111111011111111111111111111111111111111101111
1111111110111101110111111010111111111011111111111111111111111011111111111111111111101010011011011111111110111111111110111111111111111111111111111111111011111111111011111111111111011111111111111111111111110110111011110111111011111111111111011111111111111111111111111110011111111111110111110011110101111111111111
1111111111111101111111111111111111101111111111111111111111111111111111111111011111111111011111111111111111111111111011111101111111111111111111111111111111111111111111111111111111111111111111111111111101111111111101111111111111111111111111111111111111101111111111111111111111111011111110111111111111111111111111
1111111111011111111111111111111111111111111111111111111111111111111111111111111111111111111111111111111111111111111111111111111111111111111011111111111111111111111111111111111111111111111111111111111111111111111111111111111111111111111111111111111111111111111111111101111111111111110111011111111111111111111111
1101111111111111111111111111111111111111111011111111111111111101111101110101111111111101111111111110111111111111111101111101110111111110111111111110111001111111111111111111111111110111111111110011111111111111111111101111111111011111111011111111111111001110111111111111111101111111111111111111111111111111101111
1111111111111111111111111111111111111111110111111111111111101111111101111111111111111111111111111111111111111111101111111111111111111111111111111111110111111111111111111101101111111111111111111111111111111111111111111111111101111111111111111111110111111111111111111111111011111111111111111111111111111111111111
1111111111111111111111111111111111111111111111111111111111111111111111111111111111111111111111111111111011111111111111111111111111111111111111111111111111111111111111111111111111111111111111111111111111111111111111111111111111111111111111111111111111111111111111111111111111111111101101111111111111111111111111
1101111111111111011111111111111111110111111111111111111111111111111111111111111101111111101111111111111111111011111111111011111111111111111101111111111111111111111111111111111111101111111111111111111111111111111111111101111111111111111111111111111111111111111101111101111111111011111110111111111111111111111111
1111111111111111111111111111111111111111101111111111111111111111111111111111111111111101111111111111111111111111111111111111110111111111111111111111011111111111111111111111111111111111111111111111111111111011111111111111111111111111111101011111111111101111011101111111110111111111111111111111111111111111111111
1011111111111111111111111111111111111111111111111111111111111111111111111111111111111111111111111111111111111111111111111111111111111111111111111111111111111111111111111111111111111111111111111111111111110111111111111111111111111111111111111111111111111111111111111101111111111111111111111111111111111111111111
1111111111111100111111111111111111011111111111111101111111111111101111111101111101111111111111101111111111111111111111111111111101111111111111111011111111111111111111111111111111111011111111111111111111011111111111111101101111110111111111011111101111111111111111111111110111111111111111111111111111111101111111
1110111111111111111111111111111111111111111110111111111010101110111111111110110111111111011011111111111111111001111111111111111101111111111111111010111111111111011101111111111011111011111111111111111110101011111111111011111111110111011111101111111111111111111111111111111111111011111111111111111111111111101111
1111111111111110111111111111111111111111111011110111111111111010111111011111111111111111111111111111111111111111111111111111111111111111111111111111111011111111111111111111111111111111111111111111111111111111111111111111111111111111111111111111111111111111111101111111111111111111111111111011111111111111111111
1111111111111111111111111011111111110111111111111111111111111111111011111111111111111111111111111111111111111111111111111111111111111111111111111111111111111111111011111111111111111111101111111111111111111111111111111111111111111111101111111111111111111110111111111111111111111111111111111111101111111111111011
1111111111011111111001111111111111111111111001111111101111111111111111111111101101110111101111111111111111111111111111111111111111111101111111111111111111111111100111111111111111111110111111111111111011111111111111111111110011111101011101111111111111111111111111110111111111111111101111101111111111111111110101
1111111111011111111111111111110011111111111110111110100110011110111101110111111111110101001111111111011111111111111111111101111111111110111111111011111111111111111111011111111111111111111111111111110111111111111111111111011111011111111111111111011111111111111111111111111111111111111111011111111111111111111111
1111111111111111111111111111111111111101111101111111111111111111011111111111011111111001101111110111011111111111111111110111111110101111101111111111111111001111111101011111110111111111011111111111111111111111111111111111111001111111111010111111101010111111111111111111111111110111111011111111111110101111110111
1111111110110111111111111111111111111111111111110111111111111111010101111111010111111101111110111111111111101011111110101111110011111111011111111111111111111111111111111111111111111111011111111011111111111111111111111111110111101111111111111111111111010111011110111010111111111111111111111110101110111111111111
1110011111111111111111011111111111111111111111111111111111111111101111111110111111111111111111110111111111110111111111111111010111111111101111111111111111110111111111111111111111111111111111111111111111111111110111111111111011111111011111111111111110111111111110111111111111111111111111011111111111011111101011
1111111111111111111111111111111111111111110111111111111111111111111111111111111111011111111111111111111111111111111111111111111111111111111111111111111111111111111111111111111111111111111111111111111111111111111111111111111111111101111101111111111111111111111111111111111111111111111111111111111111111111111111
1001111111111101111101111111111111111111111111110111001011111111111111101111011111111111111111111111111101110111111111111111111111111111111111111111111111111011011110110111111111111111111101111111111011111111110101101111111111111111011111111111111110111111111111111111111111111101111111111111111111111111111111
1111111111111111111111111111111111111111111111111111111111111111111111111111111111111111111111111111111111111111111111111111111111111111111111111111111111111111111111111111111111111111111111111011111111111111111111111011111111111111111111111111111111111111111111111111111111111111111111111111111111111111111111
1110111111111111111110111111111111111111011111111111111111111111111110111111110111111101110111111111111111111111111111110111111111111111111111111111111111101111111111111111111111111111111111011111111111111111111111111111111110111111111111111111111111111110111111111111111111111111111111101111111111111111111111
1111111110111111111111111011011101111111111111101111110111111111111111111111111111011011111111111111111110011011111111111111111011101111111111111110111110111111111111011111011111111111111110101111111110111111111110111111111111011111111111101111111111111111111111110101111111111111111111101011111111111111111101
1111111111111110101111111111011111111111111111111111111111110110011111101111111111111111011111111101111111111111111110101111111111111111111111111111111111111011111111111111111110111111101111111111111111111111001111011111100101111111111111111101110110101111101111111111111111110101011111111111101111111111111111
1101111111111111110111111111111111111111111110111011111111111101111111111111111111011111111111111111111111111111111111111111111111111111111101111111111111111111111111111111011111111111111111110111111110111111111111111011111011111101111101111111011111111111111101111111111111111111111111111111111110111011111111
1111101111111111111111111010111111111110111111111111111111111111111111111111111111111111111111111111110111111101111110011111111111110111011111111111111111111111111111111111111111111111111110111111111111111111111111111111111111111111111111111111111111111111111110111111111111111101101101111111111101111111111111
1111111111110111111111111111111011011111111101111101011111111011111111111111111111111111011111011111110111101011110111111111111111111111101110111111101111101111111111101111101111111011111111011111110111111111111111111101111111111111111111110111111011111111111111101110111111111110111111111111011111111110111111
1111011111111111111111111111011111111111111111111111011111111111111101111111111111111111111100111011111111111111111111111111111111110111111111111111111111111111111111111011011111111111111111111111111111111111110111011101111111111111111110111111111011111111111111111110111111111111111111111111110011111111111111
1011111111111111111111111011111111111111111111111111111111111111111111111111111111111111110111111111111111111111111111111111111111111111111111111111111111111111111111111111111111111111111111111111111111111111111111111111111111111111111111111111101111111111111111111111111111111111111111111111111111111111111111
1111111111111111111111111111111111111111111111111110111110111111111111111111101111111111111111111111111111011111111111110111111111111111111111101111111111111111111111111111111011111011111111011111111111111111111110011111111111111111100111111111111101011111010111111111111111111111111011111111011101111111111111
1111111111111111111111111101011111111011011111111111111111111111011110111111111111011111111111101111111111011110111111111111111111111111111111111111111111111111111111111101111111111111101111111111111111111111111111111110110110111111111111111111111111111111111111111111111101111111111110111111110111111111101111
1111111111111111111111011111011111111111111111111111111111110111111111111111111111111111111111111111111111111111111111011111111111111111101111111111111111111111111111111111111011111111111111011111101111111111111111111111111111111111111111111111101111111111111111111111111111111011111111111111111111111111110111
1111111011111111001111111101111111111111111111101101111111110111111101111111111101111111111111111100101111111111111101111011111111101110111011111011111111111111011111111111110111111111011111111111110011111111111111111111111011011111111011111111111111111111011111111111111111111111011101111111111111111111111101
1111111111111111111111111111111111111111111111111111111111111111111111111110111111111111111111111111111111111111111111111111111111111111111111111111111111111111111111111111111111111111111111111111111111111111111111111111111111111111111111111111111111110111111111111111101111111111111111111111111111111111111111
1111111111111111111111111111111111101111111111111111111111011111111111111011111111111110101110110111111111111011111011111111111011111111111110111111111111011101111111111111111111111101111111111111111111111111111111111110111111111111110111100111111111111111111111111111111111111111111111111111111111111111111111
1111111111011111111111011111111111111111101111111111111111011111111111111011111101111111111111111111111110111111101011111111110111111111111111111111111111111111111111111111111111111110111111111111111111111111111111111111011011111111111111111111101111111110111111111111111111111101111111111111111111111111101111
1111111111111111111111111111111111111111111111111111111111111111111111101111111111111111111111111111111111111111111111111111111111111111111111111111111111111111111111111111111111111111111111111111111111111111111111111111111111111111111111111011111111111111111111111111111111111111111111111111111111111111111111
1111111111111111111111111111101111111111111110111111111111111111111111111111011111111111111111111111111111111111111111111111111111111111111111111111111101111111111111111111111111111111111111111111111111111111111111111111111111111111111111111111111111111111111111111111111111111111111111111110111111111111111111
1111111111111111111011111111111111111111111111111111111111111111111111111111111111111111111111111111111111011111111111111111111111111111111111111111111111111111111111111111111111111111111111111111111111111111111111111110111111111111111111111111111111111111111111111111111111111111111111111111111111111111111111
1111111111100111011111011111110111111111111111111111111111111111111111111111111111111100111111111110011111111111111111111111111111011111011111111011111111111111111111111111111111111111111110111111111111111110111111111111111111111111111111111011111111111111111111111111111111111111111111111111111101111111111011
1110011111111111111111111010111111111111111111111111111111100111111011111111111111111111111011111111011110111011110111111111101111111111111111111111110111111111101101111111111011111111111111111111111111111111101111111011111111111101111111011111111101111111101111111111111111011111111111111111110111101111111100
1111111111111111111111111111111111111111111111111110111110111111111111111111111110111111111111111111111111111111011111111111111110111111111111111111111011111111111111111111111111111111011111111111111111111111111111111111111111111111111110111111111111111111101111111111111111111011111111111111111111111111111111
1111111111111111111111111111111111111110111111111111111111111111111111111111111111111111111111111111111111111111111111111111111111111111111111110111111111111111111111111111101111111111111111111111111111111111111111111111111101111111111011111101111111111111111111111111111101111101011111111101111101111111111111
1111111111111111111111110111110111111100101111111011111111011111111111111111111111111111111111111111111011111111111111010111101101101011111111111111111111111110111111111111111011111111111111111111111111111111111111111111111111111111111111111111111111111111111101111011111111111111111111111100111111111011111111
1110111111111111101111111111111111111111111111111111111100111111111010111111011011111111111111111111101111111110111011111111111011111111101111111111111111111111111110111111111111111111111101111111111101111111111111011111111111111111111111111101111111111110111111111111111111111111111111111111111111111111111111
1111111111011111111111111111111111110111111111111111111111111111111111111111111111111111111111111111111111110111111111111101111111111111111111111111111111111111111111111111111111111111111110110111111111111111111110111110111111111111111111111111111111111111111111101111111111111111111111111111111111111111111111
1111110111111111111111110111111111111111111011101111110111111111011111011111011111111111111111111111001111111111101111111111111111111110111111111101111111111111011111111111110111111111111101111111011111111111111111111011111111111101111111111111111111111111111111101111111111111011111111111111111111111111111111
1111111111111110111101111111111111111111111110111111110101111110111111111110111111111110111111011111111111111111111111011110011111111111111111111111111111111111111111111111111101111111111111111001111111110111110111011111111011111111111111010111111111111011111110110111111111010111111111111111111101110111111111
1111110111111111111111111111111111111101111111011111110111111111111111111111111111111111111111011110111111111111111111011111111111101111111111111111001111111111111111111111111111111111111111111101110111110011111111111111111111111111111111111111111001111111111111111111111111111111111111111111111111011111111111
1111111111111111111111111111111111111111111111111101111111111111111111111111111111101111011111101111111111111111111111111111111101111111111111111111111111111111111111111111111111111111111111111111111111111111111111111111111111111111111111111111111111111110111111111111111111111111111111111111111111111111110111
0111111111111101111111111111111111111111111111100111111111111111111111111111111111111111111011111111101110011111111111111110111111111111111111010111111111111111111111111110111111111111111110111111111111111111111110111111111111111111111111111111111110111111111111111111111011111110111111111111111011111111110011
1111111111111111111111111111111111111111111111111111111111111111111111111111111111111111111111111111111111111111111111111110111111111111111111111111111111111111111111111111111111111111111111111111111111111111111111111111111111111111111111111111111111111111111111111111111111111111111111111111111111111111111111
1111111111111111110111111111011111110111111111111111111111111011111111111111111111111111111011111111111111111111111110111111111111111111111111111111011111111111111111111111111111111111111111111110111111111111111011110101110111111111111111111111111111111111111111111111101011111100101110111111110111101111111011
1111111110111111111111111111111111101111111101111111111111011110011111111111111111101111111111111111111011111111111111111011111111101111111111111111011111101101111111111111111111111111111111111111111110111111111111111111011101110111111111111111111111111111111111111111111111111111111111100111111101111111111111
1111111111110111111101111111111111111110111111010111111111111111111111111111011011011111111011111111111111111111111101111110111100111111111111111111111111111111111111111111111110101110111111111111111011110111111111111111111111111011101111111111111111111111111111111111001110111111111111111111111111111111111111
1111111110111111011111111111111111101111111111111111111111111111111111111111111101111110111101101111111111111111111011111111111011111111111111111111111111111111111111110111111111111111111111111111111111111111111111111111111111111111111111111111110111111111011101111011111111111111111011110010111110111111111111
