110111111111111111111111111111111111111111111111111111111111111111011111111111111111111111111111111111111111111111111111111111111111111111111011111111101111111111111111111011111111011111101011111111111111111111111111111111111111111111111110111111111111111111111111111111011111111111111111111111111111111111111101111101011111111111
111111110101111111111110111101101110111111111111111111111111111111111111111011111111111111111111111111111111111111111111101111111111111011111111110111111111111111111111111111111111111111111101111111011111111110110111111111111111111101111111111011001111111010111111111111111111111111111111111111111111111111111111111111111111111111
111111111111111111111111111111111111111111111111111111111111111111111111111111111111111111111111111111111111111111111111111111111111111111111111111111111111111111111111111111111111111111111111111111111111111111111111111111111111111111111111111111111111111111111111111111111111111111111111111111111111111111111111111111111111111111
011111111011111111111111111111111111111110111111011111111111111111111110011111111111110111111111111101111111111100111111111111111111111110111011111111111111111111111111111111111111111111111101111111111111011111111101010111111111111111111111111111111111111110111101111011110111111110111111111111101111111111101111111110101111111101
111111111111111111111111111111111111111111111111111111111111111111111111111111111111111111111111110111111111111111111011111111111111111111111111111111111111111111110111111111111111111111111111111111111111111111111111111111111111111111111111111111111111111111111111111111111111111111111111111111111111111111111111111111111111111111
111111111111111011111100111111111111111101111111111111111111111111101011111111111111101111111111110111011111111111111111111111111111111111111111110111111111111110111111111110111111101111101111111111111111101111111111111111101111111111111111101111011111111111111111111110111111110111111111111011011111111111111111011111110110111111
101011111111111111111111111111111111111111111111111111111111111011111111111111111111100111111111111111111111111111111111111110111111111110111111110111111011111111111111111111111111111111111111111111111111111110111111111111101111111111110111111111111111111111111111111111110111111110011111111110111111111111111111111111011111111111
111111111111111101111111111111111111111111111111111111111111111111111111111111111111110111111111111111111111111111111111111111111101111111111111111111111111111111111111111111111111111111111111111111111111111111111111111111111111111111111111111111111111111111111111111111111111111111111111111111111111111111111111111111111110111111
111111111011111111111111111111111111111111111111111111111111111110111101111111111111111111111111111111111111111111011111111111111111111111111111111111111111111111111111111111111111111111111111111111111111111111111111111111111111111111111111111111111111111111111111111111111111111111111111111111111111111111111111111111111111111111
111110111111111100111111011111111111111111111111111101111101111111101111111111111111111111111110111111111111111011111111111011111111111111111110111111111111111111111111111111111111101101101111001111110111111111111111110111111111111111111111111111111111111001111111111111101101011011111111111111111111111101100111110111111111111111
101111111111111111011111111101111111111011111111101101111111001110111101101111111110111111111111111111110111111111111101111111111110111110111111111010111111111111011111111111111111111110111111111111111110110111111111111111111111111001111111111111111101111111111111011111101111111111111011111111011111011111010111111111111111111110
111111111111111111111011011111110111101111111111101111111111111111111011111011111101111111111111111111111111111111111111111111111101111111111111111111111111111111110111111011111111111110011111001111111101111111101110111111111111111111110010111111111111111111101111111111100111111111111111111111111111101111111111111101010111111110
111111111111100111111111111111111111110101111111111111111111111111101111111111011111111111111111111111111111111111111011111111111111111111111111111111011111111111111111111111111111111111111111111111111101111111111011111111111111111011111101111111111110111111111111100111111111111111111111110111101111011111101111111111110111111111
111110111111011111111110110111101111100111111111111111111111111111101111110111111101111111111111111111111110111111111111111111111111101111111111101111111111111111111111111111111111111111111111101111111111111110111111110101111111101111111111111111111111111111111111111111111111111111111111101111111111111111111011111111111111110111
111111111111111110111111111111111111111110111111111111111111111111111111111111101110111111111111101111110111111101110110111111110110111111110111111111111110101101111111111111111101011111111111111111101111111111111111110111111111111111111111111111111101111111111111111111100101100111111111111110111101111111111111101111111111111111
111111111011101111111111111111111111111111111111111111111111111111111111111111111111101111111111111111111111111111111111111111111111111111111111111111111111111111111111111111111111111111111111110111111111111111111111111111111111111111111111111011111101111111111111111111111111111111111111111111111111111111111111111111111111111111
111011111111111111111111101111111111111111111111100111111111111111111111111111111111111111111111111110111111111111111111111111110111111101111101111011111111111111011111110111111111111111111111111110000111010111111111111111111110111111111111111110111101110111111111111111110111111111011110111111111111101011111111110111111111111111
110110111111111011111111111111111110111111111101111010111111111111111111111110101111111111110111111111111111111111111101111111111111111101111111111111110111111111110111111111111111111111110111110111111111101111111111111111111111111111110111011111111110111111101111001111111111110111111110110111111111111111111111111111111111111111
111110111111111111110111011011111111111111111111111111101111111101111111111111111111111111111111111111111111111111110111111111111111111011111111111111111111011111111111111111111111111111111111111111111111111111111111111111111011111111111111111111110111111111111111011111111111111011111111111111111111111111111111111111111111111111
111011111111111111111111111111111111111111011111111111111111011111111111111111111111111111110111111111111111111111111111011111111111111111111111111111111111111111111111111111111111110111110111111110111111111111111110111110110111111111111111111111111111111111111101111111111111111011111111111111111111111111111111111111111111111111
111111111111111111111111111111111111101111111111111111111111111111111111111111111111111111111111111111111111111111111111111111111111111111111111111111111111111111111111111111111111111111111111111111111111111111111111111111111111111111111111111111111111111111111111111111111111111111111111111111111111111111111111111111111111111111
111111111111111111111111111111111111101111110111111111111111111111111111111111111101111111111111101111111111111111111111111101111111111111111111111111111111111111110111111111111111111111111111111111111111111111111111111111111111111111111111111111111111101111111111010110111111111111101111111111111110111111111111111111111111111111
111111111111011111111111111110111111111111111111011111111111111111111111101111111111111110111111111111111111111111111111111111111101111011111111111111111101111111111111111111111111111110111111111111111111111111111111111111111111111111111111101111111111111111111111111111111111111111111111111111111111111111111111111111111111111111
111111111111111111111111111111111111111111111111111111111111111111111111111111111111011111111111111100111111111111111111111111110111111111111111111111111111111111111111111111111111111111111111111111111111111111111111111111111111111111111111111111111110111111111111111111111111111111111111111111111111111111111111111111111111111111
111110111111111111111111111111111111111111111111111111111111011111101111111110111111111111111111111111111111111111111111111111111111111111111111111111111111111111111111111111111111111110111111111111110101111111111111111111111011111111111111101111111101111111011111111111111111111111011111111111111111111111111111111111111111111111
111111111111111111111111111111111111111111111111111111111111111111111111111111111111111111111111111111111111111111111111111111111101111111111011111111111111111111111111111111111111111111111111111111111111111111111111111111111111111111111111111111111111111111111111111111111111110111111111111111111111111111111111111111111111111111
111111111110111111110110111111111111111111111111111111101111111111111111111111001111111110111111111111111111111111111111111101111111110111111111111110111111111111011111110111111111111110111111111111111111011011111111011111111111111111110011110011111111111101111111011111111110110011111110111111011101111111011111111111111111111111
111111011111111111111111111101111111111111101100101101111111111111111111111111111111111111101111111111111111111111111111111111111111111111111111111111111111111111101111111111111011111111111101111111111111111101111111111011101111111101011011011111101001111101111111111010110111111111111011111011111111011110110111111111111101111111
001111111011111111011111111111011111111100111111111111111111111111111111010101111011111111111110111111111111111111011111101111111111111111111111111111111111111111111111111111111111111111011111011111111111111111011111111111010111111111111111101111111111111111111111111111111111110110111111111111111111111111111110111111111111111111
011011111111111111111111111111111111111011111111111101111111111111111111111111111111111111111111111111111111111111111111111111111111111111101111111111111111111111111111111111111111111111101111111111111111111111111111011111111111111101111111111111111111111111111111111110110111111111101011101111111111111101101111111111111111001111
111111111111111111111111111111111111111111111011111111111111111111111111111111011111111111111111111111111111111111111111111111111111111111111111011111111110110111111011101111111111111111111111111111111111111111111111111111111111111111110111111111111111111111111111111111111111111111111111111111110111111111101111111111111111111111
110111101011011110111101011111111111011111111111111111111111111111111111111111010111111110111011111111111111011111110101111111111111101101111111111101111111111111111111111011111111111111101111111111111011111111110111111111111101110111011111111111111011011101111111111111111111111111111111111110111011111111111101111111111011110111
111111111111111111111111111111111111011111111111111111111111111111111111111111111111111111011011111111111111111111111111111111111111111111111111111111111111111111111111111111111111110111011111111011111111011111111111111111111111111111111111111111111111111111111111111111111111111111111111111111111111111111111111111111111111111111
111111111111111111111111111111111111111111111111111111111111111111111111111111111111111111111111111111111111111111111111111111111111111111111111111111111111111111111111111111111111111111111111111111111111101111111110101111111111111111111111111111111111111111111111111111111111111111111111111111111111111111111111111111011111111111
111111111111110111111011111111111111111111111111111111111111111111111011111111111111111111111111111111111111011111111101101111111111111111111011101111111111111101111100110111111111111111111111111111111011111111011001111111111111111111111111110110111111111101111011101111111011111011111111111111111111111111111111110111101111111011
111101111111101111111111111111111110111111111111111101111101111111111111111111111011111111111111111111111111111111111111111011101110011111111111111111111111101111111111111111111111111111111111101111110110111111111011111111111101111111111111011111111111111111011111111111111111110111111111111111110111110111111111111111111110111111
111111111111111011101111101111111111111111111111111111111111110111111110110101111111111011111111010010111111111111101111111111101111101111111111111111111101111111111111101111111111111111111111111110110111111111111111111111101111111111111111111111111111111111111111111111111111111111111111111110111111111111111110111111111011111111
111011111111111111111111111111111111111110111111111111111111101111111111111111111111111111111111111111111111111111111111111111111111111111111111111111111111111111111111111111111111111111111111111111111111111111111111111111111111111111111111111111111111101111111111111111111111111111111111111111111111111111111111111111111111111101
111111111111111111111011101111111111111111111110111111101111111111110111111111101111111111111111110111111111011111111111110111011111111111111101111111111111111111110111111111111111111111111111111111111111111111111111111111111111010110011111111111101111111110111111111011111111101111111111111111111101111111011111111111111111111111
111111111101101111111111111111111111111111111111111011111011111111111111111111011111111111111111111111111111111111111111111111111111011111111111111111111111011111111111111111111111011111011011111111111101111110111111110111111111111111111111111011111111111111111111111111101111110111111111011101111011111111011011011111111111111111
111111011111101111111111111011111111111111111111111111111111111111111111111101111111111111111101111111111111111111111111011111111111111111111101111101111111111111111111111111111111011111111111111111111111110110111111111111111111111111111011111111111111111111111111111111111101111011111111111111111111111111111111111111111111111111
101111101111101111111111101111101111111111111111111111111101111101111111111111111111111111111111101111111111110101101111101111111111101111111111111111111111111011111110111111101111011111111110111111111111111111011111111111111111111111111111111111111111110111111111111111111111111111111111111111110111101111111111111111111011111111
111111111111111111111111111111111111111111111111111111111111111111111111111111111110111111111111111111111111111111111111111111100111101111111110100111111111111110110011111111111111011111111111111111111100111111111111011111111101111111111111111111111111111111111111111111111111110111111111111111111111111111101111111111111111110111
111111111111111111111111111111111111111111111111111111111111011111111111111110111111111111110111111111111111111111111101111111111111111111111111101111111110111111011011111111111111111111111111111101111111111111111111111111110111111101111111111111111111111111111111111111111111111111111111111111111111111111111101111111111110111111
111111111111111111111111111111111111111111111111111111111111111111111111111111111111111111111111111111011111111111110111101111111111111111111111110111101111111111111111111111111111111111111111111101111111111111111111111111111111111111111111111111111111111111111111111111111111111111111111110011111111111111111111111111111111111111
111111111111011111111111111111111111011111111111011101101111111111111110111010111101111111101111110111011111111111011111111111111101111111111101111101110111111111111011111111111111101111111101111111111111111111111111111101111111111111110111111111111111111111111111111111111111111101111111111111111111111111101111110111111111111111
111111111111111111111111111111111111111111111111111111111100111111101111111111111111111111111111111111111111111111111111111110111111111111111111111111111111111111111111111111111111111111111111111111111011111110110111111111111111111111111111111111111111111111111111111111111111111111111111111111111110111101111111111111111111111111
011111111111111111111111111011111111111111111111101111111111111111111111111111111111111111111111101111111110111111101111111111111011111011111111111111111111111111111111111111111111111111111111111101111111111111111111111011111111111111111111110111111111111111111101111111111110111111111111100111111111111111111111111111111111111111
111011111111111111110111111111111111111111111111111111011111111011111110111111111111111110111111111111111011111101011101111111111111011111111111110111111111111111111111111111111111111111111111111111111111111111111111111111111101111111111111111111111111111110100011111111111111111111110110101110111111111101111111011111110111101101
111111111111111111111111111111111111101101111111111111111111111111111111011111110111111111111111101111111111111111111111111011111111111111111111101111111111111011011111111110011111111111111011111111111111111110111111111111111111111111111111101111111111011111111111111111111111111111111111111111111111111111111111111111011111011111
111111011111101010110111111111111111110111111111111111011111111111111111011111111111111111111111111111101011111111111111111110001111111111111011111111100111111111111111111111111111111111111011111111110111111111111111111111111111011011111111111110111111101111111111111110101001111111011111111111111111111111111111111111111111111111
111111111111111111111111111011111111111111111111111111111111111111111011111111111111111111111110111111111111111111111111111101111111111111111111111111111111111111111111111011111111111111111111111111111110111111111111111111011011111111111111111111111111111111111111111111011111111111111111111111111111111111101111011111111111111111
111111111111111111111111111111111111111111111111111111111111111111011111111111111111111111111111111111111111111111111111111111111111111101111111111111111111111111111111110011111111111111111111111111111110111111111111111011111111111111111111111111111101111111111111111111111111111111111111111111111111111111111111111111111111111111
111111111111111111111111111111111111111111111011111111111111111111111111111111111111111111011111111111111111111111111111111111111011111111111111111111111111111110111111111111111101101111111111111111111111111111111111111111111111111111111111111111111111111111111110111111111011111111111111111111111111111111111111111111111111011111
111111111111111111111110111111111111111111111111110110111111111111111111111111111111111111111111111111111111111111111111011111111101011111111111111111111111110111011111111111111111111111111111111111111111111111111111111111111111111111111111111111111111111111111111111111111111111111111111111111111111111111111111111111111111111111
111101111111111111111111111110111111111111111111111110111111111111111111111111011111111111111111011111111001111111111111111011111111111110110111011111111111111111111111111111111101111111011011011111111011111011011111111111111111111111111111010111111111111111111111111111111111011101111111110111111111111111111111110110111111111110
111111111111111111111111111111111111111111111111111111111111111111111111111111111101111111111111111111111111111111111111111111111111101111111111111111111111111111011111111111111111111111111111111111111111111111111111111111111001111111111111111111111111111111111111111111101111111111111111111111011111111111111111111111111111111111
111111111111111111111110111111111111111111111111111111111111110110111111111111111111111111111110010111111111111001111111111111111111111111111111111111111111111110111111111011111111111111111111111011111111101111111101111111111111111111111111111111110010111111111111111111111111111101111011111111111111111010111111101111111110111111
101111111111111111011111111111111111111111111111101111111111100110111111111111111111111110111111111111111111111111110111111111011111101111111111111111111111111111111110111111111110111111111111111111111111111111111111111111111111101111111111111111111111111111111111111111111011111111111111111011111111111111111111111111111111111101
111111111111111111101111111110111111111101111111111111111111110110111011111111111111111111111111111111111111111111111111101111111111111111111011110101111111111111111111111111110111111111111111111111111111111111111111111111111111111111111111111111111111111110111111111111011111111111111101111111111110111111111111110101011111111111
111111111111111111111111111111111111111111111111111111111111111111111111111111111111111111111111111101111111111111111111111111111111111111111111101111111111111111111011111111111111111111111111111111111111111111111111111111111111111111111111111111111111111111111111111111111111111111110111111111111111111111111111111111111111111111
111111111111111111111111111111111111111111111111111111111111111111111111111111111111111111011111111111011011011111111111110111111111011111111111111111111111111111111111111111111111111111111111111111101111101111111111011111111111110111111111111111111011110110111111111111111011111101111111101111111101011110111101111111111111111111
111111111111111011111111101111111111111111111111111111111111111110101110111101101111111010111111011101011111111111111111111111111111111111101101101111111101111111111111111111111000111111111101111111111111111111111111111111111111011111111111111111111111011111110111111111111011111101110111110111111111111111111111111111111111111111
011111110101111111101111110111111111111011111111111111111111111101111110111111111111111111111011111111111111111111111111111111111111111111111111111111111111111111111111111111111111111111011111111101111111111111111111111111111101111111111111111111111111111111110111111111111111111111011111110111111111110110111111111111111111111111
011111111111110111111111011110110011111111111111111111111110111111101110111111111111111111111101111111110111111101111111101111111111111111111111101110111111111111111111110111111111101101111101111111101111101110111111111111111111111111110111111101111111111011111101111111101111111111111111111111111111111110111111111111111111111011
111111111111111111111111111111111111111111111111111111111111111111111111111111111111111111111111111111111111111111111111111111111111111111111111111111111111110111111111111111111111111111111111111111111111111111111111111111111111111111111111111111111111111111111111111111111111111111111111111111111111111111101101111111111111111111
111111111111111111110111111111111111111011111011111111111111110111111111111111111011111111111111111111101111111111111101111111111101111110111111111111111111111111111111111111011111111111111111111110111111111101101011111111111111111111111111110111111111111111111111111101111111111111111111111111111111111011111111111111111111111111
111110101111111111111111111111111111011110111111111111101111111111011111001111111111011111111111011111011111111111111111111111111111111111011111111111111101111111001111101111111111101111111111111111011111111111111111101111111111110111111111111011111111111110001111111110111111111111110111111111011110100111110110111111111111111111
111111111111111111111110111111011111111101111111111111111111111111111111111110111111111111111111111011111111111111111111111111101111111111111111111111111101111111111111011111111111111111111101111111111111111111111111101111111111111101111110111101111111111111111111111111111111111111111111111111111111111111111111110111111110110111
111111111111111111111111111111111111111111111111011111111111111111111111111111111110111111111111111111111111111111111111111111111101111111111111111111111111111111111111111111011111111111011111111111111111101111111111110101111111111111111111111111111111111111111111011111111111111111011111110011111111111111111111101101111111111111
111111011111101111111111001111111111110111110101111111111111011111110111101111111111111111111111111111111110111111111111011101101011111111111111111111111111101011111111111111111111111111111111111111111111111111111111111111110111111111111111111111111111111111111101111111111111111111111111111111110111101111111111111111101111111011
111111111111111111111111111111111111111111111111111111111111111111111111111111111111111111111111111110111111111111111111111111111111111111111111111111111111111111111111111111111111111111111111111111101111111111111111111111111111101111111111111111111111111111111111111111111110111111111111111111111111111111111111111101111111111111
111110011110111111111111111111111011110111111111111111111111111111111111111111111111111111111111111101111111110110111111111101111111111111111101011101101111111111111111111111111111111111111110111111111111111111111111111111111111111111111111111111111111101111111111111100111111111111111111001111111111111111111111111111111111111111
111111111111111111111111111111111111111111111111111111111111111111111111111111110111111111111111011111111111111111111111111111111111111111111011111101111111111111111111101111111111111111110111111111111111111111110111111111101111011111111111111111111111111111111111111111111111111101111111111111111101111111111111111111111111011111
111111111111111111101111111111111111111111111111111111111111111111111111111111111111111111111111111111111111111111111111111111111111111111111111111111111111111111111111111111111101111110111111111111111101111111111111111111111111111110111111111111111011111111111111111111111111111101111111111111111111111111111111111111111111111111
111101110111111111111111111111110111111111011111111111111111001110111111111111111111111111111111111111111111011111111011011111101111101111111111111110111111111111111111111111111111111111111111111111111110111111111111111111011011111111101111101101111111111111111111011111111111011101111111111011111111111100111111111101111111110101
111111111111111111111111111111111111111111111111111111111111111111111111111111111111111111111111111111111111111111111111111111111111111111111111111111111111110111111111111111111111111111111111111111111111111111111111111111111111111111111111111111111111111111111111111111111111111111111111111111111111110111111111111111111111111111
111111111111111111111111111111111111111111111111011111111111111111011111111111111011111111011111101111111111111111111111111111111111111111111111111111111111111111111111011111111111111111011111111111111111111101111111111111111111111011111111111111111011111111111111111111111111011111011111111111111111111111111100111111111111111111
111111111111110111111111111111111111111111111111111111111111111111111111111111111111011111111111111111111111110111111111111111110111111111111111111111111111111111111111111111111111111111111111111111111111111111111111111111111111111111111111111111111111111111111111111111111111111111111111111111111111111111111111111111111111111110
111101111101111111011111111111111111111111111111111101111111110111111111101111111111111111111111111111111110111111111101111111111111111111111111111111111111111111111111111111111111111111111110111111110111111101111111111111110111101111111111110111111111111111111011101011111111111111001111101110111111111111111111111111111111011111
111111111111111111111111111111111111111111111111111111111101111111111111111111111111111111111111111111111111111111111100111111111101111111111111111111111111111111111110011111111111111111111111111111111111111111101111111111111111111111111111111111111101111111111111111111111101111111111111111111110111111111111111111111111111111111
111111111111111111111111111111111011111111111011111111111111111111111111111011101111111011111111111111111111111111111011111111111110111101110111011111111111111111111111111111101111111111111111111111111101111111111111110111101111111111110111111111101111011111111111111111111111100110111011111111111111111111111111111001111111111111
111011111111111111101111111111111111111111111111111111111111111111111111111111111111111111111111111111111111111111111111111111111111111111111111111111111111111111111111111111111111111111111111111111111111111111111111111111111111111111111111111111111110111111111111111111111111111111111111111101111111111111111111111111101111111111
111111101111111111111111111111111110111111111111111111011110011111110111111110111111011111101111111111111111111111111011101111101111110111111110111111110111111111011111111011111110111111111111111111111111011101100111111011111101111011111111111111111111111111111111110111111111111111011111111111111111111111111101111111111111111111
111111111111111111111111111111111111111111111111111111111111111111111111111111111111111111111111111111111111111111111111111111111111111111111111111111111111111111111111111111111111111111111111111111111111111111111111111111111111111111111111111111111111111111111111111111111111111110111111111111111111111111111111111111111111111111
111011111101111101111111111111111111111111111100111111111111111111111111111111101111111111011111111111111111111111111111111101111011111111111111101111111111011111111111111111111111011101101110111111111111111111111111011110111011111111111111110011111001111111111110101111110111111111111111111111111111111111111111111111111111110111
111111111111011111111111111111111111111011111111111111111111111111111111111111011111111111111111111111001111111101111110111111111111111111111111111111111011111111111111111111111111111111101111111111101101111111111100111111111111111111111110111111101111011111111111101101101111111110111111111111111010111111111111101111010111111001
111111111111111011111111111111011111111111111111111101110011111111110101101011110111111011111111111011111101111111001111100110111111101111111111110111111111110111111111111111111011011110111111111100111111111111111111111111111111101111111111111111111111111101111111111101111111111111111111111111111111111111011110111111111111011111
111111110111111111010101111110111111011111011101111111111111111111111111111111111111110111111111110111111111110110101111111111111111111101101011111111111111111101111111011110111111111011111111111111101101111111101110101111111111111111111111111111111110111111111111111111111110111110101111110111111111111111111011111111111111111111
111111111111111111111111111111111111111111111111111111111111111111111111111111111111111111111111111111111111111111111111111111111111111111111111111011011111111111111111111111101111111111111111111111111111111111111111111111111111111111111111111111111111111111111111111111111111111101111011101111111111101111111111111111111111111111
111110111111111111111111111110111111110111111111111110110111111111111111011111111111110111111111101111110100110111111111111101111101111111111111110111111101111111011110111111111111111101011111111111011111111111011111111100111111111111111111111111111111111111111111111111111111111111111111110111110111110111111111111001100111111111
111111111111111111111111111111011111111111111111111111111111111111111111111111110101111111111111111111111111101111111111111111111111011111111111111111101111111111111111111011110111111111111111111110111111111111111111111111111111111111111101111111111111111111111111111111101111111111111111111111101111111111111111111111111111111111
111111111111111111111111111111011011111111111111011111111111111111011111111110111111110111111111111110111111110011011111101110111111111111111111111111110110111111111111111111110111111111111111111111111111110111111111111011111111111111111101111111111111111111110101111111111111011101110011111101111111111101111111111110111100110110
111111111111111111111111111111111011111111111111111111111111111111111111111111111111111111111111111111111111011011111111111111111111111111111111111111111011111111110111111111111111111011101111111111111111111111111111111111111111111111111111111111111111011110111111111111111111111111111011111111111111111111111111111111111111111111
111110111111111111111111111111111111111111111111111111111111111111111111101111111111111111111111111111111111111111111111111111011111111111111111111111111111111111111111111111111111111111111111111111111111111111111111111111111111111111111110111111111111111111111111111111111111111111111111111111111111111111111111111111111111111111
111111111111111111111111111111111011111111110111111111111111111111101111111011111111111111101111111111111111111111011111101111111111111111111111111111111111111011111111111111111111111110111111111111111111110111101111111011111110111111111111111111011111111111111100110111111111111111111111111101111011111111111110111111011111011111
111111111111111111111111111111111111111111111111111111111111111111111111111111111111111111111111111111111101111111111111111111111111111111111111111111111111111111111111111111111111111111111111111110111111111111111111111111111011111111111111111111111111111111100111111111111111111111111111111111111111111111111111111111111111111011
111111111110111111111111111111111001011110111111111111111111011111110111111111111111111111111111111111111111011011111111111101111111111111111111101111111111111111111111111111111111101111111111111111011111111111101111011111111111111111111111110111111011111111111010011111111111111011111011111111111111011111111111111101111111111110
110111111110111111111111111111111111111111111111111110111111111110111111111111111111111111111011101111111111101111111111111111111111101111111111101111101111111111111111111111111111111011111101111111111111111111111011111101111111111111110111111111101111111111111111111011111111111111111111111111101101011111111111111111111111011111
111111100011111111110111101111111111011111111111111111011111111111111111111111111111001111111111111111111101110111111111111111110111111011111110111111111111110111111011111111111111111101111111111111111111111111101111111110111111111101111111111111111111111110111111111111111011101111011111111111111011111111011111111110110111111110
