00000010000000000000000000000000001000000010000010000000000000000000000001000000000000000000000000000000000100000000000010000000000000000000000000000100000100000000000000001000000000000000000000000000000010000000011000000000000000000000000000000000000000000000000000010000000010000000001000000010000000000000010000000000000000000000000000000000000000000000000000000000000010010000000000000000000000010000000000000000010100000000000000000000100000000000000000000000000000
00000100000010000000100000000000000000000001000000001000000000000000100010000000000000000000000000001100000010000000000100000000000000001000000000010000100000000000000000000000000001000000000000000001000000001010000001010000010000100010000000000000000000110000000001000000000010000000000000000000000000000000000000000100000000000000000000000000000000000000000000000001010000010000000000000000000000000000000000000000000100000000000000000000010000001000000001000000000000
00000000000000000000000000000000001000000000010001000100000100000000000010010000000000100000000000000010000000000000000001100010000100000010000100000000100001000000000010100000000010000100000000000000000000000000100000010100000000000000000000000000000010010000000000000000000001000000000000000000000000000000000010000000000000001001001000000000000000000000100000101000000000100100000000000000000000000000000000000100100100010000010000000000000000000000000000100001000000
10000000000000000000000000000000000000000000000000000000000000000000000000000000000000000000000000000000000000000000000000000000000000000000000000000000000000000000000000100011000000000000000000000000000000000000000000000000000000000000000001000000000000000000000000000000000000010000000000000000000000000000000000000000000000000000000000000000000000000000000000000000000000000000000000000000000000000000000000000000000001000000000000000000000000000000000000000000000000
10000000000000001000000100000000000000000010000000000000001010000000000000000000000000000000000000000000000000000000000000100000000000000000000000000000000000000000000000000100000000000000000000000000000000010000000000000001000000000000000000000000000000000000000000000000100000000000000001000000000000000000000000000000000100000000000000000000000000010100001000010000000000000000000000000000010000000000010000000000000000000000000000000000000000000000000000000000001000
00000000000000000000000000000000000000010000000000000000000000000000000000000000000000000000000001000000000000000000000000000000000000000000000000000000000000000000000000000000010000000000000000000000000000000000010000000000000000010000000000000000000000000000000000000000000000000000000000000000000000000000000000000000000000000000000000000000000000000000000000000000000000000000000000000000100010000000000000000000000000000000000000000000000000000000000000000000000000
00000100000000000100000000000000000000000000001000101000000000000000000100000000000000000000000000010000000001000000000000000000000000100000000000000001000001000000000000000000010000000000000000000000000000100000000001000000000000000000000100000000000100010001001010000100010010000000000000000000000000001000000000100000000000000000000010000000000000000000010000000000000000000010000000000100000010101000000000000001000010000000000000000000000000000000000100010000000000
00000000000000000000000000000000000000000000000000000000000000000000000000000000000000000000000000000000000000000000000000000000000000000000000000000000000000000000000000000000000001000000000000000000000000000000100000000000000000000000000000000000000000000000001000000000000000000000000000000000000000000000010000000000000000000000000000000000000000000000001000000100000000000000000000001000000000000010000000000000000000000000000000000000000000000000000000000000000000
00000000000000000000010000000000000000000000000000000000000010000000000000000000000000000000000000000000000000000000000100001000000000000000000000000000000000000000000000000000000000000000000000000001000010000100000000000000000000000000100000000000000100000000000000000000000000000000001000000000000000001000000000000000000000010000000010100000000000000000000000000000000000000000000010000000000000000000000000000010000000000000000000000000000000000000000000000000000000
00000000000000000000000000000000001000000000001000000000000000000000000000000000000000000000000000000000000000000000000000100000000000000000000000000000000000000000000000000001000000000000000010000000000001000000001100000000000000000100000000000000000000000000000000000000000100000000000000000000000000000000000000000000000000000000000001000000000000000000000000000000000000000000000000000001000000000000000000000000000000010000000000010000000000000000000000000000000000
00000000100000000000000000000000000000000000100000000100000000000000000000000001000100000000100000000000000010001000000000010000000000000000000000100000000001000000001001000000000000000000001000000000000000000000000000000001000000000100000000000000100000000000000000000000000000001000000010000000000000000000000000000000000000000000000000000000000000000010000000000000000110000000000010000000000000000000000000000000000100000000000000000000000000000001010000000000000000
00000000000000000000000000000000000000000000000000000000000000000000000000000000000000000000000000001000000100000000001000000000100000000000000000000000001000000000000000000000000000000000000000000000000000000000000000000000000000000000000000000000000000000000000000000000000000000000000000000000100000000000000000001000000000000000000000000000000000000000000000000000001000000000000000000000000000000000000000000000000000000000000000000000000000000000000000000000000000
00000000000000000000000000000000000000001000000000001000000000000000000000000000100000000000000000000000000000000000000100000000000000000001000010000000000000000000000000000000000000000000000000000000000000000000000000000000000001000000000000000000000000000000000000000010000000000000100000010000000000000000100000000000000000000000000000000000001000000000000000000000000000000000000000000000000000000000000000000000000000000000000000000000000100001000000000000000000000
00000000000000000000000000000000000000000000000000001000000010000000100000000000000000000000000000000000000000010000000100000000000000000000000010000000010000000000001000000000000000001000000100000000000000000010000000000000000000000000001000100000000000000000000000000001000000000000001000000000000000000000000000000000000000000000000000000000000000000000000000000000000000000000000000000000000000100000000000000000000000000000000000000000000000000000000001000000010000
00000000000000000000000000000000000000000000000000000000000000000000000000000000000000000000000000000000000000000000000000000000001000000000000000000000000000000000000000000000000000000000000000000001000000000000000000000000000000001000000000000000000000000000000000100000001000000000000000000000000000000000000000000000000000000000000000000000000000000000000000000000000000000000000000000000000000000000000000000000000000000000000000000000000000000000000000000000000000
00000000000100000000000000000000000000000000100000000001000000000100000000000000000000000000000000000000000000000000000000000000000000000000000000000000000000000000000000000000000000000000000000000000000000000000000000000000000000000100000100000000010000001000100000000000100000000000001000000000000000000000001001000000000100000000000001000000000000000000000000000000000000000000010000000000000000000010000000000000000010000000001000000001000000100000000000000000010000
00000000000000000001000000001000000000000010000000000100001100100000000000000010000000000001000000010000000000000101000000000000000100000000000000000000000001000000000000000000000000000000000100010000100000000000000000000000000000000000000000100000000000100000100100000000000000000001000000000000000000000000010000000000000000001000000001000000000000000000000000000000000100100000000001010001000100000000000010000000001000000001000000000000000000001010000000000001100000
00000000000000000010000000000000000000000000000000000000000000000000000000000000000000000100000000000010000000000000000000100000000000000000000000000000000000010000000000000000000000000000010100100000000000000000100000000000000000001000000000000000000000100000000000000000000000000000000000000000000000000000000000000000000000010000000000000001000100000001000000000000000000000000000000000000000000000000000000000010000000000000000000000001000001000010000000000000000000
00100000000000000000000000000000000010000000000000000000000000001000000000000000000000000001000000000000000000000000000000001000000000000000000000000000000000000000000000000000000000000000000001000000000000000010000000010000000100000000000000001000000000000100000010000000000000000000000000000000010000000000000000000000010000001000000000000000000000000000110000000000000000000000000000000000000000000000000000001000000000000000000000100010000000000000000000000000000000
00000000000000011000000000000000000010001000000000000011010000010000000000100000000001000000000000000001000000000000010000001100000001000000000000000001000000000000000000000000000000000000000000000000000000010010000010000000000000000000000000100001000000000000000010000000000000000000000000000000000000100000000010001000000000000000000000000000000000001000000000000000010100010000010000010110000100000000000001000000000000000000100000000000000000000000000000100000000000
00110000000000000000000000000000000000000000000010000000010010010000000010010010000010100000000000000000000001000000000000000000000000000000000000001000000000000000000000000000000000000000000000000000000000000000001000000000000001000100000000000100000100000000000100000000000000000000000100000000100000000000000000000000000000000000000010110000000000000000000000000000000010000000000001100000000000000000000000010100000000000000000001000000000000000001100000000000000000
00000010000000000000000000100000000000000000000000000000001100000000000000000001000000000000000000000000000000000000000001000000000000000000000000000000000000000000000000010000000000000000010110000000000000000000000000000010000000000000000000000000000100000000000000000000100000000000000000000000100000000000001000011100000000000000000000000000000000000000000000000000000000000000000000101000000000000010000000000000100000000001000000000000000001000000000000000000000000
01000000001000000001011000000000000000001000000000100010010000000100000000000000000000000000000010000000000000000000000000000000000000000000001000000000000000100000010010000010000000000010001000000000001000000000000000000000000000000000000000000000100010010000001000100000000000000000000000000000001000000000000000000000110000000000000000001000000000000000000000000000000000100000000010000000000001001000100110000000000000000000000000000000000000000000100100000000000000
10000000000100000000101000000000000000100000101000000000000000000100000000000000000001000000000000000000100000000000000000000000001001000000000010000011000000000000000000000000000000100000000010000000000000000000000100000000000000000000000000000000000000000000000000000000101000100100000000100000000000000000000010000000000000000000000010000000000000000000000000000001000000000000010000000000000000000000000000000000000000000000000100000000000001000100000000001000010000
10000000010100001001000000000000000010000000000000000000000100000000000000001100000000000000000000000000000000100110000011000000000000000001000000000000101000001000000100000000010110000000000100000000000000000000000000000000000001100100000000000000000000000000000000000000010000100100000000000000000000000000000000000010000000000000000000011000000000000000001000000010100000010011000000100000010000000000000000000000100000000100000000010100000000000000000010100000000100
00000100000001000000000000010000000000100000000000000000000000110001000000000000000000000000000000000000000000000000000001000001000100000000000000000000100000000000000000000000000000000000000000100000000000110000000000000000001100000001000100000000010000000000100000000100000000000000000000000000000000000000000000000001000000000000000100000000000000001000000000000000101000100000000000000000000001000000000000000000000000000000100000000000000000000000000000000000000000
00000000000000000001000000000000000000000000000000000000000000000000000000000000000000000000000000000000001000000000000000000000000000000000000000000000000000000000000000000000000000000000000000000000000000000000000000001000000000000000000000000001100000000010000000010000000000010000000010001000000001000000000000000000000000000000000000000000000000000000000000000000000000000000000001001000000000000100000000000000000000000000010100000000000000000000000000000000100000
00000000000000000000000000100000000000000000000000000000000000000000000000000000000000000000000000000000000000000000000000000000000000000000000000000000000000000000000000000000000000000000000000010001000000000100000010000000001000100000000000000000000000000000000000100000000000000000000000100000001010000001000000000000000000000000101000000000000000000000000000100000000000000000000000000000000000000000000000000000100000100000000100000000000000000000000000000000000000
01000000000000000000000000100000000000000010001000000000011000000000000000000001000101100001000010000000010000000000000000000000000000000000010000001000000000000000000000000000010000000100000000000000010000100000000000000100011000000000000001000000001000000000000000100000000000000000000000000100000001000000100010000000000000000001001000000000000000000000000000000000000000000000000000000000000000000000010100000000000000000000100000000000000000110000001000010000000100
01000000000000000100000000000000000000000000010000000000000000000000000100000100000000010000000000000000000100000000100000000000000000000000000000000000000001000000000000100000011010100001000000000000001000000000000001000000000010000000010000000000000000000000100000000000000000000000000000000000100000000000000000001100000001001000000000001000000000000000000000001000000000000000011000000010000000000011100000000000000000100000000000000001000000000000010000000100100000
00001000000000000000000000000000000000000000000000000000100001000100000000000000001000001010100000001000001000000000000000000100000000000000001000100000100001100000000000000010100000000000100000000000000100000000000000100010000000001000001000000000000000000001000000000000010000000000000100000000100000000000000001000000001000100000000000000000000000000010000000000000000000000000000000000110000001000000000000100000000000000001000001000100010000000000001000010010000000
00000100000000000000000000000000000000000000000000000000000000000000000000000000000000000000000000000000000000000000000000000000000000000000000000000001000000000000000000000000000000000000000000000000000000000000000000000000000000000000000000000000000000000000000010000000000000000000010000000001000000000000000000000000000000000000000000000000000000000000000000000000000000000000000000000000000000000000000000000000000000000000000000000000000000000000000000000000000000
00000000000000000000000000000000000000000000000000000000000000000000000000000000000000000000000000000000000010000000000000000000000000000000000000000000000000001000000000000000000000000000000000000000000000000000000000000000000000000000000000000000000000000000000000000000100000000000000000000000000000000000000000000000010000000000000100000000000000000000000000010000100000000000000000000000000000000000000000100000000000000000000000000000000000000000000000000000000000
00000000000000000000000000000000000000000000000000000000000000000000000000001000000000000000000000000000000000000000000000000000000000000000000000000000000000000000010000010000000000000000000000000000000000010010000000000000100000000000000000000000000000000000000000000000000000000000000000000000000000001000000000000100000000000000001000000010000000010000000000000000000000000000000000000000100000000000100000000000000100000000000000010000000000000000100001010001000000
00000000010001000000000000000000000000000000000001000000000000000000000000000000000000000000000000001000000000000000000000000000011000001000000000000000000000000000000000000000000000000000000100000000000000000000100000000000000000000000000000000000000000000000000000000000000000000000000000000000000000000000000000000000001000000000000000000000000000000000000000000000010000100000000001000000000000000000000000000000000000000000000000000000000001000001000000000100000000
10000000000000000000000000000000001000000000000000000000000000000000000000000000000000000000000000000000000000000010100000000000000000000000000010000000000000000000000000000110000000000000000000001001000000000010000000010000000000000010000000000000000000000000000000000000000000000000001000000000000000000000000000000000000001000000000000001100000000000000000011000000000000000000000010001000000000000000000000100000000010000001000100000010000000001000000100000000010000
00000000000000000000000000000000000000001000000000000000000000000001000000010010000000000000000000000000000000000000000000001000000000000010000000000000000000000000000000000000000000000000000000000000000000000000000000000000000000000000000100000000000000000000000000000000000000000000000000000000000100000000000000000000000000000000000000000000000000000000000000000000000000000000000000000000000000000000000000000000000000000000000000000001000000000000000000000100000000
00000000000000000000000000010000000000001000000000000101010000000100010000000000001000010010000000100000000000100000000000000000000000000000000100000000000100010000000001100000011000000000000000100000000000000001000000000000000000000000001000100000000100001010000000000000000001000000010000000000010000000000000000000000001000000101000000000000000000000000000000010000010000000000000010000000010000000010001101010000000000000000000001000100000000001000000000000000000000
00000000000000000000000010000000000000000000000000000000000010100000001000000000000000000010000000000000000000000000100000000000000000000000000000000000000000000000000000000000000000000000000000000000000000000000000000000000000000000000000000000000000000010000000000000000000000000000000000000000000000000000000000000000000000000000000010000000000000000000000000000000000000000000000000000000000000001000000000000000000000000000000000000000000000000000000000000000000000
00000000000000000000000000000000000000000000000000100000000000000000000000000000000000000000000000000000000000000000000000000000000000000000000000000000000000000000000000000000000000000000000000000010000000000000000000000000000000010000000000000000000000000000000000000100000000000000000000000000000000000000000000010000000000000000000000000001000010000000000000010000000000000000000000000000000000000000000000000000000000000000000000000000000000000000000000000000000000
00000000000000000001000100000000000000000000000000000000000000000000000000100000100010000000000000000000110010010000010000010100000010000000000000000000000000000100000000010000000000000010000000000010000000010000000000000000000010000000000000000101010000000000001000000000000000100000000000100000000000000000000000000000000000000000000000000000010000000000000000011000000000000100000100000000000000000000000000000000000000000000000000000000000000000000000000000000000000
10000101000000000000000100000000000001000000000000010000000000000100000000000001000000000000000000000000000000000000000000000000001000000000000000000000000000100010000000000000000000000000000000000000000000000000000000000100000000000000000000000000000100100000000000000000000000000010000000000000000100000000000000000000000000000000000000000000000000000000000000000000000001000000000000000000000000000000000010010000000000000010000001000000000000000000000000000000000100
00000000100100000000000100100000001000000000000000000000000000000000010000000000010000000001000000000000110000000000000010000100000000000000000000000000000100000000100000000000000000000000001000000000100000000000000000000000000100000000000000000000001000010000100000000000000001000000000000000001000010000000000000001000000000000000000000000000000010010000000000000000000000000000000001000001000000000001001000000011000000001000000000000000000010010000000000000000000000
00000010000000000000001000000000000001000000000001000000000000000000000000000000000000000000000000010000000000000000000000000000001100000000000000000000000000000000000000000000000000000000100000000001000000000000000000000000000000000000000000000000000000000000000000000000000000000000001000000000000000000000000000000000000000100000000000000000000000000000000000000000000010000000000000000000000000000000000000000000000000000000000000000000000000000000000000000000000000
00000000000000000000000000000100000000000000000000000000000000000000000000000000000000000000000000000010000000000000000000000000000000000000000000000000000000100000000000000000000000000000000000000000000000000000000000000000000000000000000000000000000000000000000000000000000000000000000000000000000000000000000000000000000000000000000000000000000000000000000000000000000000000000000000000000000000000000000000000000000000000000000010000000000000000100000000000000000000
00000000000000000000000000000000000000000000000000000000000000000000000000000000000000000000100000000000000000000000000000000000010000000000000000000000000000000000000000000000000000000000000000000000000000000000000000000000000000000000000000000000000000000000000000000000000000000000000000010000100000001000000000000000000000000000000000000000000000000000000000000000000000000000001000000000000000000000000000000000000000000000000000000000000000000000000000000000100000
00000000000000000000000000000000000000101000000000000000000000000000000000000000000000000001100000000000000000000000001000000000000000000000000000000000001100000010100100000100000000000000010000000000000000000010001000000000000000000000000000000010000000000000000000000000000000000000000000000000000000000000000000000000000100000000010000000000000000000000000000000000000000000000001000000000000000000000001000000000000000001000010000000000001000000000000000001000100000
00000000000000000000000000000000000000000000000000000000000000000000000000000000000000000000000000000000000000000000000000000000000000000000000000000000000000000000000000000000010000000000000000000000000000000001001000000000010000000000000000000000000000000000000000000000000000000100000000000000000000100000000000000000000000000000000000000000000000000000000000000000000000000000000000000000000000000000000100000000000000000000000000000010000000000000000000000000000000
00001000000000000000001000100000000000000100000000000000000100000100100000000000000000000100000000000100000001000000010000000000000000100010000000000000000000100000100100000000000000000001100000010000000000000000000000000000000000000000000000000000000000000010000000000010000100000000000000100000010000000101000000000000000000000000000010000010000001010000000000000000000010000000101000000000100100000000000000000000000001000000000000000000000100000000000000000000010000
00000000000000000000000000000000000000000000000000000000000000000000000000000000000000000000100000000000001000000000001000000000000001000000000000000000010000000000000000000000000000000001000100000000000000000000000000000000000010000000000000100000000000000000000010100100000000100000000000100000000011000000010000000000100001000000000000000000000000000000000010000000010000000000000000100000000010010000000000000000000000101000000000010000000000000000000010011000010000
00000000000000000000100000000000100000000000000000000000111000000000001000000000000000000000000000000000000000000000000000000000000000000000000000000000000000001000000000000000000000000000000000000000100000000000000000000000000000000000000000000001000000000010100000000000000010000000000000000001000000000000000001000000000010000000000000000000000000000000000000000000000000000000000000000000000010000000000000000000000000000000000000010000000000100000000000000000000000
00000000000000000000010000000000000000000000000000000000000000000000000000000000000000001000000000000000000000100000000000000000100000000001000000000000000000000010100100000000000000000000000000000000000000000000000000000000000000000000000000000000000000000000100000000000000000000000000000000000000001000000000001000000000000000000000100000000000000000000000000000000000000000000000000000000000000001000000000000000000000000000000000000000000000000000010000000000001000
00000000000000000000001000000000010000000000000000000010000000000000000000001000000000000000000000000000000000000000000000000000000000000000000000000000000000000000001000000000000000000000000000000000000000000000000000000000000000000000000000000000001000000000000000000000000000000000000000000000000000000100000000000000000000000000000000000000000000000000000000000000000000000000100000000000000000000000000000000000000000000000000000000000000000001000001000000000000000
00000000000000000000000000000000000000000000000000000000000000000000000000000000000000000100000001000000101000001000000000000000000000000000000000000000000000000000000001000001100000000000000000000100000000000000000000000000000000000000000000000000000000000000000000000000000000000000000000000000000000000000000000000000000000000000000000000000000000010000000000100000000000000000000000000000000000000000000000001000000000000000000000000000000010000000000000000000000000
00000000000000000000000000001000000000000000000000000000100000000000000010000000000000000010001000000001000000000000000000011000000000000000000000001000000000100000000000000000000000010000000000010000100000000000000000000001000000000000000000000000000000000000000000000000000000000000000010001000000000000000000000000000000000100000000000000000000000000000000000000000000000010000010010000000000000000000000000010001000000000000000000000100000000000000000000100000000000
00000000000000000000000000000000000000000000000010000000000000000000001000000000000000001000000000000001000000000000000000100000000000000001000000000000000010100000000000000000000000000000100000001000000000000000001000001010000000000010000000000000000000000000000000000000000000000000100100000000000000000000000001000000000000000000000000100000000000000001000000100100000000001000000010001000000000001000000000000000000000100000000000000000000000000000001010000001000000
00000000000000000000000000000000000000000000010000000000000001000000000000000000000000000000000000000100000001000100010000100000000000010000000000000100100000100000001000000000010000000000000001000000000001100000000000000100000010000000000000001000010000000000000000000000000000100100000000000010010000000000000000000001000000000000000001000000000000000000000000000000000000000001000000000000000100000000000000000000000000000000000000000001000000000100000000000001000000
00000000000000000000000010100000000000001000000000000000000000000100000000000000000100000000000000000000000000000000000000000000000000000000000000000000000000000000000000000000100000000000000000000000100000000010000000000000000000000000000000000010000000000000000000000000000000000000000010000000000000000000000000000000000000000000000000000000000100000000000000000000000000000000000000000000000000000000000000000010000000000000000100001000000000000001000000000001000000
10010000000000000000000001000100000000000000001000000010000100000000000000000100000001001000100000000000000000000000000000001000000000000011100001000000001000000000000000000000011010000000100001000001000000000000000000000000000100000000010000000000100100001000001000000000000000000000000000000000000001000000000000000000000000000000000000000000000000000000010001001000000000000000000000000000000001000001000000000000000000000000000001000000000000000100010100000000000000
00000000000000000000000000000000000000000000000000000000000000000000000000000000000000000000000000000000000000000000000000010000000000000000000000000000000000000000000000000000000000000000000000000000000000000001000000000000000000000000000000000010000000000000000000000000000000000000000000000000000000000000000000000000000000000000000000000000000000000001000000000000000000100000000000000000000000000000000000000000000000000000000000000100000000000000000000000000000000
00000000000000100000000000010000000010000000000000000000000000000000000000000000000000010100000000000000000000000000100100000000000000000000000000000000000000000000000000000000000000000000000000000000000000000000000000000010000000000000000000000000001000000000000000000000000000001000000000000000000001000100000000000000000000000000000000000000000000000000000000000000000000000000000000000000000000000000000000000000000000000000000000000000000000000000000000000001000000
00000000000010000000000000000000000100000000000000000000000000000000000010000000000000000000000001000000000000000000000000010000000000000000000000000000000100000100001000000000001000000001000000000000000000000000000000000000000000000000000000000000000000000000000000000000000000001100000000000000000010000000000000000000000000000000000000000000000100000000000000000000000000000000000000000000001001000000000000000000000000100000000001000000000000000000000000000000000100
00000000000000000000000000000000000000000000000000000000000000000000000000000000000000000000000100000000000000000000000000000100001000000000000000100000000000000000000000000000000000000010000000110000000000000000001000000000001000001100000000000010000000000000000000000000000000000001100000000001000000000000000000000010000000000000000001000010000000000000000000000000000100001000000000000010000000000000000000000000000000000000000000000000000000000000000010000000000001
00000010000000000000001000000000000000101000000000000100010000000001000000000000000000000000010100000000000000000000001000000000000000001000000000000100000000000000000000000000000000001000000000000000100000000010000100001000000000000000000100001000000000000000000001000000000001000000000010000000000000000000010010000000000000000010000000000000000000100000000000000000000000000000000000000000000000000000000001000000000000100000000000000000000000000000000000000000000000
00000000000000000000000000000000000000000000000000000000000000000000000000000011000010000000001000000000010000010000000100000000000000100000000100000000000000010000000000000000000000000000000000000000000000000001000000000000000000000000010010000100000100000010001000110000000100001000000000000000000010000000000000110000000000010000000000000000000000000000000000100000000000000000100000000000000000000000000000000000010000000000000000000000000000001001101000100000000000
00010000000110010000000000001010000000000000000000001000000000000000000000000000100000010000000000000000110000000000000000000000001000000000000000000000000000000000000000000000000000000000000000000000000000001000000000000000000000000000000010001000000000010000000100000000000000000100001000000000000000000000010000010000000000000000000000000000000000000000001000000000000001000000000000100110000000000000000000000000000000001000010000000000000000000000000000000000000000
00000001000000000000000000010000000001000001000001000000000000000000000100000000000010000000100000000001000000000000010000000000000010000001000000000000000100000000000000000000000000000000000000000000000000000001000010100000000000000000000000000000100101000000000101000010110000000000000000000000101000100000000001001000000000010000000000100100000000010010001000010000000000000100010000000000000000000010100000000000000001000000000000000000000000100000000000000000000000
01000000000000000000000000000000000000000000000000000000000000000000000000000000000000000000000000000000000000000000000000000000000000000000000000000000000100000000000000000000000000000000000000000000000000000000000000000100000010000000000000000001000000000000000000000000000000001000000000010000000000000000000000000000000000000000000010000000010000000000000000000000000000000000000000000000000000000000000001000000000000000000000000000000000000000000000000000000000000
00000000000100000000000000000000000000000000000000000100000000100000000000000001000000000000000000000000000100000100000000000000000000000000000100000000000000000000000000000100100000100000000000000000001000000000000000000000000000000000000000000000000000000000000000000001000000000000000000000000001000000000010000100000000000000000000001000000000000110000000010000000000000000000000000000000000000000000000000000000000000000000000000000000000000000000000000000000000000
00000000000010000000000001000000000010010000000010000010000101000010000100000000010000000000001000000000000000001000000100000000000000000000100000000000000000000001000000000000100100000000000000000000000000000000000001001000001100000000000000100000000000100000000000000000000000000000000000000000000000000000000101000010000000000100000000000000001000000010000001000000000000000000000000000000000000000000000000010000000000000000000000000000000000000000000000010000000000
00000000000000000000000000000000000000000010000000000000000000000000000000000000000000000001000000000000100000001000001000000000000000000000000000000000000000000000000000000000000010000000000000000000000000000000000000000000000000000000000000000000000010000000000000000000000000000000000000000000000000010000000000000000000000000000000000100000100000000000000000000000000000000000000000100000000000000000000100000100000000000000000000000000000000000001000000000000000010
00000000000000000100000000000000000000000000000000000100000000000000000000000000000000100000001000001001000100000100000000001000000000000000000000010100000000000000000000000001000000000000000010000000100000000100000000000000000000001000000000000000000000000000000000000000000000000000000000010000100001000000000000100000011001000000010000001010001000000000001000000010001000000010000000000001000000000000000010000000000000000100001100000000000000001001000100000000011000
00000000000000000000000000000001000000000000000000000000000000000000010000000000100000000000000000000000000000000000000000010000000000000000000000000010000000000000000000000001000100000000000000100100000000000000100100000001010000000000011100000000100001000000000010000001100000000001000001000100000000000010000101000000000000000000000100010000000000100000000010010000000000000000100000000000100100000000000000100000000000000000000001000000000000000010010000000100000001
00000000000000000000000000000000000000000000000001000100000000000000000000000000100000000010000000000100000000000000000000000000000000000000000100100000000000000000000000000000000000000000000000000000000000000001000000000000000000000000000100001000000000000000000000000000000000000000000000000000000000000000000000000000000000100000000000000010000000000000000000010100000000000000000000000000000000000000000000000000000000000000000000000000000000000000000000000000000000
00000010000000000000000000000000000000000000000000001001000000000000000000000000000000000000001000000000000000000000000000000000000000100000000000000000000000000000000000000000000000000000000000000010000010000000000000000000000000000000000000000000000100001000000000000000000000000000000000000000000000000000000000000000000000001000000000000000000000000100001000000000000000000000000000000000000000000000000000000001010000000000000000000000000000000010000011000000000000
00001000000010000000000000000000000000011000000000000000000000100000000000000010000000000000000000000000000010000000001000000000000000000010000100000000100000000000000000000000000000000000000010000000000001000010000000000000110010001000000000000000000001100000000000000000000000000000000001000100000010000000000000000000000000001000000000000001000000100000000001000100000100000000100000010000000000000000000000000000010000000000000000000100010000000100000100000000000100
00000000000000000000000000000000000000000000000000000000000000000000000000000000000010010000000000000100000000000000000000000000000000000000000000000000001000000000010000000000000000000000000000000000000000000000000000000000000000001000000000000000000000000000000000000000000000000000000000000000000000000000000000000000000000000000000000000000000000000000000000000000000000000000000000000000001100000000000000000000000000000000000000000000000000000001000000000000000000
00000000000000000000000000000000000000000000000100000000000000000000000000000000000100000000000000000000000000000000000000000000000000000000000000000000000000000000000000000000000000000000000000000000000000000000000000000000000000000010100000010000000000000100000000000000000000000000000000000000000000000001000000000000000000000000000000000000000000000000000000000000000000100000000000000000000000000000000000000000000000000000000000000000000000000000000000000000000000
00001001000000010000000010010000000000010100100000000000000000000000000000000000000100000000010000000000000000010000000000000000000000010000000000000000001000000000000000000000000000000000000000000000000100000000000000000000000000000000000000000000001000000000000100100000000001000000000000000000000000000000000000000000000000000000000000001000000000000000000000000000000000000000000000000000000000000000000000001000000000000000000000001000000000000000000001001000000000
00001000000000000000010000000000000000000000000000000000000100000000000000100000000000000010000000000000000000100000000000000010000010000000000000100000000000000000010000000000001000000000000000000000000000000100100000000000000100000000000000000000000000000000000010001010000001001100000100000000000100000000000000100000010000100010010100000000000000000001000000000000000101000000000011010010000000000000100000000000000000000010000010000000000000000000000110000000000000
00000000100000000000000000010000000000000000000000000000100000000100010000100000000000000000000100000000000000000000000000001000000000000000000000000000100000000100000001000000000000010001000010000001100000000000000000000000000000000000000000000000000000000010000000000000000000001000000000000000000000000000100000000000000100000010000100100000000000000001001000100000000000000010000000001000000000000000000010000000000000000000000000000000000000000010000000000000011000
00000000010000000100000000000000000000101000000000000000000000010000000000000000010000000000000001000000000000000000000000000010100000000000000000000000000000000001000000000000000000000000000000000000000010000000000000000100000000001000000000000000000000000000001000011000000000000000100000000000000000000000101000000000000100000000000000000000000000000000000000000000000000000000010000000000000000000000000000000000000000000001001000000000000000000001000000000000000000
00000000000000000000000000000000000000000000000000000000000000000000000000000000000000001000100000000000000000000000000000000000000000000000000000000000000000000000000000000000000000000000000000000000000000000000001000000000000000000000000000000000000000000000000000000000000010000000000000000000000100100001000000000000000000000000000000000000000000000000000000000000000000000000000000000000010000000000000000000000000000000000000000000000000000000000000000000000000000
00000000100000001000000000000000000000100000000001000000000000000100000000000000000000000000000000000100000000000001001100000000000010000000000000000000000000000000000000000000000000000001000000000000000000000000001000001000000000000000000000000000000000000000000010010000000000100000000001000000000000000000000000000001000001000000000000000000000000000001000000000000010001010000000000000000000001001000000000000000000000000000000000000000000000000000000100010010000000
00000000000000000000000000001000000000000000000000000000000000000010000000000000000000000000000000000000000000000000000001000000000000000000000000000000000100000000001000000000000000000000000000000010000000000000001000000000001000000000000010000000000001000000000000000000000000000000000000000001000000000010000001100000000000000000000000010000000000000000000000000000000000000000100000000000000000000000000100000001000010000000010000000000000000001000000001000000000100
00000000001000000000000000000110001000000000000000000000000000000010000000000000000000000001000000000001001100000000000000001000000000000000001000000000000000100100000000000000001000000000000000000100000000000000010000000001000001001000000000000000000000000000000000000000100000000000100110000000000000000000000000000000000000000000000000000100000000100000000000000000000000000000000000000000000000000000000000000000001110000000000000000000000000000000000000001000000000
01000000000000000000001000000000000000000000000000000000000010110000001000000000000000000000010000001000100000010000001000000000000001000000011000010000000000000000010000000000010000010000100100000000010000000100000000000000000000001000000000000000000000000000000000000100010000110000001000000000100000000000110100001000000000000100000000000000000000100000000000010000010001000000000000100000000000000000000000000000000001001010001100000000101000000000000000100000000000
00000000010010100100000000000000101000000000000000000000000100010000100000000000000001000000000000000000000000000000000000000000000000000100000000000000001000000000100000000000000010000000100010000000000000000000000000000100000000000000000010100000100000000000100000010000000000001000000000001000000000000000000101000000000000000001000000000000000000000001010000000000000000000010000100000100000100100000001000000000000010000000000000010000000000010001100000000000000000
10000000000000000011000000000001000000000000011000000000000000000001000000000001000000000010000000000000000001001000001000000000010000000000000000000000100000000000000001000001000000000100000000000000000000000000000010000010000000000000001000000110000000000000000000000000001000000000000010001000000000010000101000000011100001000000010000000000010000000001010000000000000000000000000000000101001000000000000000000011000000000000000000010010100000000000010000000000000000
00000000000000000000000100000000000000010000000000000000000000000000000000000000000000000000000000000000000000000000000000000000000000000000000000000000000000000000000000000000000000000000000000000000000000000000000000000000000001000000000000000000000000000000000000000000000001000000000000100000000000000000000010000000010000000000000000000000000000000000000000000000000000000000000000000000000000000000000000000000010000000000000010000000000000000000000000000000000000
00000000000010000100000000000000000000000000000000000000000001000001000100000001000000000000000000000000000000000000000000000000000000001000000000000000000000000000000000000000000000000000000000000000000000000000000100000000000000000000110000000000000000000010000100000000000000000000000000000000000001000000000010000000000000000000000000000000000000000000000000000000000000000000000000000000000000000000000000000100000000000000000000000000000000000000000000000000000000
00010010000010000000000000000000100000000000001000000010000000000000100000000000000000010000000000000100000000001000000000000000010000100000000001000000000000000000000010000000000000000000010000000000000101000000001001010000000000000000000010010000000010000001010000000000000000000001000000000000000000010000000000000000000100000000000001100000000000010000000000000000000000000000000000000000000010000110000000000000000000001000000000000001000000001000100000100000000000
00000000000000100000000000000000000000000000000000000000000000000000000000000000000000000000000000000000001000000000000000000000000000100100001000000000000000000000000000000000000000000000000000000000000000000000001000001000000000000010001000000010000010000000000000000100000000000010000000000000100000000100001000001000000000000000000001000000000000000000000000000000000000010000100000000000000010000000001000000000000000000000000000000000000100000000100100000000000000
00000000000000000001000000000000001000000010000000000000000000000000000100000000000000010000000000000000001000000000000000100000001000100000000000000000000000000010000000000000000000000000000000100001000000000000000000000000000000000000000000000100000000000000000000000000000000000000000000000000011000000000000010000000000010000000000000000000000000000010000000001000100000000000000000000000000000000000000000000000000000000001000000000000000000000000000000000000000000
00000000000000000000000000000000001000000000000000000000000000000000000000000000000000000000000000000000000000000000010000000000000000000000000000000000000000000000100000010000000000001000000000000000000000000000000010000000000000000100000000000000000000000000000000000000000000000000000000000000000000000000100000000000000000000000000000000000000000000000000000000100000000000000100000001100000000100000000000000000000000001000000000000000000000000000000000000000000000
00000000000000000000000000000000000000100000000000100000000001000000000000000000000000000000000000000000000000000000000000000000000000000000000000000000000000000000000000000001000000000000000010100000000000000000001000000000000000000001000000000000000000000000000000000000000000000000000000000000000000000010000000000000000000000000000000000000000000000000100000000000000000000100000001000000000000000000000001000000000000000000000000001000000000100000000000000000000001
00000000000010010000000000000000000000000000000000000000000000000000000000000000000000000000000000000000000000000000000000000000000000000000000000000000000000001000000000000000000000000000000000000000000000000000000000000000000000000000000000000000000000000000000000000000000000000000000000000000000000000000000000000000000000000000000000000000000000000001000000000000000000100000000000000000000000000000000000000000000000000010000001000000000000000000000000000000000010
00000000000010100000000000000000000000000000000000100000010000000000010000000000000000000000000000001000000000000000110000000010000010000000000000000000000000000001000000001000000000010000000000000000000000000000000010001010000001001000000100000000000010110000000000000000000000000000000000000000000000000001000000001101100000000000000100000000000000000000001000000000000000000000000000000000000000000000000000000000000000000000000000000100000000000000000000000000000000
00000000000000000000000000000000000000000000000000000000000000100000000000001000001000000000001000100000100000001000000000000000100000000000000000000010000000001000000001000001000000001000000000000000000000000001000000100000000000001000000000000000000000000010000000001000000000000000000000000010000010000000010000001000000000000000000000000000000000000010101000000010000000000000000000100000001000000000000000000000000000000000000000101011000000000000000000100000001000
00000000000000000100000000000000010000000000000000000000000000010000000000000000000000000000000000000000000000000000000000000000000000000000000000000000100000000010000000000000000000000000000000000010000000000000000000000000000000000000000000000000000000000000000000000000000000000000000000000001000000000000000000000100000000000000000000100010000000000000000001000000000000000000000000000000000000000000000000000100000000000000000000001000000000000000000000000000000000
