00000000000000000000000010000000000000000000000000000000100000000000001000000000000100000000000000000000000000100001000010000000000000000000
00000000000000000000000000000000000000000000110000000000000000000010000100000000000000000000000000000000000000000000000010000000000000000000
00000000000000000000001000001000000000000000000000001000000000010100000000000000000000000000100000000000100001000000010000000000000000000000
00001000000000000000000000000000000000000000000000000000000010000000000000000000000000000000000000000000000000000000000000000000000000000000
00000000000000000000000000000000000000000000000000000000000010000000000010000000000000000010000010000000000010000000000000000000000000000010
00000000000000001000000000000000000000000000000000000000000000000000000000000000001000000000100000000000000000000000010011100000000000010000
01000010000000100000000000000000000000000000000000000000000000001010100010000001000000000000000000000010000000010000010000000000000001000000
00000000000000000000000000000000000000000000000000000001000000000000000000001000000010000000000000000001000000000000000000000000000000000000
00000000000000000000000000100000000000000000000000000000000000000000000001000000000010001010000000000000000010100000000000100000000110110000
00010000000000000000000101100000000000000000000000000000000010000000000000000000000000000000000000000000010000000000000000000000000000000101
00000000000000000000000000000000000000000000000000000000000000000000000000000000000100000000000001000000000010000000000000000000000000000000
00000000000001000000000010000000000000000000000000100000000000000000000000000000000000000000000000011000000100000000000100010000000000000000
01000000000000010000000000000000000000000000001000000000000000000000001000000000000010000000000001000100000000000001000000000000000000000000
00000000000000000000000000000000000000000000000000000000010000000000000100000000000000001000001000100000000000000000100000001000000000000000
00000000000000000000000000000000000000000000000000000000000000000000000100000000000000000000000000000000000000000000000000000000000000010000
00000000000000000000000000000000000001000000000000000010000000000000000000000000000000000000000000000000000000000000000000000000000000010000
00000000000000000000000000100000010000000000000000000001000000000000000000000000001000000000000000000000010000000000000000000000000000000000
00000000001000000000000000100000001000011000000000000010000000000000000000000000000000000010011000000000000000000000000000000000000000000000
00110000000001000010000000000000100000010000001000001000000000000000000001110000001000000000000001000000000000000000000000100000000000000000
00000000000000000000000001000000100010001001000000100010000010000000000000000000000001000000010010000000000100100000000000000000000000000000
00000000000000000000000000000000000000100000000000000000000000000000000000000000000000000000000000000000000000000000001000000000000000000000
00000010000010000000000000000000000000000000000000000000010001000000000000000000000000000000000000100000000000001000001000010000000000000000
00000000000000000000000000001000000000000000000000000000000000000000000000000000000000000000000000000000000010000000000000000000000000000000
00000000010000000100001000000000000000000000010100000000000000000010000000100000000000000000001000000000010000100010000000000100000110000000
00000000000000000000000000000000000000000000000000000000000000000000000000000000000010000000000000000000000000000000000000000000001000000000
00000000000000000000000000000000000000000000000000000000000000000000000001000000000000001000000000000000000000000000000000000000100000000000
00000000000000000000000000001000000000000000000010000000000000000100001001000001100000000000000000000010000000000100001000000000000000000000
00000001000000000000000000000000000000000000000000000000000000000010000000000000000000000000000000101000000010000000000000000000010000000000
00001101000000000001000000000000000001001000000100000000100000000000000000100000000100000101000000000100000001000000000000000000000000000000
00010000000100000000000000000010000000000000000100000000000000000000000110000001000000000000000000010000010010000000000000000000000001100000
00000000000000100000000000000000000000010000000000000000001000000000000000000000000000000000000000000000000000001000000000000000000000100000
00000000000000000000000000000000010000000000000010100010100010000000010000000000000000001000000000000000000000000000000000000000000000001000
00000101000000000100000000010000000000000000000000000000000010000010000000001000000000000000000000001000000000100001000000000000000000000000
00000000000001000000000000000000000000000000000000000000000000000000000000000000000000000000000000000000000000000000000000100000000000000000
00000000000000000000000000000000010000000000000000000000000000000000000000000000000000000000000010000000000000000000000000010000000000000000
00000000000000000000010000000000100000000011000000000000000000000000010000000000000000000000000000000000000000000000000000000000000100011010
00000000000001010011000001000000000000100000000000010000000000000100001000000000000000000000000000000000000000000000000000000000000000000010
00000000000000000000000000000010000000001000000000000000000000000000000000000000000000000000000100000000000000000000000000001000100000000010
00000000000000000000000000001100000100000000000000000001000000000000000000000000000000000000000000000000000000000000000000000000000000000000
00000000000000000000000000000000000001000001000000000000000100000000000000000000000000000000000000000000000000001000000000000000000000001010
00000001000000010000000000100000000000000000100001110000000000000000000000000000000000000000000000000000000100000000000000000000000000000000
00000000000000000000000000000000000001000000000100000000100000000000000000000000100000000000000000000000000000000001000000001110100000000000
00000000000001000000000000000000000010000100100000000000000000000000001000000000000000110000000000000000000000000001000000000000000100000000
00000000100000000000000000010000000000000000000000000000000000000000000110000000000000000000000000001000000000000000110000000100000000000100
00000000000000001000000000000100000000000000000100000010000000000000110000000000100000000000010000000000000000000000000000100000000000010000
00000000000000010000000000000000000000000000000000000000000000000000000000000000000000000001100000000000000000000000000000000000000000000000
00100110000000000000000000001000001000000000000000001000000000000001001000000100000000000010000001000000000000000010000000000010000000000000
00000000000000100000000000000000000000000010000000000000000000000000000000000000000010000000000000000000000000000000000010010000000000000000
00000000000000000000000000010000000000000001000000000000000000000000000000000000000010000000000000000000000000000000000000000000000000000000
00000000000000000000000000000100000000000000000001000000000000000000000000000000000000000000000000010000000010000000000010000000100001000000
00000000000000010000000000000001000000000100000000000001000000000000000000000000000000000000000000000000000000000000000000000000000000000000
00001100000000000000000000000000000000000000001000000000000000100000000000010000000100000000100000000000000010001000000000000100000000000100
00000001000000000000000000000000000000010000000000000000000000000000000000000000000100000000000000000000000000000000000000000000000000000000
10000000000001010000000000000000000000000100000000000000010000000001000000100000000000000010000000000100000000000000000000010000000000000000
00000000000000000000100000001010100000000000000000000001000000001000000000010000100010000000000001000000000000000001000000000000000010001000
00010010000001000100000010000000010000000000000000010000000000000000000010000000001000000000000100000000000000000000000000000000001000000000
00000000000000000000000001000000000000000000000000000000000000000000000000000000000010000000000000000000000000000000000000000001000000000000
00000000000000000000001000000000000000000000000000000000000000000000000000000000000000000000000000000000000000000000000011000000000000000000
00000000000000000100000000000010000000000000000001000000000000000000000100000001000000010110000001010000000000000000000000000000000000001001
00100100000000000000100010000000000000000000100000000000000000000000001000000000000000000001001000000000000000000000100000000000100000000000
00000000000000100000000000000000000010000100000000010000000000010000000000000000000000000000000010000000000000110000000000000100000000000001
00000000000000000100000010000000000000000000000001000100000000000000000000000000000000000000000000000000000000010100100000000000000010010010
00001000000000000000000010000000000000001001000000001000000000001000000000000000000010000000000000000000000000001000000000000000000000000000
00000000000000000000000000000000000000100001000000000000000000000100000000000000000000000000000100000001000000000000000000000000100000000000
00000000000000000000000000000000000000000100000000000000000000000000100100000000000000000000000000000000000000000000000000000000000000000000
00000000000000000000010100000000000000000100000001011000000000000000000000000000100000000100000000000010000000000010000001000000000000000000
00000000000010000000001000000000000000000000000000000000000100100000000000000000000000000000000000000000000000000000000001000000000000000010
00000000000000000000000000000000000000000000000000000000000000000000000010000000000000000000000000001000000000000000000000010000000000000100
00000000000000000000000000000000000000000000000000000000000000000000000000000000000000000000000000000000010000000010000000000000000000010000
00000000000000001000000000000000000000000100000000001010000000000000000000000000000000000000000000000000000001000000010000000000000000001000
00000000000000100000000000001000000000000000000000000010000000000000000100000000000101000000000000000000010000000000000000000000000010100000
00010000101000000000000000000000000100000000100000000001000001000001000000000000000100000000000000000000010000000000010000000000000000000000
00000000000000000100000000000001000000000000000000000000000000000100000000000000000000000100000000000010000000000000000010000000000000010000
00000000000000000000000000000000000000000000000000000000000000000000000000000001000000000000000000000000000000000000000000000000000000001000
00000000001000000010000010000000000000000001001000000000000000000110000000000001100000100001000000000100000000000000000000000000000000000110
00000000000000000000000000001000000000000000010000000000000000000001000000000000000000000010000000000000010000100100000000000000000000000000
00000000000000000000000000000000000000000000000001000000000000000000000000000000000000001000000001000000000000000000000000000000000000000000
00000000000000000000000100000010000000000010000000000000001000000000000000100000000000000000000000000000001000010001000000000000000000100000
00000000000000110001000000001000000000100000000000000101000001000000000000000000000000000000000000001000000010100010000000000000000000000000
00000000000000011000000000000000000001100000000000000000000000100000000000000000010000010000000100010000000000001000010000000000000000000000
00000001000000000000000000000100000000001000000001000000000001000000000010000000000010000000010000000000000000000000000000000000001000000000
00000000000000000100000000000001000000000100000000000000000000000000000000000000100000000000000000000000000000000000000000000000000000000001
00000000000110000000000000000000000000000001000010001000000000000000000000000000000000000000000000000000000000000000000000000000000000000000
00000000000000000010000000001010000000010000010000000000000000000000000000000000001000000000000000000000000100100000001000000000000000000000
00000010001000000001000000000000000100000001000000000000000010000000000010000000110000000000000000001000000000000000001000000000001000000010
00100000000000000000000000000000000000100000000000001000000000000000000000000000000000010000000000000011000000000000000100010000000000000000
00000000000100000001000000000100000000000000000000000000000000010000000000000000000000000000100000000100000010000000000000000000001000000000
00000000000000000000010000000000000000000010000000000000000000000000000000000000101100000000000000001100000000100000000000000000000010010000
00000000000000010000000100001100000000000000000001000000000010010000000000000000100000000000000000001000000010000000000100000000000000000000
00000000000000000001000000000000000000000000000000000101000000000000000000000000000000000000000001000000000000000000000010000000000000000000
00010000000000010100000000010000000001000000001000000010000000000000000000001000000000000010000000000000000000000010000000000000100100100100
00000100000000000000000000000000000000000010000000100100000000010100000000000000000000001000000000000010000000001000100000010001000000000000
00000000000000000000000000000000000000000000000000100000000000000000000000000000000000000000000000000000000001000000000000001000000000000000
00000000000000000000000000000000000000000000000000010000000000000000000000000000000000100000000000000100000000000011000000000000000000000000
00000000000000100000000000000000000100000000010000000000000000000000000000000000000000000000000001000000000010000001000000001000000000000000
10010010000000000000000000000000010000000000001000000100000000010000000000000001000000000000000100000000000001001000000000000000000000000000
00001000000000000000000000000000000000000100000000000000000000000000000000000000000000000000000000000000000000000000000000000000000000000000
00000001000000000000000000000000000000000000000000000101000000000000000000000000000000000100000000000000000000000000000000000000100000000000
00000000010000001000000000000010000010000000010000000000000000000000000000000000000000000000000000000010010100001000000100000000000000001000
00000000000000000000000000000000000000010000100000000000000000000000000000100000000000000000010000000000000000000000010000000000000000000000
