00000000000000000000000000000000000000000010000000000000000000000000000000100000100000000001000000000000000000000000000000000000000000000000000000001000100000110000100100000000000000001000000000000000000000000000000000000000000100000100000000000000000000000000
00000000001000000000000000000000000100000000000000000000000000000000000000000000000000000000000000100100000000000001000000100000000000000001100000001000000000000000100000000010000000000010000000000000000000000100000000000000000000000000000000000000000000000000
00000000000000000000000000000000000000010000000100000000010000000000000000000000000000000000000000000100000000000000000000100000000000000000010000000000000000000000000000000000000000000000000000000001000000100000000000000000000000000000000000000010000000000000
00000000000000000000000000000000000000000000000000000000000000000000000000000000000000000000001000000000000000000000000000000000000000010000000000000000000000000000000000000100000000000000001000010000000000001000000001000000000000000010000000000000000001001000
01000000000000000000000000000001000000000100100000000000001000000000000000000100100101000000000000100000000000000010000000000000010000000000000000100000000000000000000000000000100000000000000000000000001000000000000000000010100000000000000000000001000011000000
00000000000100000010010010000000000101010000000000000000000001000000000001000000000000000000000000000000100001000000000000001000000000000000000000000000001000000000100000000000100000000000000000000000000000001000000000000000010000000000000000000000000000000000
00000000000000000100000001001000000000000000000000000000000000000000100000000000000000000000000000000000000000000000000010000000000000100000000000000000000000000000000000000000001010000000000001100000000000000000000000110000000000100000000000001000000000000000
00000000100000000000000000000000000000000000000000000000000000000000000000000001000000000000000000010000000000000000000000000000000000000000000000000000010000000000000000000000000000000000000000000000000000000000000000010000100000000000000000000000100000000000
01000000000000000000000000000000000000000000000000000000000000000000000000000000010000000101000000000000000000000000001000000000000000000000000000000000000010000000000000000100000000000000000110000000000000100000000000100000100000000000000000000100000000100001
00000000000000000000000000000000000000000000000000000000000000000000000000000000000000000000000000000000000000000000000000000000000000000000000000000000000000000000000000000000000001000000000000000000000000000000000000010000000000000000000010000000000000000000
01100000000000000000000000100000000000000010010000000000000000000000000000000000000000000000000000000100010000000000001001000000000000000000000010000000000000000000000000000000000000110000010000000000000000000000000000000000000000000000000000000000001000000000
00000000000000000000000000000000000000000000000000000000000100000000000000000000000000000000000000000000000000100100000000000001000000000000000000000000000000000000000010000000000010000000000000000000000000000000000000000000000000000000000000000000001000000100
00000000000000010010000000000000000000000000000000000000000000000000000000000000000000000000000000000000000000000000000000000000000000000000000000000000000000000000000000100000000000000000000000000000000000000000000000000000000000000000010000000000000000000000
00011000000000000000000000100000000000000100000000000000000010000000000000000000000000000000010000000010000000000001001000000000000000000011000000000000010000001010000000000000000011010000000000100000000000001010010010000000000000000000000000000000001000000000
00000000000000000000100000000000000000000000010000000000000000001000100000000100000000000000101000000000000000000000000000000000100100000010010000000000010000000000000010000000000000100000000000100000100000000010010100000000000100000000000000000000000000000000
00000000000000100000000001000000000000000100000000000000000000000000000000000100000000101010000000010000000000001000000000000001000000100000000000000100000000000010001000000000000000001010001000100001000000000100000000100000000000000000000000000000000000100000
00000000000000000000000000000000000000000000000010000000010000000000010000000000000000100000000000000000010000010000000100000000000000000000000001000000000000000000000000000100000000010000001000000000000100000010000000000000000000000000000000000010000000000000
00000000000010000000000000000000000000000000000000000010010000000000000000000000000010000000000000000000000000000000000000000000000000000000000010100000001100000000000000000001100000000000000010000000000000000010000000000000000000000000001100000000000000000000
00000000000000000000000000000000000000000000000000000001000000000000000000000000000000000100000000000000000000000000001000000000100000000000000000000000000000000000000000001000000000100000000000000000000000000000000000000000000000001000000000100000000000000000
00010000000001001000000000000000000000100000000100000000000000000001000010000001000000001000000001000001001000001000000010000001100000000100001000000000100000000000000000000000000000000000000000000001000000000001000010000000000001000010000000000010000000000000
00010000000000000010000100000000000000000000010000000100101000000000000000001000000010000000001000000000000000000000000000000000000000000000000001000000000000011000000000000001000000000000000000000000000000000000000000001000000001000000000000001000000001000001
00000000000000000000000000000001000000000000001000000000000010000000000000000001001000000011000000000000000000000000000000000000000000000000000000000000100000000000000000000000000000001000001000000000000000001000000110010000000010000000100000000000000000010000
00000000000100000000000000001000100001000000000000000000000000000000000001000000000000000000000000000000000001001000001010000100000001000010000000000100000000000000000000000000100000011000000010100000100100000000100000000000100000000000001010000000000000000100
00000000000000000000000000000000000000000000000000000000000000010000000000000010000000010000000000000000000000000000000010000000000000000000000000000000000000000000000010000000000000000100000000010000001000010000001000100000000000000000100000000100000000000010
00000000001000000000000000000000000000000100000000100000000000000000000000100100000001000000000000000000010000000000000001000000000010000000100010000000000000000000000000000000000100000000000000000000000000000000000000000000000001000000000000000001111000001000
00000000100000000000100000000000000000000000000000000000000000000000000000000000000010000000001000000000010000000000000000000000010010000100000000010000010000000000000000000000000000000000000000000000000000000000000000000000000000000000000000001000001000000000
00000001000000000000000000000000000010000000000000000000000000000000000010000000000000000000000000000000000000000000000000000000000000000000000000000000000000000000000000000000000000000000000000000000000000000000000000000000000000000000000000000000000000000000
00100000000000000000000000000000000000001000001000000010000000000000000000000000000010000000000100000000000000000100000000000000000000000000000000000000000000000000000000000000000000000000000000000000000000001000000000000000000000000001000000010000000000100000
00100000000000001001000100000000000000000000000000000000000000000000000001100000000000000010000000000000000000000000000000000000000001100000000000000000010000000100000000100000001000000000010010000000000000000000000000000000000000000000001000000000000000000000
00000000000000000000000000100000000010000000001000000000000000001000001000100000000000000000000000000000000000000000000000000000000000000001000000000000000000000000000000000000000000000000000000000000000000000000000000000000000000000000000000000001000000000000
00000010000000010000000000000000000000000000000010000000001000000000000000000000000000000001000000000000000000000000000000000000000000000000000000000000000000000000000000000000000000000000000000000000010100100000000000000010000000000010000000010000000000000000
00000000000000000000000000000000000000001000000000000010000000000000010100010000001000000000000010000000000000000000000100000000000000000000000000000000100000000000000000000000000000000000000000000000000000000000000100000000000000000000000000000000000000000000
00000000000000000000000000000000000100000000000000000000000000000000000000000000000000000000000000000000000000000100001011000000000000001000000001000000000000000000000000010000000000000000000100000100000001000010000000000000000000010000000000000000000000000000
00000000000000000000000000000000000000000000000000000000000000000001000001000000010000000000000000000000000000000000000000010000100000000101000000000001100000000100001000000000000000000001000100000000000000000000000000000001000000000001000000000100000000001001
10000001000000000000010001000000000000000000000000000000000000000010000000000001010000000000000000000000000010000000000100000000000000000000000000001001000000100000000100000000000000010100000100000000000000000010000000100000000100000000000000000100010000010000
00010000010000000000000000000000010010010000000000000000000000000010000000000000000000000000000000000000001000000000001000000000000000000000000000000000000000000000000000000000000010001010000000000000000000000000000010000000000001000000000000000000010000000100
00000001000000000000000000000000000000000000000000000100010000000000000000000000000010000000110000001000000000110000100000000000000000000000010000000000000010000100000000010000000001001000000000000011000000000000000000000010000000000001000100100000000000001000
00000000000000000000000001010000000000000100001000000000110000000000000000000001000000000000000000000000000000000000000110000000100001000000000010000000000000100000010000000000000001000001000100000000000100001000000001000100000000000000000010000000001010000000
00000100010001000010100000000010000000000001000010000000000100000001000000000000000000000001000000000000100100000000000010010000000000000000000000000010000000000000000000000000000010000010000010000000000000100000100000000000001000000000100000000000000001000100
01010000000010000000000000000100000000000000010000000010000001000000100000000000100000000000100000000000000000000010000000000000001000000000000000000000000000000000000000000000000000000000000000000001000000000000001000000000000000000010000000000000000010000000
00000001000000000100110000000000000001000000000001000110000000000000000010000000000000100000000100000000000000000000100100100000000000000000001001000000000000000000000000000000000000000000000001000010000000000000000000000100010000000000001000001000001001000000
00000000000000000000000000100000000000000000000000000000001000000000000000000000000000000001000000000000000000000000000000000000000000000000000000000000000000000000000000000000000000010000000000000000000100000000000100000000000000000000000000010000000000000000
01000000000000000000000000000000000000000000000000000000000000000000000000000000000000000000000000000000000000000100000000000000000101000000000000000000000000010000000000000000010000000010101000001000000000000000000000001100000000000000000000100000000000000000
00000000000000000000000000000000000000000000000000000000000000000000000000000000000000000000000000000000100000000000000000000000101000000000000000000000000000000000000000000000000000000000000000000000000000000000000000000000000000000000000000000000000000000000
00000000000000000000000000000000000000000000000000010000010001000000000000000000000000000000000000000000000001000000000000000000000000000000000000000000000000001000000000000000000000000000000000000000000000000000000000010000000000000000000000000000000001000000
00000000000100000000000000000000000000000000000000000000000000000000000000000000000000000000000000010000000000000000000000000000001000000000000010000000001000000000000010000000000000000000000000001000000100000000000000000000000000000000001000000000000000000000
00000000000001000001000000000000000100001000000000000101000000000000000000000000000000010000000000000000000000000000001000000000000000000000000000000000000000000000000000010000010001000000000001000000000010000000000000000000000000000010000000001000000000000000
00000000000000000000000000000000010000010000110000011000000000000000000000100000001000000000000000000100100000000000001000000000000010010000000000000000100000000010000010000000000101000000000000000000001000100000000000000001000000000100000000000000000001000000
00000000000000000000000000000000000000011000000000000000000000000000001010001000000000000000000100000000000000001000000000000000000100000000001000000000000000000000000000000000000000000010000000000000000000000000000000000000000000000000000000001000100100000000
00000000000000000000000000000000000010000000000000000000000000000000000000000000000000000000000000000001000000000000000000000000000000000000110000001000000000000000000000000000000000000000000000000000000000000000000000000000000000000000000000000000000000000000
00000000000000000000000000000000000000001000000001000000000000000000000000000000001100000000000000010100000001000000000000000000000100000000001000000000000000000010000000000000000000101000000000000000010000000000000000000000000010000001000001000000001000000010
01000000000000000000000010000000000000000000000000000000000000000000000000000001000000010000000000000000000000000001000000000000001001000100001000001000000000000010000001000000000000000000000000000000000000000000000000100000000000000000000000000000000100000000
10000000000000000000000001000000000000010000010000000000001000001000000000000100010000000000000010000000100101000000000000000000000000000100000100000010000000000000000100010000000000000000000000000000000000001000000000000000000000000100000001100000000000000000
00000000000000000000010000000000000000000000100000000000000000000000001001000011000000000000010000001000000000000000100000000000000001000000100000000100000000000000001000000000000000000000000000100000000001000000100001000100000000000000000000001000000000100000
00100000000010000000000000000000000000000000000100011000000000000000000010000000000000000000000000000000000000000000000100000000000000000100100000000000000000000000000000000000000000000000000000000000000000000100000011000000000000000000000100000000000000000000
10000000010000000000000000000000000000000000011000000010000100000000010000000000000000000000000000000000000100000000000000000000000000000000000000000000000000000000000000000000000000000001100100000000001000000000010000000000000000011000001000100000000001100000
00000000000000001000000000000000000001000000000000000001000000000000100000000000000000000000000000000000000000000000000000000000001000000000000000100001000000000001000000000000000000010000000101000000100100000000000000000000000000000000100000000000000000001000
00000000000000000000000000000000000000000000000000000000000000000100000000101010000000000000000100000000000000000000000000000000000000000000000000000000000000000000000000000000010000000100000001000000000000000000000000000001000000001000000000000000000000000000
00000000000000000000000000000000000000000100000000000000000000000000000000000000000000000000001000000000000000000000000001000010000000000000000000000000000000000000000000000000000000000000000000000000000000000000000000000000000000000000000000000000000000000000
10000001000000001000000010000000000001100000010000100100100000001000000001000001000000001000000000000000000001000000000000000000000000000000000001010000000100000001000000000000000000000100000000000000000000000000000010000000000000100001100000000010000000000000
00011000000001000000000000000000000000000000000000000001000000001000000000000000000000000001000001100000000000000000000100010000001000000000000000000100000000000000100001000000100000000000000000000000101000000000000000000000000000000000000000000001000001000000
00000000000000000000000000000001100000010000000000000000000000000000001000000000000000000000010000000000000011000000000000000010000000000000000000000000000000000000000000000000000000010000000000000000100000000000100000000001000000000000000000000000000000000000
00000000000000000010000000000000000000000000000000000000000000000000001000000000000000000000000000000000000000000001000000000001000000100000000000000000000000000000000000000000000000000000000001000000000000000000000000000000000000000000000000000000000000000000
00000000000000000000000000010000000000000000000000000100100000000000000000010000100100000000000000000000000000000000000000000000000000000000000001101000000000000000000000000000010000010000000010000000000001000000000000010100000000000001000001000000000001000000
00000000010000000000000000000000000000000000000000001000000000010000000000000000000000000000000000000000000000000000000000000000000000000000000000000000000000000000000000000100000000000000000000000000000000000000000000000000000000001000000000000000000000000000
00000000000000000000010000000000000000000000000000000000000000000000000000000000000000000000000000000000000000000000000000000000000000000000000000000000000000100000000000000000000000000000000000000000000000100000000000000000000000000000000000000000000000000000
00000100000000000100000000000000000100000000000000100000000001000000000000000000000000000000010000000000000000000010100000000000000000001000011000010001010000000000010000000010000000000010000000000000000010000000000100000000000000000000000000000000100000000010
00000000100000000000000000000000000000000000000000000000000000000000000000000000000000000010000000000000000000000000000000000000000000000000000000000000000000100000000000000000000000000000001000000000000000000000000000000000000000000000000000000000000000100000
10001000000010000110000011000000001000010000000000000000000110000000000000000000010000000000001000000100000000010100000000000000000100000000000000100000000000000100000010000000000010000000000000000000001000010000001000000000000000000001000000000000000000000000
00000000100000000000000000000000100000000000000000000010000010100000000000000000000000100000000000000000000000010000000000100010000000000000001000000000000000000010000000000000000100000000000000000000100000100000000000000000000001000000010000000000000000000101
00000001000000000000000001000000000010010000000000000000000000010000000000001000000000000000000000010000000100000000000110000100000000000000000000100010001000000000000000001111001010000100000000000000010000000000000000000010000000001010010000000000000000000000
00010000000000001000000000000010100000001000000001100000000000000000000000000000100000000000001000000000000000000000010000000000000000000000000000000000001000010000000100001000000000000010000000000000000000100000000100000000000000000000000000000000000110000000
00000000000000000000000000000000000000000000000000000000000000001000000000000000000000000000000000000000000000100000000000000000000000010000000000000000000000000000000000000000000000000000000000000000000000000000000000000000000000000000000000000000000000000001
00100000000000000000000000001010000010000000010000000000000000000000000000001000000000000000000000000000000000000000000000000000000010000000000000000000000000000000001000000000001001000000100000100000000000000000000000000000000000000000001010000000000000000000
00001000000001000000000000000000000000001000000000000000000100000000000000000000000000000000000000010000000100000000000000000001000000000000000000000000000000000000000000000110000000000000100000100000000000001000010000000000000000000001000000000000000000000000
00000000000000000000000000000000000000000000000000000000000000000000000000000000000000000000000000000000000000000000000000000000000000000000000000000000000000000000000000000000000000000000001000000000000000000010000000000000000010000000000000000000000000000000
01000000000010000001010000000000000000100000000000001100001100000000000000000000010000000000000000000000010000000100001000000000100000000000000000000000000001000000000000010000000000000000000000000010000000000000000001001000001000101000000000000010100000001001
00001000000000010000000000000000000000000000000000000110000000000010000000100000000000000110000000000000000000000001010011000000000000000000001000100001001000010000000000000001000000000000000000000000000100000010000000001000000000110000000000001000000000100000
00000000000000000000000001000000000000010000000000000000000100000000000000000000100000000001000100001000000000000000000000000100100000000000000100000000010100000000000000000000100000001000000000000000000000000001000000001000000000000000000000000000001000000000
00000000000000000000000000000000000000000000000000000000000000000000000000000000000000000000000000000000000000000000000000000000000001000000000000000000000100000000010000000000000000000000000000001000000010000000000000000000000000000000010000000000000000000000
00000000000000000000000000000000000000000000000010000100000001000000000000000000000000000000000000000000000000000001000000000000001000000001000000000000000000100100000000000000000001001000000000000000000000000000001000000000000001000000000000000000000000000000
00000000000010000000000000000010000000000000000010000000000000000000000000000000000000100000000000100000000000000000000000010000000010000000010000000000100001000000000000000000000000000000000000010000000000000000000000000000000000100000000000000000000000000000
00000000000001000000000000000000000000000000000000000000000000000001000000000000001000000010000000000000000000000001000000000000000000010010001000000010000000000000000100000000000000000000000000000000000001000000000000000010000000110000000100000000000000001100
00000010000000000100100000100000100000000000000000000000000000000000000000001000010000000000000000000001000000000000000000000000000000000000000000000000000001000000000000000000001000000000000000000010000000011000000000000010000000000100000000000000000000000000
00000010000000010000000000010100000010000000000000000000000100000000000000000000100000000000000000000000000000010000000000000100000000000000000001000000001000000000000000000000000000000000000000000000001000000000110000000000000000000000100000000000000000000000
00010000000000000000000000000000000000000000000000000000100000000000000001000010000000001100000000011000000000000000000000000011100000000000000000010000000000000000000010000000000000000000000000000001010000000000000100000000000100110000000000000000000000000000
00000000000001000000000000000100000000001000000000000000000010100100000000000000000100000000000010000000000001001000010000000000001001000000000010000100000000000000000000000000000000000000000000000010000000100000001000000000000000000000000000000000000010000001
01000000000000000100010000000000000000000000100000000000000000000000000000000000000000000000000010000000001000000010000000000100100000000001010000000000000000000001000000000000000000000010000000000000000000000000000000000000000100010000000000000000000000000000
00000000000000000000000000000000000000000000000000000000001000000010000000000000001000000000000000000001010000000000000000000000000000000000000000000000000000000010000000000000000000000000000000000000000000000010000000000000000000000000000100000100000000000000
00000000001000000000000000000000000000000000010000000000000000010000000000000000000000000000000000000000000000000000000000000000000000010000010000000000000000000000000011000000000000100000001000000000000000000000100000000100000000000000000010010000000000000000
00000000000000000000000000000010000000100000000000000000000000000001000000000000000000001000000000000000000000000000000010010000000000000000000000000000000000000010000000000000000000000000000000100000000001000000000000000000000000100001000000000100000000000001
00000000000000000000000000000000000000000001000000000010000000000000000000000000000000000000000000000000000000001000000000000000000000000001000000000000000000000000000010000000000000000000000000000000000000000000000000000000000000000000000000000000000000000000
00000000100000000000000000000000000000000010000000010000000000000010000000000000000000000000000000000000000000000000000000000000000100000000000000000000000000000000100000100000100000000000000001000000000000000000001000000000000000000001000000000000000000000000
00101000000000000000000000101000000010000010000000000000000100000000100000000000000010000000000000000000000000001000000000000000000010000100000000000000000000010000000000000000000000000000000000010100000010000000100000000000000000000000000101000000000000000000
00000000001000000100000000000011000001000000000000000000000000000000000000000010000000000000000000001000100000000010000000000000001001000000001001000011000010010000000000011000000000100000000000000101010000000000000000000000000000000000000000000010000000000000
00000000000000000000000000000000000000000000000000000000000000000000000000000000000000000000000000000000000000000000000000000000000000100000000000000000000000000000000000000000000000000000000000000010000000000000000000000000000000000000000000000100000000000000
10000000000000000000000000000000000000001000000001000100000000000010000100001000000000100000010000000010000000000000010000101001000000000000010000000000000000000100000000000000000000010001000000100000000000000000000000000000000000000000000000101000000000000000
00000000000000000000000000010000000010000100000010010000000000000000000000000010000000000001001000000000000000000000000000000000000100000100000000000000000000000000000000000000000000000000000000001100000000000000000000100000000000000001000000000000010000000000
00000000000000100000000000000000000000000000000000000000000000000000000000000000000000000000100000000000000000000000000000000000000000000000001000001000000000000000000000000000000000000000000000001000000000000000000000000000000000000001000010000000000000000000
00000000000000000000000000000000010000000001010000000000000000000000000000000000100000000000000000001000000000000100001000000000000000000000000000000010000000000000000000000000000000000000000000000000000000000010000000010000000000000000000000000000000000000000
