0000000000000000000000010000000000001010000000000000000000000000000000000010000000100000000000010100000000100001000000000000000000000000010000000000000000000000000000000000000000000000000000
0100000000000000000000000000000000100000001000000000000000000000000000100000000000100000000000000000100000001100000000000000000000000000000000100010000001010000000000000100000000000000000000
0000000000001000000000000000000000000000000000000000000000000000000000000100000000000000000000000000000000000000010000000000000000000000100000000000000000000000000000000001000000000000000000
0001100100000000010001000000000000001000000000000000000100000000100000000000000000000000000000000000000000000000000000000000000000000100000000100000000000000010000000000001000000000000000000
0000000000000010000000000000000000100100001000000000000000000100000000000001000010000000000000000000010000000000000001000000000000000010001000000000100000010000000010000000001000000000000000
0000000000000000000000000000000000000000000000000000000000000000000000000000000000010000000100000000000000000000000000000000000000000000000000000001000000000000000001000000000000000000000000
0000000000000000000010000010000000000000000000000000000010000000101000000000000110000000000000001000000000000000000000010000001100000000000000000000100000100100000000001100000000000010100000
0000010000000000000000000000000100000000000000000000000000000000000000000001000000000000000000000000000000000000001000000000000000000000000000000000000001000000000000000000000000100000000000
0000000000000000000000000000000000000000000000000000000000000000000000000000000000000011000000000000000000000000000000000000000000000000000000000000000000000000000000000000000010000000000000
0000000000000000000100000000000000000000000000000000000000000000000000000000000000000000000000010000000000000000101000000010000000010000000000000100000000010000000000100000000010000000000001
0000000000000000000000000000000000000000000000000000000000100000000000000000000000000000000000000000000000000000000000000000000000000000000000000001000000000000000000000000000000000000000000
0000000000000000000000000000000100000000000010000000000000000000000010000000000000010000000000000000000000000000000000000000000000000000000000000000000000000000000000000010000000000000000000
0100000011000001000000000000000000010000000000000000000000000000000000010000000000000000000011000000000000010000000000000000000000000000000000000000000000000000000000000000000000000000000000
0000000000000000001000000000000000000000000100000000000000000001001000000000000000000010000100000000001000000010000000000010000000010000000000000010000000100000000000001000000100000000000000
0000000000000000001000000000000000000000000000000000000000100001010000000010001000000000000000001000000001000000000000000000000000000000000100000000000010000010000000000000000000000100000000
0000000000000000000000000000000000000000000000000010000000000000000000000000010000000000000000000001000000000000000000010000000000000000000000000000000000000000000000000000000000000000000000
0000000000000000001000100000000000000000000000001000000000000000000000000000000000000000000000000000000000000000000000000000010000000100000001000000010000100000000000000000000000000000000000
0000000000000000000100000000000000000000000000000000000000000000000000001000000000000000000000000000000000000000000000000000000000000000000000100000000100000000000000000000000000000000000000
0000000000000000000000000000000000000000000000000000000000000000000000000100000000000000000000000000000000000000000100000000000000000000000000000000001000000000000000000000000000000010000000
0000000000000000000000011000000000000000000000000000000000001000000000001000000000010000000000000000100000000000100100100000001000000000000000000100000000000000000100000000000000000010000000
0000000010000000000000000000000000000010000000000000000000000000000001000000000000000000010000000000000000000000000001010000000000000000000000000000000000000000000000000000000000000000000000
0000000000000000000100000000000000000000000000010001000100010000000010000000000000001000000001000000000000000000010000000000000000100000000000000000000000000000000000001000000110000000000000
1000000000000000000000000000110000000000000010010000000000000001000001000000000000000000000000000000000000000001000000000000000000101010000000000000000000000010000000000000000000000001000000
0000000000000100000100000000000000000100010000000000000000000000000000000000000000000000000000010010000000000000000000000000000000000000000000000000000000000000000000000100000000000000000000
0000001000100000000000000000000000000000001000000100000000001000100000000000000000000001010001000000000100000000000011000010000011000000000000000000000000000000000000010000001000000000000000
0001000000100000000000000000000000000000000000001110000000000000010000000000000000000000000000000000100000000001001000000010000000000000010010110000000000000000000000000000000000000000101000
0000001000000101001000010000000000000000000000000010000000000000000000000000000000000000000000000000000010010000000000000000000000000000000000000000000000010100000100000000000000000010000000
0000000000000000000000000000000000000000000000000000000000000000000000000000000000001000000000000000000000000000100010000000000000000000000000000000000000000000000000000000000000000000000000
0000000000000000000000000000000010000000000000000000000000000000000000000000010000000010000000000000000000000000000000000000001000000000000000000000000000000000000100000000000000000001000000
0000000000000000000000000000000000000000001000000000000000000000001000000000100000000000000110000000000000000000000010000000000000000000000000000000000000011000000000000000000000100100000000
0001000001000010000000000010000000001000100000000000000000000100000010000000000000001000000000000010001000000000000100010000000000000000000110000000000000000000000001100000000000000100000000
0000000000000000000000001000100000000000000000000000000000000000000000000000000000000000000000100000000000000000000000000000000000000000000000000000000000010000000000000000000000000000000000
0000000000000001000000001000000100010000000000000000000100000000000100000000000000000010000000000000000000100000000010000000000000000000000000000000000000000000001000000001000000000000000000
0000000101000000001000000000100000000010000000000000000001000000000000000000000000000000010000000000000000000000000000010000000000100100000100001000000000001000100000000100010000000000000000
0000000000000000000000000000000000000000000000000000000000000000000000000000000000000000000000000000000000000001000000000000000000000000000000000000000000000001010000000000000000000110000000
0000000000000000000000000000000000000000000000000000000000000000000000000000000000000000010000000001000000000000000000000000000000000000010000000000001000000100000000000000000000010000000000
0000000000000000000000000000000000000000000000000000000000000000000000000000000000000000000000000000000000000000000000000010000000000000000000000000000000000000000000010000000000000000000000
0001000000000000000000000000000000000000000000000000000000000000000000000000000001000000000000000000000000000000000000000100000000000101000000000000000000001000000000000000000000000000000000
0000000000000000000000000000000000000000100000000000000000000000000000000000000000000000000000000000000000000000000000000000000100000000000000000000000000000000000000000000000000000000000000
0100010000000100100000000000001000000000100010000000000000000000000000000001000000000000000000000000000000000001000000000100000000000000000000000010000000000000000100000100000000000000000100
0000000000000010000001000001000000000000000000000000000000000010000100100000000000000100000001000000000000000000000000100000000000000000000000000100000000000000000000000000000000000000000000
0000000000000000001010000000000000000000000000000001000000000100000000000000000000000000000000000000000000000000000000000000000000000000000000000000100000000000000000000010000001010000000010
0000000000000100000000000000000100000010000000000001000000000000000000000000000000000100000000000000000000100000000100000000000000000000000000000000000100000000000011010000000000000000000100
0000000000000000000000000000111000001100000000000000000010000010000000000000000000000000000001001010000000000000000000000000000000000000000000000000000000000000000000000000000000000000000000
0000000000000000000000000000000000000000000000000000000000000000000100000000000001000000000000000000000000000001000000000000000000000000000000000000000000000000000000000000000000000000000000
0000000000000000000000000000010010000000000000000000000000010000000000000000000000000000011000000000000000000000000000000000000000000100000001000000000000000000000100000010000000000000000000
0100000000001001010010000000000000001000010000000000000000000000000100100000000000000000100000000000000000000000000000000000000000000000000000000000000001000000100001000000000000000000000000
0000000000000000100000000000000000000000000000000100010000000000000001100000000000010000001100001000000000000000010000000000000000000000000000110000000000000100100000000100000000001000000000
0000000000000000000010000000000000000000100010000010000000000000000000100000001000000000000000000000000000000000000001000010000010000000000000000000000000000000000000000000000000000100001001
0000000000000000000000000000000000000000000000000000000000000000000000000000000000000000010001000000000000000000000000000000000000000000000000000000000000000000010000000000000000000000000010
0000000010010000000000000011001000000000000001000000001000000000000001000000000100000000000000000000000000000000000000000000000000000000000000010100000000000000000000000000010000000000000000
0110010000000000000000000000000000000000000000000000000000000000000000000000000000000000000000000000000100000000000001000100100000000000000000010000000000000100000010000000000000000000100000
0000000000000000000000000000000000000010001000000010000000000000000000000000000000010100001000000010000000101010000000100000000000000000000000000000001000000000000000000100010001000000000010
0000010001000000000000000100000000000010000010100000000000000000000000001000000001000000000000010001000000000000000000000000000000010000000011000010000000000000000000000000000000000000000000
0000000000000000010000001000000000000100000000000000000000000000000000000000010000000000000000000000100000000000000000000000000000000000000000110000000000000010000000010000000000100000001000
0000000000000100000000000000100000000000000000000000000000010000000000000000000000000000000000000000000000000000000000000000000000000001000000000000000000000000000000000000000000000000000000
0000000000000000000001000000001000000000000000000000000000000000000000000000000000000000000000000000100000000100000000000000000000000000000000000010000000000000000000000000000000000000000000
0000000000000000000001000000000000000001000000000000000000001000000000010000000000000010000000000000000000000000010001000000000000000000000000000000000100000000000000000000000000000000000000
0000000000000001000000000000000000000000000001000010010000010000001000000000010100000000000000001000000000101001000000000000000000000000000000000000000000000000000000110000000001000000001000
0000000000000000000000000000010000000000000000000000101000000000000000000010000000000000000000000000000001000000100000000000000001000000000000000100000010010000000000000000000000000000100000
0000000000010000000000100000000000000000010000110001010000000100000110100000100000000000000000000001000001000000000000000000000001000000001000000000000000000010000000000000000000000001100000
0000000000000000010010000000000000000000000000000100000000000000000000000000000000000000000000000000000000000000000000000000000000000000000000001000000000000000000000000000100000000000000000
0000000000000000000010000000000000000000100100000000010000000000000100100000000000000000000000000010000000000000000000000000100000000100000000000000000000001000000100000000000000000000000000
0000000010000000010000000010000000010000000000000000010000000000000000000000001000000010000101101000000000001000100000000000000010000000000000000011000000000000000000000100000000000000000000
0000000110001000000000000000000000000100001011000000000010000000000000000000000100000000000000000000000000000000000000110000000000010000010000000100000000001000000000000100000000000000000000
0000000000000000100000000000000000000000000000100000000000000000000000001000000000000000000000000000000000000000000000000000000000000000000001000000010000000000000000000000000000010000000000
0001010010000000100000000010000001000100001000001000000000000000100000001100000000000001000000000000001000000000000000000000000001000000000000000000000010000000000000000000000100001000000100
0000000000001000000000000000000000000000000000000001000000000000000000000100000000000000000000000000000000100000000000000000001000000000001000001001000000000000010000000000000000000000000000
0000000000000100000000000000000000011000001010000000000000000000000000000000000000100000000000100000000000000000000100010001000000000000000000000000000000000010000001000000001000000000000100
0010000000000000001000000010000000001000001000000000000000000110000000000000000001000000100000000000000000000010000000000001000000000000000000101000000000100000100000100010000000100000000000
0000000000100010000000000000000000000000000000000000000100000000000000100000000000000000000000000000000000000000100000000000010000000000000000001100000000000000010000001000000000100000000000
0100100000000000000000000110000000000010000010010000000010000001000010000000000000000000001000000000000010000000000100000010000000000000000000001000000000100000000000000100000100000000000000
0000000000000000000000000000000000000001000000000000000000000000000000000000000000000000000000000000000000000000000000000000000000000000000000010000000000000000000000000000000000000000000000
0000000001000000000000000000000000000000000000000001000000000000000000000000000000000000100000000000000000000000000000000000000000000000000100000000000000000000000000000000000000000000000000
0100000000010100000000000000000000000000000000000000000000000000000011000000000000000000000000000000000000000000000000000000100110000000000000000000000000000000000100000000010001000000000010
0001000000000010000010001010000000100000000000000000000000011000000000000010000000000000000000000100000011010000000000000000000000000000000000000000000000000000000000000000000000000001000000
0000010000000000000000000000000000000000000000000000001000100000000000000000000000010000000000000001000001000000000000100000000000010000100000000000100100101001000000100000100001000000000010
0100000000000000000000000000000000000000000000010000010000000000000000001000000000000000000000000000000000000000000100100000000000000000010000000000100000000000000000000000001000000000000000
0000010000000001000000010000010010000000000000000000000100000001000000000000000001000000000000000000000000000000010000000000000000000000000000000000100000000000000000001000000010001000000000
0001000000000000000000000000000000000001000000000000001000000000000000000000000000000101000000000000000000000000001000000000000000000000000000000000000000000100000001101000000000000000000000
0000000010000000010001000000000000000000000000001000000000010000000000000000001000000010000000000000100000000000000000110000000000010000000000000100000000000000100000001000000001000000000000
0000000000000100000000000000000000000000010101010000000000000000000000000000001000010000000010000000000000000000000000000000000000000000000000000000000000001000000000000000000000000000000000
0000000000000000000000000000000000000000000000000000000000000000000000000000000000000000000000000100000000000000000000000000000000000000000000000000000000000000000000000000000000000000100000
0000000000000000000000000001100000001100000000001001000000000100000000000100000000000000000000000010000000000000000010000000100000001000010000100000010000000000000000000000001001000000000100
0000000010000000000000000000000000100000000000100000000000000000000000000000000000000000000000000000000000000000010000000000000000000000000000000000000000000000000000000000000000000000000000
0000000000001000000000000000000000000000000000010000000000000000010000010000000000000000000000000000000000010000000000100000000000000000000000000000000000000000000000000000000000000000000000
0000000000000000000000000000000000001000000000000000000000000000001000000000000000000000000000000000000000000000000000000000000000000000000000000000000000000000000000000000000000000000000000
0000000000000000000000001000000000000000000010000000000010000000000000000010000001000000000000000000000000000000000000000000000000000000000000000000000000100000000000000001000000000000000000
0000000000000000000010001000000100000000000000000000000000000000000000000000000000100000001000000010000000000100000000000000000000000000000000001000100000000010000000000000000001010000000000
0000000000000000010100000100001000000000000000000000000000000100000000000000000000000100100000000000000000000000100000000000000000000000000000010000000011000000000000000000000000000000000000
0000000000000000000000000000000000000000000000000000000000000010000000000000000000000000000000000000000000000000000000000000000100000000000000000000000000000000000000000000000000000000000000
0000000000000000000000000000000001000000000000000000000001000000000000000000000000000000000000000000000000000000000000000000000000000000000000000000000000000000000000000000000000000000100000
0000000000000000000000000000000000000000000000000000000000000000000000000000000000000000000000001000000000000000000000000000000000000000000000010010000000000000000000000000000000000000000000
0000000000000000000000000000000000000000000000000000000000000000000000000000000000000000000000000000000000000000000000000000000000000000000000000000000000010000000000010100000000000000000000
0000000000000000000000000010001100001000000000000000000001000001000000000000000000000000100000000000000000000000001000000100000000000000000000000011010010000010000000000100000000100000000000
0000000000100101000000000000000000000000000000000000000010000000000000000000000000000000000000000001000101000000000000000000000000000000000000010000000000000000000001000100000000100000100100
0000000000000000010000000000000000100000010000000100001000000000000000010000000000000000100000000000000000000000000000000100000001000000000100000000000000000000000000000000000000000010000100
0000100000000011000000000000000010000110100100001000010000000000000100000000000000011000100000001000001000100000000000000001000000000000000000000000000000000000000000000000000000000000000000
0000000000000000000000000000000000000000000000000000000000000000000000000010000000000000000000000000000000000000000000000000000000000000101000000000000000000000000000001000000000000000000000
0000000100010000000000000000000000000000000000000000000000000000000000000000000100000000000000001000001000000000000000010000000000000000000000000000000000000000000000000000000000000000000000
