00000101000000100000000000000000000100000010010000000000000000000000000001000000000000001000010000000000000000
00000000000000000000000000000000000000000000000000000000000001000000000100000000000000000000000000000000000000
10000000101000000000000000000000000000000000000000000000000000001000000000000000000000000000000000000000000000
00100000000100010000000000000000000000000000000000000000000000000000000000000000000000010001000000000000000000
01000000000000000000000000000000000000000000000100000000000000000000000000000000000010000000000001100000000000
00000000001001000000000000000000001010000000000000010000000100110000001000001000000000001000000000000000000000
00000000000000000000000000000000000000010010000000000000000000001100000000000000000000000000000100000000000000
00000000000000000000000000000000000000000000000000000000000000000000001000000000000000000000001000001000000010
00000000000000000000000000000000000001000000000000000000000000000000000000000000000000000010000000000000000000
01000000000000000001001000101000001010000001000000000010000000000000000000000000000000000000000000000000001000
00001000000000000000000000000000010000000000000000010000000000100011000000000000100000000000000000000000000000
00000001000000000000000000000010000000100000000010000000000000100000000000000000100000000010000010001000000010
00000000000000000010000000000000000000000000011000000000000000000000000000110000000000000000000000000000000000
00000000000000000000000000000000000000000000000000000000000100000000001000000000010000000000000000000001000000
00000000100000000000001000000001000000000000000000000000100000001000000000000000000000100010000000000000000000
00000000000000100000000010000000000000000000000000010000000000010010000000000000000000100000000100000000000000
01000000001000000000000000000000000010000000000000000000100000010000000000100000000000010000001000000000010000
00000001000000000000000000000000000000010000000100000000000000000000000100000001000000000001000000001000000000
00000000000000000000000110010100001000000100000000100000000010000000101000000000000000000000001000000000000000
00000000000000000000000000000000000000000000100000000000000000000000000000100000010000000000000000000000000000
00000100000000000000000000000000000000000000001100000000000000000000000000001000000000001000000000000000000000
00000000000000000000000000000000000000000110000000000000000000000000000000000000000000100001000000100000010000
00000000000000000001000000000000000000000010000010000000000000100000000000000000000000010000000000000000000010
00100000000000000000010000000000000000000000000000000000000000000100001000000000000001001000000000000000000000
00000000000000001000000000000000000000000000000000000000000100000011010000000010000000010111000000000000000000
00000000001000000000000000000000000000000000000000000000000000000000000000000000000100000000000000000000000000
00100010000000000000000000000000000000000000000000000000000000100000000000000000000000000000000101010001000001
00000000000000000000000000000001000000000000000000000001010000000010000000000000000000000000000000000000001000
00000000000010000000010000001000000010000000000000000000100101100000000000000000000000100100001000000000000000
00000000010000000000100000000000100000000000000000000000000000000001100000000000001000000000000000000000000000
00000000000000000000000000000000000000000000000001000000000010000100000000000000000000010000000000000000000001
00000100000100001000000000000001000000000010010000011000000000000000000010000010000000000000000000000000000000
00000000000000000000000000000010000000000000110000000000000100000000000000000000000000000000000000000000000000
00010000000000000000001000000010100000000000000000000000100000000000000000000000010010000000000000000000000000
00100000000000101000000001000000000000100000010000000010000000000000000000000000001000000000001000000000010000
00000100010000000000000000000000000000000000000000000000000000000000000001000000000000000000000000000000000000
10000000000000001000010000000000000000000000101000100000000000000011000000000000000000000000001010000100000000
00010000000000000101000000000000000000000000100000000000000100000000010000000000000000000001000000000000000000
00000000000000000000000000110010000000000010010001000010000000010000000000000000000000000010000100000010000000
00100000000000000000010000000000000000000000000000000000000000001000000100000010000000000000001000000100000000
00000000000000000000000000000100000000000000100001000000000000000000000000010000000000000000010000000000010000
00000000000000000000000000000000000000000010000000000000000000000000000000000000000000010000000100000000000110
00000010000000000000000000000000000000000000000000010100000000000000010010000000000000000000100000000000000000
00001000100010000000000000000000000000000010010000100000000000000000000100001000001000000000000000000000000000
00000000010000100100000000000000000001000000000000000000000000000000000000000000000000000000000000000000010000
00000000000000010000000000000000000000000000000000100000000000000000000000000000000000000000000000000001000000
00000000000000100000000000000000000000000000000000000100000000000000000000000100000000000000000000000000000100
00000001000000000000000000000000000000000000000000000000000000000000000000000000000000000000000000001000000001
00101000000000001000000000001000000000000000000000000000000000000000000010000000000000000101000000010000000000
00000000000000000001000000000001000000000000000000000010000000000000010000000000001100100001010000000000010100
00000000000000000000000000000000000000000001000000001000000000000000000000000100000001000000001000000000000000
10000000001000000000000000000000000000100000010000101000001000000000000000000000100000000000000000000000100000
00000001100000000000100001100000000000000000000000000000000000000000000100001000000000000000000000000000100100
00010000000100000000000000000000000000000100000110000000000000000000000000000100010000000101000000000100000000
00000011000000000000000000100000000000000000000100000000000000100000000000000000000100000000000000000000000000
00000000000000000000000000000000000001000000000000000000000000000000000000000000001000000000000000000000010010
00010101000000000000000010000000001000000000010000000000000000001000000001000000100000010100000000000000000000
00000000000000001000000000000000000000000000000000000000000000000000000000000000001000000000000000000000010000
00000100000000000100000000000001000000000010000000000000000000000000000000000000100000000000000000000100000000
00100000000001000000000000000000000000000000000000000000000000000010000000000000000000000000000001100000001001
00000000000000000000000000000000000100000000000000000000000000000000000000000000000000000001000000000000000000
00000000000000100000000000000100000100000000000000000000000100000000000000000000000000000000000101000010000000
00000000000000010000000000000000000000000000000000000000100000000000000000000000000000001000000000000000000000
00000000000000000010000000000000000100000000000000000000000000000000000000000100000000000000000000000000000000
00000010000000000000000000000000000100000000000000000000000000000000000000000000000000000000000000001000000000
00100000000001000100000000000000000000000010000000000101000000000000000000100001000000000000000010000000000000
00000000000000000000000000000000000000000000000000000000000000000000000000000000000010000000001000000000000000
00000000000010000000000000000000000010000000000001000010010100000000000000001000000000101000000010000000000000
00000000000100000000000000000001000000000001010000000100000000100000000000000001010000000000000000001000000000
00000000000000000000000100000000000000000010000000100000000000000010000000000000000000001000000010000001000000
10000000000000000000100000100000000000000000000000000000000000000000000000000000000000000000000000000000000000
00000100010000100000000000000000000000000000000000000000000000000000000010000000000000001000000000000000000000
00000000000000000000000000100011000000000000010000000001000011000000000000000000100000000001000000000000101000
00000000000000010000000000000000000000000000000000000000000000000000000000001000000000000000000000000000000000
00000100000000000000000001000000000000000100000000000000000010000000000001001000000000000000001100000100001000
00000000100000100000000100000010000000100000000000000100000000000000000000001000000000000000000000000000000000
00000000000000000000000000000000000000000000000000000001000000000000000000000000000000000000001000000000000000
00000000000000001100000000001000000001000000000010010000000000100000000100000000000000000100000000000000000001
00000000000000000000000000000000000000000000000000100000000100000000000000000000000000100000000000000000000000
00100000000000000000000000000000000000100001000000100000000000000010100000000000000000000001000000000000000000
00000000000100010001100000000000000000000000000000100010000000001000000000000000000000000000000000000000010000
00001000100000000001001000000000000000000000000100000000000000000000000000001000000000000000001000000000000000
00000000000000000001000000000000001001000000000001000000010100000000000000000000000000000000000000100000000000
00000000000000001011000000000000000010000000000010000000000000000000000000000000000000000000000000000010000100
00000000000000100000000000000000000001000000000000000010000000000000000000000000000000000000000000000000100000
01000000000000100000000000000010000100000000000000000000000000000000000000000000000000000000000000000000000000
00000001000000000000000000000000000000010000000000010000000000010000100000000000000000010100000000000010000000
00110000000000000000000000100010000000000000000000000001000001001000100000000000000000000100000000000000000000
00000000000010000010000000000000000001000000000010000000100000000000000000000000000000000000000000000000100000
00010000000000000000100000000100000000000000000000000000000100100000000000000000000000000000000000000000000000
00000010000000000000100000000010000000000000100000100000000000000000000010010000000000000000000000000000000000
00000000000000010100001000000000000000101000110000000000000000000000000100000000000000000000000000000000000000
00000001000000010001000000000001000000000100000000000010000100000000000000000000100000000000000001000000000000
00000000000100000100000000000000000000010000000000000000000000000000000100101000010000001000000000000000000001
01000000000000000000000000000000000000000000000000101000000100000000000010000000000010010000000000000000000000
00000000100010000100000000000000000001010100000000000000010000010000000000000000000000000000000000100000000010
00000000000100010000000000001100000000000000000000000100000000000000000110001000000101000000000000000000010000
00000000000000000010000000000000000000000000000000000001000000000000000000000000000000010000000000000000000100
00000000000000000100000000000000000000000001000000000000000000000000000000000000000000000000000000000000000000
10000000000000000000000000000000000000000110000000000000000000000000000001000000000000000000000000000000000000
