000000000000000000010000100000000000000000000000000000000001000000010000000100000000000000000001000000000010000000000000000000000000000000000010010000000010010000010000000000001000000000000100000000000000100010
000001001000001000000000000000000000000001000110000001000000000100000000010000000000000010000000000001000010000000000001010000000000011000001000000000000000000000000000000000000001000010000000000000000100000000
000000000000000000000000000000000000000000000000000000000000000100000000100000000000000000000000000100000000000000000000000000000000000000000000000000000000000000000000000000000000000000000000000000000000000000
000000000000000100001001100000000001000000000000000000000000001100000000000000100000000000001000000000000000001000001000000000000000001000000000000100000000001000000000000000000000000000000000000000010000000000
010000000000100000000000000010000001000000000001000000000000100000010000000000000100001000010000000000000000000000000000000000000000010000101000100000000100000000001000000000000000010000000100000000000000000000
000000000000100000000000000000000000000000000001111000000000000000000000000000000000100000000000000000001010000000000001001000001000000000010000000000000000000000000000000000000001000000000011001100000000100000
000000000000000000000000000000000000000000010000000000000000000000000000000000100000000000000000000100000000001000100000100000000000000000000000000000000000010000001000000000010100100000000010000000001000000101
000000000000000000000000000000000000000000000000000000010000000000100000000000000000000000000000000000000000000000010000000000000000000001000000000000000000000000000000000000000000010000000000001000000000000010
000000000000000000000000000000000000100000000000000000000000000000000000000000000000000000010000010000001000000000100000000000001000000000100000000000000100000000000000000000000000000000000100000000000000000000
001000000000000000000000000000000001000000000000000000000000000001000000000000010000000000000000001000000000000000000000000000000000100001000000000100000000001001100000000000000000000000000001010001000000100000
000000000000000000000001000000001000000110000110000001100000000000000000000000000000000000000000010000000000000000000000000110000001000100000000000000000000000100000000001100000000000000100000000000000000000000
000000000000100010000110000000000000001000000000000000000000000000000000000000010000000010100000010000000000100100010010000000000000000100000000100001000001000000000000000100000000000101000000000000000000000100
000000000100000000000000000010000001000000000000000000000000000000000000000000000000000000000010000001000010000100000010000000000000000000000000000100000000001010000000100000000000000001000000000000000000000000
000001000000000000000000001000000000000000000000000010000000000000100000000000000000010000000000000000000001101000000000010100110000000000000000000000000000000000000000000000000001000000000000000010000000000000
000000000000000000000000000010000000000000000000000000000000000000010000000000000000000000000001000000000000000000000000000100000000000000000000000000000000000000000000010000000000000000000000000000000000000000
010001010000000000000000000000000000000000000000000000000000001000000000001010000000000010000000000101010000000000000000011100000000000000000000000001000000000000000000000000000100000000000000000000000001000000
010000000000000000000000001010000000000000000000000000000000000000100000000000000000000000000000000000000000000000000000000000000000100000000000100000000000010001000000000100000100000000000000000000000000000000
000000000000000000001000100000000000000000100000000000000100000000000000000000000110000110100100000000001000000000000000000000011000000000000000000000000010000000000000001100000000000000000000000000000000000000
000000100000000000000000000000010000000000000000000000000000000000000000000000000000000000000000000000100000000000000000000000000000000000010000000000000000000000000000000001000000000000000000000000000000000000
100000001000000010000000000000000000000000000000000100000010001000000010000000000000000000101000000000000000001001000000000000000000100010100000000000000000000000001000000000000000010000000100001100000000000100
000000000000000000000000000000000000000000100000000011000001000000000000000000000000000000000000000000010000010000000010000000000000000000000001010000000000001000000000010010000000100000000000101000000000000001
000000000000000000000000000000000000000000000000000000000000000000000000000000000000000000000010000000000000000000000000000000100000000000000000000000000000000000000000001000000000000000000000000000000000000000
100000000000000000000000000000000000000000100000000000000000000000000000000000000000000000000000000000000000000000000000000000000000000000000000000000000100000000000000000000000000000000000000000000000000000000
010100000000000000000010000000000000000000000000000000000000000000000100000010000000000000000000000010000000000000000000000000010000000000000000000000000000000000000000000000000000000000000010000001000000000000
000010000000000000000001000000000000000000000000000000000000010000000100001000100000000100000000000000000000100000000000001001000010000000010010000000100000000000000000000000000100000000000000000000000100000000
100000000000000000000000000000000000000000000000000000000000010000000000000000000010000000000000000000010000000100000100000000000000001011000100000001000000000000001000000000100000010000010000001000000100010000
000000001000000010000000000000000100000000000110000000000000000100000000000000000000000000000000100000001000000000000000000000000000000000001000000000000001000000010000000000000000000000100000000100000000000010
000000000001000010100000000000000000000000000000000000000000000000000000000000100001000000001000000000000000000000000000000000000000000000000000001000000000000000000001000000000000000000000000000000000000000000
000000001000000000000000000000000000000000000000000000000000000000000000000000010000000000000000010000000010000010000000000000000000000000000000000000000000000000000000000000000100000000000000001000000000000000
000000000000000000000000001000000000000000000000000000100000000000000000000000000000000000001000000000000000010000000000100000000000000000000000000000000001000000000000000000000000000000000010000000000000000010
000001000000000000000000000000000010000000000000000000100000000000000000000000000000000000000000000000000000000000000100000000000000000010000000000000000100000000000000000000001000000000001000000000000000000000
000000001000000000000000000000000000000000001000100000000000000010000001000000000000000000000000010000100000001000110000000000100000000000000000000000000000000000000000000011000000000000100000000000110000001000
000001000000000000000001010000000000100000010000100000000010000000000000000000001000000000000000000010100000010010000000001000010000100010000000000000000000000000000000100000000000000000000100000000001000000000
001001000001001100000000000000000000100000000000000000000000000000000000010000000000000000010000000000000000000001000001000000000000000000000000000000000000000000000000000011000100000000010000000000100000000000
000000000000010100000000000000000000000000000000000000000000000010000000000000000000000000000000000100000000000000000000000000000000000100000000000000000000000000000000000000000000000000100000000010000000000000
000000000001000000000000000000000000000000000000000000000001000000000000000010000000000001000000000000100000000000001000000000000000001000000000000101000000000011010000000000110000010000001000000100000000000000
000000000000000000000000000000000000000000000000000000000000000000000000001000000000000000000000000000000000000000000000100000000000000000000000000000000000000001000000000000000000000010000000000000000100000000
000000000000000000000000000000010000000000000000000000000000000000000000000000000000000100010000000000000000000000000000000000000000000000000000000000000000000000000000000000000000010000010000000000000000000000
000000000100000000010000000000000100000001000000100100000000000000000000011010000000000000100000000000010000000000000000000001000000000000100001000000001000000000000010000000001000000000100000000000000000100000
000000010000000100000000000000000000000110000000000000000000000001000100110000000000000000000100000000000000000000000000001000000000100000000000100000000000001000000000001000000000100000000000000010000001000000
000000000000000000000000000000000000100000000000000000000000000000000000000000000100000000000000000010000000000100000000000000000000000001000000000000000000000000000000000000000000000000000000000000000000000000
000000000000000001000001000000000000000000000000000000000000000000001000000000000000000000000000000000000000000000000000000000000000000100000000000000000000000000000000000000000000010000010000000000000000001000
000000000000000000000000000000100000100000000000000000000000000000000000000000000000000000000000000000000000000100000000000000000000000000000000000000000000010010010000000000000000000000000000000000000000000000
000000000000000100000000000000000000001000000000000000000000000000001000000001000000000000000000100000000001000000000010000000000010100010000000000000100001010000000000000100000000000000001010000000000000100000
000000000000100100000100000000000000000000000000000000000010000000000000000000000000000000000000000000000000000000000000000000000000000001000000000000000000000000000000000000000000000100000000100000000000000000
000000000000000000000000000000000000000000000000000000000000000000000000000010000000000000000000000000000000000000000000000000000000000000000000001000000000000000000000100000000000000100000000000000000000001000
000000010000000000000000000000000000000000000000000000000000000100000000001000000000010010000000000000000000000000000000000000010000000000000000000000000000100000000000000000000000000000000000000000000000000000
000000000000000000000000000000000000000000000000000100000000000000000000000000000000000000000000000000000000000000000000000000000000000000000000000000000000000000000000000000000010000000010000000000000000000000
000000000001000000000000000100000100000000000000000000000000010000000001000000000100001000000000000000100001000000000000100000000000000000001000000000000000001000001000000010000000000001000010001000001000000000
000000000000000000000000000000000000000001000010100000000000000000000000000000000000000000000000000000000000000000000000000010000000000000010000000000000000000100000000000000000000000000000000010000000000000000
000010000000000100000000011000000000000000011000000000000000000000000101000000000000000000000101000100000000000000100000010100001000000000000100000000000000000000000000000000000000000000000000000001010000000000
000001000000000100001000000100100000000000000000000000000100000000000000000000000000010001001000010000000001000010000000000000000100000000010000000000000000000100000000000000000000000000000000100000000000000000
000000000000000000000000000000000000000000000000000000000000000000000100000000000000000000000000000000000000000000100000100000000000000000000000000000000000000000000000000000010000000000000000010000000000000000
000000000101000000000000100010000000000000000000000000000000000000000100000000000000000000100000000000000000000000000000000000000000000000101100001010000000000000000001000000000000000000000101010100010101000000
000000000000000000010000000000100000000000000000000100010000000000000000000000000000000000000000000000000000000000000000000000000000000000000000000000000000000000000000000000000000000000000000000000000000000001
000010000000000000000100000001010000000010000000100000000100011000000000000000000000001000000000000001000000000000000000001000001010000000000000000000001000000000000100010100000000000000000000000000000000000010
000001000000010010000000000000000100000100000100000000000000000000001000001000001000001000000010110000000000001000000000000000010000000000001001000000000000000010000001000000001000010000000000000000000000000000
110000000000000000100000000100000000000000000000010100000000000000100000000000000000100100100000001000000000000100000010000000000000010100100000000000000000000000010000000000000000000100110000000000000001000000
000000000000000010000000000000000000000000000000000000000000101000000010000000000000000000000000000000000000000000000000000100000100000101000010000000001000000000000100000000000000000000000000000010000001000000
010000000000000000010000000000000000000010000000000011000000101010000000100000000000000000000000100000000000000000000000000000100001100100010000000000000000010000000000000000000000000010000000000000000000000000
000001000000000000000000000000000000000000000000001000000000000000000000000000000001000000000000001010000000001100100000000000000000000000000000000010000000000100000000000000000001000000000001000000000000000000
000010000000100000001000000010000000001000000000011000000000000000000000001000000000000000000000000000100100100000001000000000000010000000000010100000000000000000000001010010000000000000000001000000000000000100
000100000000000000010000001000000000000000000000000000000000000000010000000000000000000000000000000000000100000000010000001000000000000000000101000000100000000000000000000000000000100000000000001000000000000000
000000000000000000000000000000000000000000000000000000000000000000000000000000000000100000000000000000000000000000000000000000000000000000000000000000000001000000000000000000000000000001100000000000000000000000
000000000000000000000000000000000100000000000000000000000000000000000000100000000000000000100000000100010000000000000000000000000000000010000000000000000000000000010001010000100000000000000000000000000000001000
000000000000000000000000000000100000000000010000000000000000000000000000000000000000000000000000000000000001000000000100000000000000000000000000000000000000000000000000000000000000000000000000000000000000000000
000000000000000000000010010001000000010000000000010000101000000000000101010010010000000000100000000000000000000000000000000000101001000001010000000000000100001000000000000000000000000000000000000000000000000001
000000000000000001010100000001000010000000000000000000000100000000101000000000100000000000010100100000000000000010000000000000000101000000000000000100010000000000100000000000000000000000000000010001000000000000
000001000000000000000000000010000100000001001000000000000010000000000010000000100000000000000000000100000000100010000000000000000000000000100010000000000000000000100000000000010000000000000000010000000000000000
000000000000000000000000010000000000010000000000000000100000000000000000000000000000000000100000000000001000000000000000000000000000010000000100000000000100000000000000000000001000000000001000000000100100000110
000000010000000100000100001000000000101000000000000100000000001000000000010001000000000000000000000100001000000000100000000000000000000000000000000000000010001000000000000100000000000100100000000000000101000000
000000011000000000000010000000100000000000000100000100000100000001000000000000000010010000000000000000000000000100001100000001100000000000000001001000000000000010001000000000000000001000000000000000010000000000
000000000100000000000100000000000001000010010001110000000000000000001001000000000000000010000000000000100100000000100000000000000000000100001000000000000000000000000100000000010000000000001010000001000000000000
100001000000000000010000000100000000000000000100000000010000010000010100000000000000000100000000000000100010000000000000000110000000000000000000000100011110000000000000000010000000100000000000000000000000000000
000000001000000000000000000000000000000001000000000000100100000001000000011000001000000000000000000010000010000000000000000000000000100000010000000100100000100000000000000000000010000000000001010000000000000000
000001000000000000000000000000000100001000000000001000000000000000000000000000000000000100001100010000000000000000000000000000001000000000000100000000100000000100000000100000000100000000000000000100000000000000
000000000000000000000000000000011000000000000000000000000100000000000000000000000000000000000000000000000000000000000000000000000000000000000000000000000100000000000000000000000000000000000000000000000000000100
000000000000010000000000000000000000000000000000001000000000000010000000000000000000000000000000000000000000001000000000010000000000000000000000000000000000100000000000000000000000000000000000000000000000000000
000000000000000000000000000001000100001000000000000000000000000000000000000010000000000000000000000000000000000010100000100010000000000000000000000000000000000000000000000000000010000000100000000010000000000000
000000000000000000000000000000000000001000000000000000000000001000000000000000000000000000000000000000000000000000000010001010000000010010000000000000000000000000001000000000000000000000100000000000001000000000
000000001000000000000000000000101000100000000000000010000000000000001000000000000000000010000010000000000001000000000100001000010000000000000000000100000000000000000001000000000000000000000000000000001000001000
000000000100100000000000000001010000000000000000000000000000000000000000000000000001000000000000000000000001100000100100000000000100000000000000010000100000000000000001000010000000010000010000000000010000000000
100000001000000000000000000001000000000000000000000000000000000001000000000000000101000011000000000000000001000000000001000000000000000001000000000000000001000100000000000000000010000000000000000010001000000000
000010000001000000000001000000000000010000000000000000100000000000000000000000100000010000000000000000000000001001000101001000000100000000000100000000100001000000000000010000000101000000000000000000000000000000
000000000000000000000000000000000000000000000000000000000000010000000000000100010000000000000000000000000000000000000000000000000000000000000000000000000000000000000000000000000000000000000000000000000000000000
000000000000000000000000000000000000000000010000000000000000000000000001000000000000000000000000010000000100000000100000000100000000000000000000000000000000000000001000000000000000000000000000000000000000000000
000000010000000000000000100100000000000000000010000010000000010000000100000000001000000000000000110000000001110000000000000001000000000000000000010001100000000001000000000000000000000000101000000000000000000000
000000010000000001000000000001000000000001000000000000000000000001000000000000010100000100000000000000010000000000010000000000000000000000000000010001000000000000000000000100000000000000000000000000000001000010
000000000000000000010000000000000000000000000000010000000000000000000000000000010000000100000000000000000000000000000000000000000000000000000000000000000000000000000000000000000000000000000000001000000000000100
000000000000100000100000000000000100000000000000000000000000000000000000000000000000000000000000000000000000000000000000000000000000000000000000000000000000010000000001000000000000001000000000000000000000000000
000000000000100000000000000000000000000000000000000000000000000001000000000010000000000100000100000000000000010000000001000000100000000000000000000000000000000000000000000000000000000000000000000000000000000000
000000000010000000000010010000000010001000000000000001000000001000000010000010001000000000000000000000000000100000000001000001000000001001010001000000000000010000000000001000000001000001000000000000000000000000
000000000000000000000000000000000000010000000110000000000000000000000000000000000001000000000000000000000000000000000000000000000000000000000000000000000000000000000000000000000000000000000000000000000000000000
000000000000000000000000001000000000000010000000000000000000000001000000000000000010000000000000100100000000000000000101000000000000000000000000000000000000000000000000001000000000000000000000000000000000001000
000000000000000000000000000000000000000000000000000000000000000100000000000000101000000000000000000000000000001000001000000000000000100010000000000001000000000000000000000000000000000000000011000001000000000000
000100000000000000000000000000000010000000000000000000000000001000000000000000000000000100000000000100000000000000000110000000000000000000000000000000000000000001010000000000000000000000000000000000000000000000
010000000000000000000100000000000000010100000000000000000100000000000000000000000000001000001000000000000000000000000100000000000000000000000000000001000000100110100001000000000000010000000101001000000000000000
000000000000000000000000000000000000000000000000000000000000000000000000000000000000000000000000000000000000000000000000000001000000000000000000000001000000000000000000000000000000000000000000000000000000001000
000100000100000000000001000000110000010000000000000000000000000000000000000000000100000000000000000000010000000000000100000000000000000010000100001000000000000100000100001000000010000000110100000000000010000000
001000000000000000000100000000000000001000000000100000000000000000100000000000000000000000001000000000001100000000100000000000000100000000000000000100000000000000000000001000000000000000000000000010001000001000
