010000000001000000000000000000000100100000000000000000000000000000000000000000000000100000000000010000000000000000000000000101001000000000000000100000000000000000000000000000000000000000000000000000000000011110000000000000010000000000000000000000000000000010000000000000001100000000000010010000000000000000000000010010000100000000
000000000000000000000000000000000000000000000000000000000000000000010000000000100000000000000000000000000000000000000000000000000010000000000000100000000000000000000000000000000000000000000000000000000000000000000000000000000000000000000000000000000000000010000000000000001000000000000000000000000000000000000000000000000000000000
000000000000000000000000100000000000000000000000000010000000000000000000000000000000010100000000001000000000000010000000000000000000000000000000000000000000101000000100000000000001000001000000000000000000000000000000000000000000001001000000000000000000001000000000000010000000000000000000000000000000000000000000000000000000000001
000000000000100000000000000000000000000000000000000000000000100000000000000000100000000000000000000000000000000000000000000000001000000000000010010000000000000000000010100000000000000000000000000000001000000000000000000000000000000000000010001000000100000000000000000000000000000000000000101000000000001001000000001000000000000000
000000000000000000000000000000000000000000000000000000000000000000000000000000000000000000000000000000000000000000000000000000000000000000010000000000000010000000000000000000000000000000000000000000000000000000000000000000000000000000000000000000000000000000000000000000000000000000000000000000000000000010010000000000000000000000
000100000000000000001000000000000000000100000000000000000000100000000100000000010000000000010000001000000000000000000000000001000000000000000000010000000010000000100000000000000000001000000000000000000000000000000000000010000001000000000000000000001000000000000000000000000000000000000000000000010000000000000000000000000000000000
101000000000000010100000000010001010010000100000000000000000000000000000001000000000000000000000000100000000000000000000000000000000000100000000100000000000000000000000000100000000001000010001000000000000000000000000000000000000010010000000000000000010000000000000000000010000100000100000000000000000100000000000000000001000000000
000100000101000000000000000000000000100000000000000000000000100100000000000010000000010000000000000000010000000000000000010000000010000000000001000000010000000000000001000010000000000000000000000000010000111000000000000000000010010000000000000000000000000000000000000000000110100010000000001000000000000001000000000000000000000000
010000000000000000000001000000000100000000010000000000000010010000000000000001000000000000001001000010000000000000000000001000010000000000000100000000000000001000000000000000000010000000001000010000100000010000000000000000000000101000000110000000010000000010000000000000000000000101110000010000000000001000010000000100000000000000
100000000000000000000000000000000000010000000000000010000000000000000000000000000110000000000001000100000001001000000000000110000000000000000000000000000100100100000000000000000000100010000000000000000000000001000000010000000000011000000000000000100100001001100000000001000000000000000000010000000000000000000000001000000000000000
000000000001000000000000000000000000010000000000000000000000000000000000010000000100010000000000000000000000100000010010100000000010000000000001000000000000000000100000000000000001000000001000000010000000000000101000001000000000000010000000000001000001010000011100000000000000000001000001000100000010010000000000000000001000000101
000000000000000000000000000000000000000000000000000100000000000100000000001000000000000000000010000001000000000000001100000000000000000000000000000000000000000000000000010000000100000000000001000000000000000001000000000010000000000000100000000000000000100000100000000000000001000000000000000010000000000000000000100000000100010000
000000000000000000000000000000000000000000010000000000000000010000000000000000000000000000100000000000000000000000000100000000000000000000000000000000000000000000000000000010000001000000000000010000000000100000000000010000000000000000000000000000001000000000000000001000000000100000000000000000000000000000000000000000000000000000
001000000000000000000000000000100000000000000000000000000000000000000000000000000000000001000000000000000000000000000000000000001000000000000001000000000100000000100000000000001000000000000000000000000000000010000010000000000000000000000100100000000000000000010000001000000000000000000000000000000000000010000000000000000000000000
000000000000000000000000000000000000000000000000000000100000000000000000000000000000000000000000000000000000000000000000000000000000000000000000000000000000000000000000000000000000000000000000000000000000000000000000000000000000000000000000001000000000001000000000000000000000001000000000000000000000000000000000000010000000000001
010000000000000010000000000000000000000110000000000000000010000000001000000000000000000000000000000000000000000100000000000000000000000000000000000000000000000000000000000000000000000000000000000000000000000000000000000000000000000000000000100000000000000000000000000000000010000000011010000000000000000000000000000000000000000010
000000100000000001000000000000000000100000000000000000000000000000000000000000100000010000000000010000010000000000000100010010000000000000000000000000000000000000000000000000000000000000000000000000000000000000000000010010100000000000000000000000000000000010010000000010000000000100000000000000000000100000000000000000000000000000
000000000000000000000000000000000000000000000000000000000000000000001000000001000000000000001010000000000010000000000000010001000000000000000000000100000000000000000000000100000010000000000000010000110000000000000000000000000000000000000000000000000000000000000000000000000000000000000001000000000000000001000000000000000000000010
010000000000000001000000000000000000000000000000000000000000000000000000000000000000000000000000000000000000000000000000000000000000000010000000000000000000100000000000000000000000000000000000000000000000000000000000000000000000000000000000000000000000000000000000000000000000000000000001000000000000000000000000000000000000000001
000000000000000000000000000000000000101000000000000000000000000000000000000000000000000000001000000000000000000100000000000000000000100000010000000000000000000000000000010000000100000000000000000000000000010000000000000000000000000000000000000000000000000000000000000000000000000000000000000000000000000000000001000000000000000000
000000000000000000000000000000101001000000000000000000000000000000000000000000000100000000000000000000000000000000000000000000000000000000000000000100000000000000000000000000000000000000001001000000000000000000000010000000000000000001000000000000000000000000000000000000000000000000000000000000000000000000000000000000000000000000
010000000000000001000000000000000000000000000000000000000000000000100000000000000000000000000000000000000010001000100000000000000000000000000000000100000000000000000000000000000010000000010000000000001000000000011000010100000100000010000010100000000000000010000000000000000000000000000100000000000000000000000000000000011000000000
000000000000000010000000000000000001001000000000000100000000000000000000000000000000000000000000000000000000000000000000000000000000000000000000000000000010000000000000000000000000000000001110000000000000000000000000000000000000010000100000100000000000000000000000000000000000000000000000000000000000000000000000000000000000000000
000001000000000000000000100000000000000000010000000000000000000000000010010000000000000100000001001000000000100000000100000000000000000100000000000000000000100000000010000000000010001000000000000010000000000000000010000000000000000000000000000000000000000000000000000000000000000000000000100000000010000000010000001000000000000000
000000000000000000000000000000000000000000000000000001000000001000000000000000000000000000000000000000000000000010000000000000000000000000000010000000000000000000000000010000000000000000000001000010000000000000000000000000000000001000001000000000000000000000000000000000000000000001000100000000000000000000000000000000000000000100
000000000000000010000000000000000000000101000000000000101000000000000000000000000000000001000000000000000000000000000000000000000000000000000000000010000000000000000000000000000000001000000000000000000000000000000000000000000000000000000000000000100000000000000000000000000000000000000000000000000000000000000000000000000000000000
000001000000000011000000000000000000000000000100001000100000000000000000000000000000001000000000100000000000000000000000000000000000000000000000000010000000000000000000000000000000000000000000100000000000000000000000001000000000000000000000010000000001000000000000010000000000000100000010000100000000000000000000000000000000000000
000000000000000010000000000010000000010000000000000000000100000000000001101100000000000000000001000000000000000000000001100000000000000100000010001100100000000000000000000001000000010000000000000000000000000000000000000000010000000001000000100000000000001000000000000000001000000000001000000000000000000001000000000000000100100000
000100000000000000001000000000000000000000010000000000000000000010000000000000000100010001000000000000000000000001100000010000000000000000100000001000000000000000000000000000100000000000001000000000000000000000000000000110000000000000100000000000010000000000000000000000000000000000000000000000010000000000101000000000000000010000
000000000001000001000000000000000000000000000000000000000000000000000000001000000001010000000000000000000000000000000000000000000000000000000010000000000000000000000000000000000000000000000000000000000001000000000000000000000000000000000000000000000000000000000000000000000000000000000000010000000100100000001000000000000000000000
000000000000000000000000000000000000000000000000000000000000000010000100001000000000100000000000000000000000000000000000000000000000000000001000100000000000000000000000000000000000000000000000010000000000001000000000000000000000000000100000010000000000000000000000000001000000000000000000000000100100000000000010010000000000000000
010000000001000001000000000000000000000011000000000000000000100000100000000000000000000000000000000010000000000000000100000000000000000010100000100000000000001000000000000010000000000000001000000000100000000000010000000000000000000000000000000000000000000000000000000000000100100000000000000000000010000001000000000000010000000000
000000000000000000000000000000000000000000000000000000100000000000000000001000000000000000000100110000000000000000001000000000000001000000000100010000000000100001000000000000000000100000000010100000000000000010000000000000100000000000000000000000110000001000000110000000000000000000000000000000001001000000000000000000000000000000
000000000000100001000000000000000000000001101000000001000000000000010000000000000000000001000000000001000000000001000000000001000000000000000000000000000000000000100010000000000000000000010100000000000000000100001000000000000000000000000100000000000001001000000110000000000001000000000100000000000000000011001000001000000010000000
010000000000000000000000000000000000000000000000000000000000000000000100000000000000000000000000000000000000000000000000000000000000000000000000000000000000000000000000000000000000000000000000000000000000000000000000000000000000000000000000000000000000000000100000010000000000000000000000000000000100000000000000000000010000000000
010000000001001001010000000000000000100000100000000000000010000010000000000000000000000000000000010000100000000000000000100000000000000010000001000000000000000000000000000000000000000000000000001000000000000000001000000000000001000000000000000000000000010000000000101001000000000000001000000000000000001000000000000000000000000000
000000000000000011000000000000000000000000000000000000100000001000000000000000001000000000010000000000000000000000000000000000000000100010000000000000100000000000000000010000000000010000000001000000000000000000000000000000000000000000010100001000000000000001100000010000000000000001100000000000110001110000000100000000000100000000
000100000000000000000000000000000000000001000000000001000100000000000000000000000000000000000000000000000000000000000000010000000000001011010000000000000100000000000000000000100000000000000000000000000100000000001000000000000000000000000000000000000000100000000010000000000100100000000000000000000100000000000101000000000001000000
000000001000100000000000000000001000000000000000000000000010000001000000011000000000000010010000000000000011010000000000000000010000010000000000000000000010000000000000000000000000100000000000000000000000001001000000001000010100000000100100001000000000000000100010000000000000000000000001101000000010000000000000001000000000000000
000000000001010000000010000000000001000001000100001000000000001000000000000001000000000100000001000000000000001000000000000000000000100010000000000000000000000000000000000000000000010010000000000000000000000001000000100000000000001100100100000000000000001000000110001000100000001000100010000000000010000100000000000000000000001000
000000001000000000000000000000000001000000000000010000000000000000000000000000000000000101000000000000000000000000000000000000000010000000000000000000000000000000000000000000000001000000000000000000000000000000000000000000000000000000000000000000000000000000000010000000000100000000000000000000000010000000000000000000000000000000
000000000000000000000000000000000000100000010000100000000000000001000000000000000000000000000000000000000000000000000000000000000000000000000000010000000100000000000000000000000001000000000000000000000000000000000000000000000000000000000000000000000011000100000000000000000000000000000000000000000000000000000000000000000000000000
000010000000000000000001010000100000000000000000000000000001100000001000000000000000001000000010000100001000001000000000000010000010001000000000000000000000000000000000000000100001000010000000000000000001000000000000000000000001000010000000010000000101010000100000000000000000000000000010000000000010000000000000000000010000000001
000000000000000000000000000000000000000000000000000000000000000000000000000000010010000000000000000000000100000000000000000000000000000000000000000000000000000000000000000000010000000000000000000000010010010000000000100000001100000000000000000000000000000000000000000000000000000000000000000000000000000000000000000000000000000000
100000000000000000000100010000010000000000000000000000100000000001000000000000000000000001000000000000000000000000000010000000000000000000000000000000000000000000000000000000000000001000000000000000000010000000000000000000000000000000000000000000000000000000000000000110000000000000000000000000100000000000000000100000000000000000
000010000000000000010000000000000010000000001000000000000000000000000001000000000000000000010000000000000001000000000000100000000000000000000000000000000000000000000000000000000000000001000100000000001000000001000000000000000000000000000000000000000000000100100000000000000000000000000000000000000000000000101000000000000000000000
001000000000000000000000000000000000000000000000000000010001000010000000000100000000100000000010000000000100001000000000000000000001000000100000010000000000000000000001001000000000000000001000000000000000000000000000000000010000000000000000000000000001000000000000000000000000000010000000000000001000000000000000000000000000000000
000000000000000000000000000000001000000000010001000000000000000100000000001000000010000000001000000000100010000000000000010100000000100000000000000000000000000000000000000000001000001000001000000000000000000000000000000001001000100011000000000010000000000001010100010000000100000000001000000000000001000100000000000110000000000000
000000001010100000000000010000100000000100000001000000000000000010000000000000101000000000100000100000001000000000000010100000000000000000000000000000000000000000000010000000000000000000000000000000001000000000000000000000000000000000000000000000000000000000000000000000000000000000000000000000000100000000000000000000001000000000
000000000000000100000000000000000000000000000000000000000000000000000000000000000000000000000000001000000000000000000000000000000000000000000000000000000000001000000000000000000000000000000000000000000000000001000000000000000000000000000000000000000000000000000000000000000000000000000000000000000000000000000000000000000000000000
000000011000000000010000000000100110000010000000010000000000000000000000000000000000000010000000000000100000000000010000001010100000001000000001000010000100000100000000010000000000000011000000001000000000000000000000000000000000000000000000000000010100100001000000101000010000000000000000000000000000000000000000000010010000000000
000000000000000000000000000000000000000100000000000000100000000100010000000001000000000000001000000000000000000000000000000000000000000010000000000000000000000000000000000000000000000000000000000000000000000000000000000000000000000000000000000000000000010000000000000000000000000000000000000000000000000100000000000000000000000000
000000000000001000000000000000000000000000000000000000000000000000000000000000100000000000000000000000000001000000000000000000000000000000001000000000000000000100000000000000000000000000000000000000000000000000000000000000000000100000000000000001000000000100000000000000000000000000000000000000000000000100000000000000000010000000
000000000000000000000000000000000000000100000000000000010000000100000000001000000100000000000000100000000000000000010000000001000000000000100010000000000000000000010000100000000001000000000010000000000000010000000000000000001001001000000000000000000100001010000000100000000000100000000010000000000000000010010000000000011000000000
000000100000000000000000100000000000000001000000010000000000000001000000000000000000000000000000000100000000100000000100000000010000000000000000000001000000010000100001000000000000000000000000000000010000000000000000000000000000000000000000000000000000000000010000000000000101000010000000000000100100000000110000000000000000000100
000000000000010000001000000010100000000000000000000000000000000000000000000001000000000000000000000000100000000100000000000000010000001000000001000000000000000000000000000000000000000000000000000000000000000000000000000000000000000000000000000000000010000000000000000000000000000000000000000000000000000000000000000000000000000000
000101000000000000110000000000000000100000000100000000000000000000001000000000000000000000000000000000000000001000000000000000000000000000000000000010001010000000001000000000000000000001000001000000000100001000000000010000000000000000000000000000100100000100000001000000000000000000000000000000000001000000000010000000000100100000
000000100000000000000000000000000000000000001010000000000000000000000000000000000001000000000000000000000000000001000110001000000000000000000010001000000000000010000010000000000000000100000000000010000000000000000000000000000010000000000000000000000000000000000000000000000010000000000000000000000000000001000000000000000000001000
000000000000000000000100000000000000000000000000000000000000000000000000000000000000000000000000100000000000000000000000000000000000000000000000001010000000000000000000000000000000100000000000000000000000000000000000000000000000000000000000000000000000000000000000000000000000000000000100000100110000000000000000000000000000000000
001000000000000000000000000000000000000000000000010000000010100000000000010000000000000000100000000000001000001000000000100100001000010000000000000000000000000000010000000100001010000000000000000000010000010100000001000000010000100000000000000000000000000000000000000000100000000000000000000010000000000010000000000000000000010000
000001000001000001000000000000000000000000010000000000000000000000000000000000000000000000000000000000000000000000000000000000000000000001000000000000000000000000001000000000000000000000000000000000000000000000000000000000000000000000000000000000000000000000000000000000000000000000000000000000000000000000000000000000010000000101
000000000000000000000000000000000010000000000000000110001001000000000000000000000000000010000000110000000000000000000000000000000000000001001000000000000000010010000000000000000000000000000000000000000100000010000000000001000000100000000000000000000000000000000000000000000000000000000000000010000000000000000000000000000001000000
000000000000000010100000000000000000000000000000000000000000001000000000000001000000001000000000000000000000110010000000000000000000001000000000000010000000000000000010000000100000000000100000000001000000000000000000001010000010000000000000000001000000010000100110001000010100000000010000001000000000010100001000100000000100000001
000000000000000000000000000000000000000000000000000000000100000000000000000001000100000000000000000000000000000000000000000000000000000000000000000000000000000000000000000000000000000000000000000000000000000000000000000000000000000000000000000000000001000000000000000000000000000000000000000000000000000000000000000000000000000000
000000000000000000000000000000000000010000000000000000000000000000000000000010000000000000000000000000000000000000000000000001000000000000000000000000000000000000000000000000000000000000000000000000100000000000000000000000000000000000000000000000000000000010001000000000000000010000000000000000000000000000000000000000000000000000
000000000100000000000100000010010000000000001000001010100000000000010001000000011000001100001000100000000000000000000100000000000010000000000000000000000100001000000011000000000000000000000000000000001000000000000000000010000000000000001000000000001000000000000000000000000000000000000000000000000000010000000000010010000000000000
000000000000000000000001000000000001000000000000000000000000000000000000000010000000000000000000000000000000000000000000000000000000000000000000000000000000000000000000010000000000010000000000000000000000000000000000000000000010100000000000000000000000000000000000000000100000000000000000000010000000000000000000000000000000000000
000000000010010000010000010000000000100000010000000001000000000000000000000000000000000000000001010000001000000000000000000011000000100000001000000000000000000000001000000001001000000001000000000000010000000000000000000010000000000000000000000000110000010000000000000000000001000000000000100000000000000010000000000000010000001000
010000001001000000000000000100000010000100000101000001000000100010010000000100001000000000001000000010000000000000000000000000000000100100000000000000010000000001000000000000100000000100000000000000000000001000000000000010000010000000011000000000000000001000000011000000000000000000000000000000000000000000000000010000000000100000
000000000000000000000000000000000000000000000001000000000000000000001000000000000000000000000000000000000000000000000000101000000000000000000000000000000000000100000000000000000100000000000000000000000000000000000000001000000000000000000000000000000000000000000000000000000000000000000010000000100000000000001000000000000000000000
000000000010000000000000000000000000000000100000000000000000000000000000000000000000000001000010000000000000000000000000000000000000000000000000000000010000000000000000000000001000000000000000000000000100001000010000010000000000000000000000000000100000001000000000010000000000000000000010000000000000000000000000000000000001000000
000001000000000000000000000000000000000000000100000000010000000000000000000001100000000000000000000000000000000000000000000000000000000000000000000000000000001000000000000000000000000000000000000000000100000000010010000000000000000000000000000001000000010000010100000000100000010000000000000000000000000000000100000000000000000000
000100000000000000100000000000000000000000000100000000000000000000000000000000000000000000000000001000000000000000000000000000000000000000000000000000000001000000000000000000001000000000000000000000000000000000000000000000001000000000000000000000100000000000000000000000000000000000000001000000000000000000000000000000000000100000
000000000000000000000000000000000000000000000000000000000000000000100000000000000000000000000000000000000001000000000000000000000000000001001000000000010000010001000000000000000000001000000000000001000000100000000000000100000000000000000000000000000000000000000000000000000000000000000000000000000010001000000000000000000000000010
000000001000000000000000100000100000000000000100000010000100000000000000000000010000000000000000000001000010000000000000001000000000101100000000000000000000000000000010000000100100000000000000010100100000000000101000010000000001000000000010111010000000000000000000100000000000010000000000100000001000000000000000000000010000000000
000000000001000000000000100010000000100000010000000000100000000000000100000000000001100000000000000000000000000000000010001000000000000010000000100000000000000010001000100000000000000000000000000000000000000010000000000010000000000000101000000000000011000000000000001100100000010000000000000000010100000100000000000110000000000000
000100100000000000000000010000000000001011000000000000000000000000000000000000000000000001100000000000000000000000000001000000000000000000000001010000000000000000010000000100000000000100000000000000000010000000000000101100100000000000000001000000000000000000000000000000000000001000110000000000000000000000000000000000000000000000
000000000000000000000000000000000000100000000000000000000000000011000001010010000000000000000000000000000000000000000000000000000000000000000000000000000010100100000000000000001000000010000000000000000010000000001000000000100000000010000100000000000000000000000000000100000000001000000000100000000000101000000000000100000000100000
000000000001000010000000000100000000010000000000100000000000000000000000000000000000000000000000000000100000000000000000010100000000000000000001000000000000010000000000000000000100000100000000000000100000000000100000000000000000000000001000100000000000000000001000000000000000000001000000000000000010000000000100000000000000000000
000000000000000000100000000000000000000000000000000000000000000000000100001000010110000000000001100010000000000000010000000000000000000000000000100000000000000000000000100000000000000000000000000000000000000000000000000000001000010101000010000000000100100000000000000100000100000000000000000000000000001100000000000000000000001000
000000010000000001010000000000000000000000000000000000000000000000010000000000000000000000010000000000000000000000000100100000000000000100000000000000000000000000000000000000000000000000000000000000000001000000100000001000000000000000000000000000000000000000000000000000000000000000000000001000000000000010100000000000000000000000
000000010000000000001100000000000000010000000000000010000000001000000000000000010000001010000000000000000000010000100000000000000000000000000000000000000000001001000000100000000000000001000100000000000110000000010000010001001000000000100001000000000000100000000000000000000000000000000110001000000000000000010000000000011011000000
000000000000000000000110000000000000000000100001000000001000000000000000000000010000000000000000101000000000000000000000000001000000000000000100000100000000000000000000000000000000000010000000000000000000000000000000010000000000000001110000010000000010000000100000000101000000000100010010000000010000000000001000000001000000000000
000000000000000000000000000000000000000000000000000100000100001000000000000000000000000000000000000000000000000000000000000000000000000000000000010000000000000000000000100000000000000000000000000000000100001100100000000000000000000000000000001000000010000100000000000000000000000000000010001000000000000000000000000000000000000000
000100010000000000000000000000000000000000100000000000000000000010011000000100010000000000000000000000000010000010000000010000000000000000000000000000000010000000000000001000000000000000000000000101000000000000000000000000010000000000010000000000000010000000000000000100100000110000000000000000000000000000000000000000000000000000
000000000000000000010000001000100000010000000000000001010000000110010000000000000000000000010101000100000000100000000000000000000000001000000000100010000000000000000000000000010000000001000000000100000000000000000000000000010010000000000000000000000010000000000001000000011000000000000001000000000000100000000000000000011000100000
000000000000000000000000000000000000000000000000000000000000000000000000000000000001000000000000000000000000000010000000000000000000000000000000000000000000000000000000000000000000000000000000000010000000000000000000000000000000000000000000000000000000100000000000000000000000000000000000000010000000000000000000000000000000000000
000000011000000000000000000000001000000000100000000000000000000000000000000000001100000000010000101000000000001101000100000000100000000000010000000000100000000000000000100000000000001000000000000000000000000001000000000100001000000000000000000000100000000000000000000100000000100000000110000000000000000000000000000000010000000000
000100001000000000000000000000000000000000000011000000000000000000000000000100000000000000000000000000000000001000000100001000000010000010000000000100000000000000001000000000010000000000100000000000010000000000010000000000000001000000000000010000000000010000000000000000000000001001001000000100000000000000100000100000010010001000
000000000000000000001100000000001100000000000000000000001000000000000000000000000000000000000000001000000000000100000000000000000000000000000000000000000000000000000010000000000000000000000000000000000000000000000000000000000000000000000000000000000000001000000000000000000000000000000000000000000000000000000000000000000100000000
010100000000000000000010100000000000000000000000000100010000000000100000000010001000000000001000000000000000000000000010000000000001000001000000000000000000001000000001000000000010000000010000101000010011001000100000000000000100000000000000000000000000000000000000000000010000010010000000010000000000101000000000000100000000000100
000000001000010000100000000000000000000000000011001000000001000000000000000000000000000000000000000000000000000000000010000000000000000000000000000000101000000110000000000000000000000000100000000000000000000000000000100100000000000000000000000000000000001000100110000000000010000000000000000000100000001000000010000000000101010000
000000010000000001000010000000000100000000000000000000000110000000000000000010000000000000000000000010100000000000011000000000000001000000000011000000000100010010000000000000010010011000010000000000000000000000000100000000000000000000000000000000010011000100000000000001000000010000000000000000000001000000000000000100000000000000
000000000000000000000000000000000000000000000000000000000000000000000000000000000000000000000000000000000000000000000000000000000000000000000000001000001000000000000000000000000000000000000000000000000000000000000000000000000000000010000000000000000000000000000000000000000000000000000000000000000000000100000000000000000000000000
000000000000000100000001000100000000000000000000001000001001000000000000000000000000000000000010000000000000000000000001000000000000000000000000000000000000000000000000000000000000010010010000000000000000001000000000000000000000000000000001000000000000000000000000000010000000000010100000000001000000100000000000000000000000000000
001000000000000000000000000000000000000000000000000000000000000000000000000000000000010000000010100000000000001000000000000000000000000000000000000000000000000000000000001000000000000000000000000000000000000000000000000000000000000000000000000010000000000000000000000000000000000000000000000000000000000000000000000000000000000000
000000000000000000000000000000100000000000100000000100000000000000100100000000000000000000000000000000000000000000001000000000000000000000000000000000000000000000000000000010000000000000000000001000001000000000000000000000100000000000000000000000000000000100000001000000000000000000000000000000000000000000000110000001000000000000
000000000000010000000101000100000010000001001010001001000000000010000100000000000000000000000000000000000100000000000000000000000000000000000000000000100000000000001001000000000100010000000000000000000000000001000000010000000000000000000000000000000000100000000000000000010000000000100100010000000010000000000000000000000000000000
000000000110000001000001000000100100000000000000010000000100000000000000001000000000010000011000000000000000000000000000000000000000000000000000000000000000000010011000000010010000000000000000000000000000000000100000000000000010000000010001000000100000000000000000001000000000000000000100000000000000000000100000000010000000000000
000100010000001000000000000000000000000000000000000010000000000000000000000000000000000000000010000010000000000000000000000000000000000000000000000000100001000000000000010000000000100000000100000000000000000000000000000000000100000000000010000000000000000000000000001001001000000000100000000000000000000000010001000001000001000000
