000000000000000000000000000000000000000000000000000000000000000000000000000000000000000000000000000000000000000000000000000000000000000000000000000000000000000000000000000000000000000010000000000000000000000000000000000000000000000000000001000000000000000000000001000000000000000000000000000000000000
000010010000000001000000000000000000000000000000000000101000000000000010000000000000000000000001010000000000000100000000000100000000000000000000000000000000100010000000000000000000000100000000010000000000000000001000000000000000000000000000000000010100001100000010000000000000000000000000001000000000
000000000000000000000000000001000000010000000000001000000000000000000100010000000000000100000000001000000000000000001100000001000000000000000000000000000000000000000000000000000000000000000000000000000000000000000100000100010000000001000000010000000000000000000000000000000000000000000000000000000000
100001000000000000010100001000001000000000000000000000010000000000000000000000000011000000000000001000000010010000101010000000000100000000000001000000000000000000000000010000010000000000000000000010000000001000000000001000000000000000000000000000000000000010000010010000010000000000000000000000000100
000000000000000000000011000000000000000000000000000000001000000000000000001000100000000000000000000000000000000110000000000000000000000000000000010000000000000000000000000000000000000000000000000100001000000000000000000000000000000000000001000000000000000000000100000000100100000000000000000000000000
000100000000000000000000000000000000000000000000000000000000000000000000000000000000000000000100000000000000000000000000000000000000000000000000000000000000000000001000000000001000000000000000000000000000000000000000010000000000000000000000000000000000000100000000000000000000000000000000000000000000
000000000010000000000000000000000000000000000000000000000000000000000000000100000000001000000000000000001001000000000000000010000000000000000000000001000000001000000000000000000000000000001000000000000000000001000000001000000000000000001000000000000000000000000000000000000000000000000000000000000001
000000000100000000000000000000000000000100000000000000000000000000000000000000000000000000000000000100000000001000000000000000000000000000000000000100010000000000000000000000000000000000000000000000000000000000000000000100000000000000000000000000000010000000000000000000000000000000000000000000000000
000000000000000000000000000000000000000000000000000000000000001000000000000000000000000000000001000000000000000000000000000000000000000000000000000000000000000000000000000000000100000000000000000000000000000000000000000000000000000000000000000000000000000000000000000000000000000000010000000000000000
010000000000000000000000000000000000000100000000000000000010000001000000000100000000000000100010000000000000001100011000100001000000000000100000000000000100000000000000000000000000000000000000000000000001001000000000000000000000000100100000000000000000000000000000001010010010000000100011000000000100
000000000000010000000000000000000010000000000000000000000000000000010000000000000000000100000000000000000000000000000000000000000000000000000001000000000000010000000000000000000000000000000000000000000100000000000000000000010000000000000000000000000101000000000000000000000000000000000100000000000000
000000000000000000000000000000000000000000000000000000000000000001000000000000000000000000000000000000000000000000000000000000000000000000000000000000000000000000000000000000000000000000000000000000010000001000000000000000000000000000000000000000000000000000000000000000000000000000000000000000000000
010000000000000000010000000000000000000000000000000000000000000000000000000000000000000000000000000000000000010000000000100000000000000000000000000000000000000000010000000000000000000000000000000000000100000000000000000000000000000100000000000000000000000000000000000000000000000000000000000000000000
000000000000000000000000000000000000000000000001000000000000000000000010000000001000000001000000100000000000000000000000000000000000000000000000000000001000000000100010000100110000001000000000100000001100000000000000100000000000100010000000000000000000000000000000000010000000000000000000000000000000
000000000010001000001001000010000000100000000000101000001000000000000000000000000000000000000000000000000000000001000100000000000000001000101000000000000000010000000000001000000000000000000000100010001000100000000000100100100010100000000000000000001000000000000000010010000000000000010000000100000000
000000100000000000000000001000000000101000000000000000000000000000000000110000000000000000000000000000100000000010000000000000000000000000000000000011000000000001000000000000000000000000000000000000000000000010000000001000000000000000000000000000000000000001000000000000000000000000000000100000000000
000010000010000000000000000000000000000000000000000000000010100000001000000000000000000000000000000000000000000000000000000010100000000100000000010001001000100000001000001000100000000000000100000010100000000000000000000000000000000000000000010000000000000000100100000100010000000010001000000010000000
000000000000000000000000000000000000000000000000000000000000000000000000100000000000000000000000000000000000000000000001000000000000000000000000000000000001000000000000000000000000000000000000000001000000000000000000000000000000000000000000000010000000100000000000000000000000000000000000000000000000
000000000000000000000000000000001000000000000000100000000000000000000000000000000100000000000000000000000000000000000000000000100000000000000000000000000000000000000000000010000000000000000000000000000101000100000000000000000000000000000000000000000000000000000001000000000000000100000100000000000000
000000000100000010000000000000000000000000000000000010000000000000000000000000001000000000010000000000000000000010000000000110000000000000000000000000000000000000000000000000000000000000000000000000000000000000000000100000110000001000000000001000000000000100000000000000000000000000000000000000000010
000000010000000000000000000001000000000001000000000000001000000000010000000000000000000000000000000100000000000000000000000000000000010001000000000000001010000000000000000000000000000000000000000000000001000000000000000000000000000000000000001100000000100000000000000000000000000000000000000000010000
010000001000000110000010000000000000001000000000000000000000000010000000000000000000000000000000000000000000000100100100000001000000000000000010000100000000100000000001100000010000000000000000000000000001000000100000000000000000000000000000000000000000000111000010000100010000100000000000010010000000
000000000000000000000000000000100000000000000000000000000000000110010000000000000000000000010000000000101000000001000000001010000001000000001000000100000000000000000000000000000000000000000000000101000000000000100000010000100000000000010000000001000000000000000000000000001000000001000000000000000001
001000000000010001000000000000000001000000000000000000000000001000000001000100000000000000000000000000110000000000000001000000001001000000000000001000000001000000000000001000000000000000000000000000100010000000000000000000000000000000010000001000000000000000000000000100000000000000000000000000110000
000000000000000000000001000000001000010000000000000100000000000000000001000000000100000000000000000000000001000000000000000000100000100000000000000000000000000000000000000000000000000000000010000000000000000010001000000000000000000000000000100000000100000000000000000000000000100000000000000001000000
010000000000000000000100000100010000000000000000000000000000000000000000000000000000000000000000000000000000010000000100000000000000100000000000000001000000000001000000100000000000000000000000000010100000000000000001000000000000000000000100000000000000000001000000000000000000000000000000000000010010
000100000000000000000000000100000000000000001000000000000001000000000000000000000100000000000001000011000010000000000000000000000010000000001000000000000000000000000000000000101001000000000000000000000000000000000010000000000000001001000100000000000010010000000000000000001000000000000000000000000000
000000000000000100000000100000100000000000000000001100001010000000000000000000010000000000100000100000011000000000001000100011000001000010000000000000000000000000010000000000000010000000000010000000000011000000000000000000000000000000000001100001000000000001000010000000000000000100000000000000000000
000000000000100000000000000000000000000000010000000000000000000000100001000000000000000000000000000000000000000000000000000000000000000000001010000000000000000000010000000000000000000000000001000000000000000000000000000100000000100000000010000000000000000000000100000000000000000000001000000000000000
000100000100000000000000000000100000000000000001000000000000000000101000000100000000100000000000000001000001000000000000000010100000011000000000000010000000000000000000000000000000000000000000100000000001000000000000000000000001110000000000000000000000100000010010000000001000000101000100001100000000
000000000000000000000000000000000000001000000000000000000000000010000000000000000000000000000000000000000000000000000000000000000000000000000000000000000000000000000000000000000000000000000000000000000000000000000000000000000100000000000000001000100000000000000000000000000000000000001000000000000000
000100000000010010001010000000000000000000000000000000000000000100000000000001000000000000000000001000000000000000000000000000000001000000000000000000000010000000000000000000000000000000000000000000001000000000000000000010000000000000010000000100001010110010001001000100000001000000100000000000000000
000000000100000000000000000000000100000000000001100000000100000100000110010000000000100000000000010000100000010000000000000000000000000100000000000000000010000000001000000000000000010001000001000000000000000000000000000000000000000000000000100000000001000000010000000000010000000000010000000010000100
000000000000000000000000000000000000000000000000000000000000000000001000000000000000000000000000000000010000000000100000000001000010000000000000000000000000000000001000000000000000000001000000010000000000000000000000000000000000000000000000000000000000011000000000000000000000000000000000000010000000
000000000000000000000000000000000000000000000000000010000000000000100000000000000000000000000000000000000000000000000000000010000000000000000000000100000000000000000000000000000001000000000000001000000000000000000000000000000000000000100000000100010000000000000000000000000000000000000000001000000000
000000101000000000000000000000000001100010000000011000010001000000000000000000000000000000000000000000100000000000000000000000000000000000000000000000000000000100000001000000000000000000000000000000000000000000000000000000000000000000000000000000000000000000000000000000000100000000000000000000000000
000000000000001000000000100000000000000100100000000100000000000000100000000000000000110100000000000000000010000000000000001000000100000000000000100000001000000000000000000000000000100000000000001000000000000010000100000000000001010000000010000000000000000000000000000000000000001110000000010000000000
000000000000000000000000000000000000000000000000010000100000000000100000000001000000001010000000000000000000000010000000000101011000001010000000000000000000001000000100010000000001000000000000000001000000000000000000000000100000000001010000000000000000000000000000000110001000010001000000000010000000
000100000000000000000000000000000000000100001000000000000000000000000000000000000000000000000000000000001000000001000100000000000000011000000000000000010000000000000000000000001011000000000000000000000000000001000000000000000001010110000000000000000000100000000001000000110000000000000000000000000000
000000000000000000000000000001000000000000000000000000100000000001000000101000000000000000000000000010001000000010000000000100000000000000000000000000000001001000000000000000010101000000000001000000000000010000000000000001100000000000000000000000000010000001000000000000000000000000000000000000000010
000000000000000000010001000000000000100000000011000000000000000000000000000000000000000000010010000000000000000000000000001000000000000000010000000000000000000000001000010000000000000001010100000000101000000000000000000000000000000000000000000000000000000000000000000000000000110000000000000100010000
100000000001000000000000000000000001000000000010000000000100000001000000010000100000000000000010000000000000000000000000000000000000000010000001000000000000000010000000000010000000000000000000000000000000000000100000000000000000000000000000000000000000000001000000000000000000000000000000000000000000
000000000010000000000000000000000000001000000000000100000000100000000000000000000000000000000000000000000000000000000000100000000000000000000000000000001000000000000000000000000001000000000000000000000000000000000000000000000000000000000000000000000000000000000000000000000010000000000000000000000000
000000010000000000001000000000000100000000000000000001000001000000000000001000000000000100000000010010000100000000010000001000000000000010010000000010001000001000000000100000000000000000000101000000001000000000000000000010000000010000100000000000000000000000000100000000000000000000000000100000000000
000001000000000000000100000000100000001000000000010000000000100000000000000000000000000000000000001001000000000000000000000010100000001000000000000000000000000000000100000000100000000100000010000000000000000000000000000000000010100000000000000010000000000000000001000000000000000000000000000000000000
000000000000000000000000000000000000010000000000000000000000000000000000000101000000000000000000000000010000000000000000000000000000000000000001000000000000000000000000000000000000000000000000000000000000000010000000000000001000000000000000000000000000000000001000000000000000000000000000000000000000
000100000000000000000000000000100000000000010000000000000000000000000000100000000000000010100100000000000000000000000000000000000001001000010000000000001000000000000000000000000000001000000000000001000000000100010010000000000000100100000100000000000100000000000000000000000000000000000000000100000000
001010000000001010000000100000000000000010000100001000000000000010000000100000000000000000000000000000000000000100100000100010000000000100000000010010000000000001100000000000000000000000011000000000000000000000000000000000000000000000001000000000000000000000000000100000000110000000000000001000000000
001010000000000001000000000100000000000000011010000000000001110000000000000001000000000000000000000000100000100000000010000000001001001000000000000000000000000000000000000000000000000100100000000001000000000000110000000000000000001000000000000000000000000000000000000000000000000000000010000010000000
000000000000000000000000000000100000000000000000000000010000000000000001000000001000000000000000100000000000000000000000000000000000000000000000000000000000000000000000000000000000000000000000000000000000000000100000001000000000000000100000010000000000000100000000000000000010000000000000000000001000
000000000000000000000000000000000000000100000100000000000000000000000000000001000000100000000000000000000010000000000000000000110000000100000000000000000001000000000000000000000010000010000100000000000000000000000000000000000000001000000010010100000101010000100010000001000000001000100000000000000000
010000010000001000000000000010000000000000000000000000100000000001000010010000100010000010000000000100010000000001000000000000000000001000000000000001000000000000000000000000000010000000000000000000000000000000000000011001000100000000000000000000000100000000000000000000000000000000010000000000100000
000000000000001000000000000000010100010000000010000000000000010000000000000000000000000000000000000100001000100001000000000000100000000000000000000100000000000000000000000010110010000000001000000000001001000001000000000000000001000000000101100010000000000000000000000000001000000000000000001000000010
001100000000101000000000000000000000000000110000000000000001000000000000100001000000000000000000000000000000000000000100000000000000000100000001000011110000000000100000000010000000000000000000010000000100001100000000001000000000000000000000000000000010000010000000000000000100000001000000000000000001
000000000000000000000010000000010000000000000000000000000000000001000001000000100000000000000000000000000001000100000000000011000000000001100000000000000000000000100000000001000000000001000000000000000000000000000000110000000001000100000001000000000000000000000010000000000000010000000000000010100000
000000000000001000000000000000000000000000000000000000000000000000000000000000000000000000000000000000000000000000000000000000010000000000000000000000000000000000000000000000000000000000000000000000000000000000000000000100000000000010000000000000000000000000000000000000000000000000000000000000000000
000000010000001100000010000000010000000011010000000001000100000000000000000000000010000000100010001000000000000000000000000000001000000000000000000000000000000000000001000000000000000000010000000000001000100001010000000100000000000000001000000000000010000000000000000100000000000000000010000000100000
000000000000100010000000000100000000000000000100100000000000000000000001001000000000100000000001100000000000000000000000000000000100000000000000000010000000001100000000001000000000000000000000000000000000000000000001000000000000000000000000000100000010000000000000010000000000100000000000000000000000
001000000000000000010000000000100000000000000001000000100110010000000000000000000000000000000000000000000000100000000100000000000010000000000000000000000000001000011000000000000000000000101000000100000000000000010000000000100100000000000000000000010000000000000000000000000000000000010001000000000000
100100010000000000100001000000000000000000000000000100000001000110000010000000100000010000000000000000100000000000000000000000000000000000000000000000000000100000010000100000000000000000000000000000000110000000000000000010000000100000000001000000000000000000000000000000000000000000000010100000000000
000000000001000000000000000000010000000000000000000000000011000000000000000000000000000000000000000000000100000000000000000000000000001000000000000000000000000000000000000000000000000000000000000000100010000000000000000000000000010000000001000000000000000000000000000000000100000000000000000000010000
000000000000000000000000000000000001000000000000000000000000000000000000000000000000000000000000010000000000000000000000000000000000000000100000000000000000000010100000000000000000000000000000000000000000000000000000000000000000000000000000000000000000000000000000000000000000000000000000000000000000
000000000000000000000000000000000000000010000000000000000000000000000000010010000000000000000000000001000000000000000001000010010000000000000000000100000000000000001000000001000000001000000000000000000000000000000100000000000010000010000000000000000000000000000000000000000000000000000000000000100000
000001010000010000010001000000000000001000000000000000001010000000000001000000000000000000000000000000110100100100010000000000000000000000000000000000000000000000001000000000000000000000100001000010000100000000100000000000000000000000000000000000010100000000000100000000000100000000000000000000001000
000000100000000000000000000000000000001010000000000000000000001000000000000000010000000100000000000000000001000000000000000000000000000000000000000000000000000000000000010000000010000000000000000000000000000000000000010000000000000000010000000000000000000000010000000000000000000001000000000000000000
000000000000000000000000000000000000000000000000000000000100001000000000001000000100000000010001010000000100000100000000000000000000000000010000000010000000000000100000000000000000000100000001000000000000000000000000010100000000000010000000000000010000000000000001010000001000000000000000000001100110
000000000000000001000000000000000000000000000100000000000000000000000000000000000000000000000000000000000000000000000000000000000000000000000000000001000000000000000000000000000000000000000000000000000000000100000000001000001000000000000000000000000000000000000000000000000000000000000000000000000000
000000000100000000000000000000000000000000000000010000000000010000000000000000001001001000000001000000010000100000000000000010000100001001000100000000000010100000000000000000000000000000000000100000000000000000000000100000000000000000001000001000000000000000000000000000000000101001000000000100000000
000000000001000000000000000000000010000000000000000000000000100000000000000010000000000001000000000000000000000000000000000000010000000000000000000000001000000000000000000010000000000000000000000000000000000000000000000000000000000000000000000000110000000000001000000000000000000000000000000000000000
000000000000000000000010000000000000000000000000000000000000000000000101000000000000000100000000000000000000000000000000000000000010000000000000010000000000000000100000000000010000000000000000000000000000000000000000000100000010000100000000000000000000000001000000000000000000000100000000000000000000
100000110000000000000000000000000000100000000000000000000010000000000000000000000000000000000000000100000000000000000000000001000000001000001000000100000000000010000001000000010000000000000100000000000000010000001000000000000000000001000100000000000001000000000000000000100000010000000001000000000100
000001000000000000000000000000000000000000010000000000000000000000000000000000000000000000000000000000000000000000000000000000000000000000000000000000000000000000000000000000000000000000000000000000000000000000000000000000000000000000000000000000000000000001000000000000000000000000000000100000000000
000000100000000000000000000000000000000000000000000000000000000000000000000000000000000000100000000000000000000000000000000000000000000000000000000000000000000000000000000000001000000000000000000000000000000000000000000000000000000000000100000000000000000000000000000000000000000000000000000000000000
000101000000000000011000000000000000000000010000100000000000000000010000000010000000000000000000000000000000000000100000000001000000000000000000100000000000000001000000000000010000001000000000000000000000000000000010001000000000000000010100000010000100000000000000000000000000000000000000000000000010
000000000000000000000000100000000000010000000101000010000000000000000000001000000000000000000000000100000000000000000000000100000101000000000000000000010001000001100000001000000001000000000000000000000000000000000000000010000000010001000000100011000000000000000100010000000000100000000000000100000010
000000000000000000000000000000000000000000000000000100000000000000000000000000000100000000000000000000000000000000000000000000000000000000000000000000000000000000000000000000000000000000000000000000000000000000000000000000000000010100000000000000000000000100000000001000000000000000000000000000000000
000000001000000000001100000000000000000000100000100000000000100000000000000000000000000001000000000000000000000000000001000000000000000000000110000000000000000000000000000000000000000000000000000000000000000000000000000000000000000000000000010000000000000001010000100000000000000000010000000000000000
000010000000000000000000000000010000000000000001000000000000100001000000000000000000000000000000000100000000010000000000010000000000000000000100000000000000000001000000000000000000000000001000000001000010000000000000000000000001100001000000000010000000000000000100010000100000110000100000000000000000
000000000000000110000000000000000000000000001000000000000100000000100000000000000000000000100000000010000000000000000000100000000001000100000000000000000100000010000000000000000000000110100000000000000000100010100000000000000000000000000000101000000000000000110000000000000000000000001000001000100000
000001000000000000011000000000000000000000000000000000000000010000000000000000000000010000001000001010000000000000000000000001100000000000000000000000000000010000000000000000000110000000000100000000001000000010000000000000000000000000100000000001000000010000000000001000000100000010000000000011100000
000000000000000000000000000000000000000000000000000000000000000000000000000000001000000000000000000000000000000000000000000010000000000000000000000000000000000000000000000000000000000000000000000000000000000000000000000000000000010000000000000000000010000000000000000000000000000000000000010000000000
000000000000000000000001000000000000001000000010000000000000000100000000000010000001000000000000000000001000001000000000000000000000000001000000000000000100000000000000000000000000000000000000000100000000000000000001000000000000000000001010000000000000000000000000000010100100000100000000000000000100
010000000000000000000100000000000010000000000000000000000000000010000001101000001000001000000101000000100000100000000000000110000000000000010100000000000001100000000000010000001000000000000010001000000000100000000000001000000000000100000000001000000000001000000000000000000100000000000001000000000000
000000000010000000000000000000101000010000000000000000000000000000000000000000000100000000000000000000000000001100000000000000001000010000000000000100001000000000000010000000000000000000010000000000000000001001000010000010000000011000000000000000000000100000010000000000000010000000000000100000000000
000000000000000000000000000001000001000000000000000000000000000000000000000001000000000000000000000000000000000000000000000000000000000000000000000000000000000000000000000000000000000000000000000000000000000000000000000000000000000000010000000000000000000000000000000000000000000000000000000000000000
000000000000000000000000000000001000000000000000000000100000000100000000000000000000001000000000010001000010000001000000000000000000000000000000000100000000100110000011010000000000000000000000100000000100000000000000010001000000100000000000000000000000000000000100000000000000000000000000000000000000
000000000000000010000000000000000000000100000001000000000000000000000000000000000000001000000000000000000000000000000100000000000001000000000000000000000000000000000000000000100000000000001000000000100000000000010000000000001000010000000000000000000000000000000000000000000000000000000000000000000000
110000000000000000000000000000000000000000100000001100001000001000010000000000000010000000000000000000000001000000000100000000000000010000000100000100000010010100100001000000000000000000000000010000000100000000010000010100000000001001000000001100000000000000000000000000000000000000000000100000000000
000000000000000000000000001000000000000000000000000000000000000000000000000000000000000001000000000000000000000000000000000000000000000000000000100000000000000000000000000000000000000000000000000000000000000000000000000000000000000000000000100000000000000000000000000000000000000000100000000000000000
000000000000000000000100110000000000000000010000010000000000000010000100000000000000000000000000000000100000000000000000000000001010000100000100010000000000000000000000000000000010010000000000000100000000110000010000000000000000000000000000000000001000000000001000100000001000000000010000001000010000
010000100000000000000000101000000000100000000000000000000000000000100000000001100000000000100000000000000010100000000100000000000100000000000000000000000000000000000000000000001000000000000000000000000100000000110000000001001000100000000000000000010000000101001000000000000000000110000000000000000010
000000000010000000000000100000000000000000000000001000000000000000000000001100001000100000000000010000000000000000000010000000000000000000100100000000000000000001001000000000001000000000000000010000100100100000000000000000000000000001000000000000000001000000000100000000000000000000000010000001000000
000000000000000000010000000000001000000000000000000000000000000000000000000000100000000000100000000000000000100000000000000000000000000000000000000000000000000000000000000000001000000000000000000000000000000100000000100000000000010000000000001000000000010000000000010000000000000000000000000000000000
000010000000000000000000000000000000001000000000000000000000000100000000000000000000000010000000000000000000100100000000000000000100000000000000000000000000010000010000001000000010000000000000000000000000000000001000000000000000010000001000000000000001000000000100010000000000110000000000000000000000
000000000000000000000000100001000000000000000000000000000000000000000000000000000000000000000000000100001000000000000000000000000010000000000000000000000000000100000000000000000000100000000000000010000000000000000000000000000000000000000000001000000000000000000000000001000000000000000000000000000100
100000000000000000000000000010000000000000000100100000000000001000000000000000000000010000001000000000001001000000000001000000000000100000000000001100000000000000000000000000000000000000000001000001000000000010010000000000000000000000000000000000000000000000000000000000000000000000000000000000000000
000000000000000000001010000000000000000000000000100010001100001010000000000000000000000101000000001001000000000000000000000010000000000010000000000000000010100000000000001000000100000001000100000000000000000000000000000000010000100000100000010000000000010000000000010010000000000000000000001000000000
000000100000000010000000000000000010000000000100000000000000000000000001000000100000000000000000000000000000000000000000000000000000000100000000000000000000000000000000001000000000000000000000000000000000000000000000000000000000000000000000000010000000000000000000000000000000000100000000000000000000
000100001000000101000000000000000000000000000000000000000000000000000000000000000000000000000000000100000100000000000000010000000000100000000010010000000001000000000000001010000000000000100000000000000000000001000000000000010000000100100000000000000000100000000000000000101000000000100000000000001010
000000000000000000010000000000000000000000000000000000000000000000000010010000000001000010000000000000000000000000000000000000000000000000101000000000100000000000000010000000000000000000000000000000000000100000000100001100000000000010000000000000000000000000100000000000001000001000010010000001000000
