1000000100000000000000000000000000001000
1000000000010000000000001000000000000000
0000000001000000000000010000000000000010
0000000000000000000000000010000000000010
1000000000000000000000000000000000010000
0000000000000000000000000000000000100000
0000000000000000000000001100000000010000
0000000000000000000000000000001000000000
0000000000010000100000000100000000000000
0000000000100000000010000000000100010000
0000000000000000000000000000000000000101
0000000000000001100000000000000010000100
0000000100000010100000000000000100000000
0000000100010000001000000001000000000000
0000000000000000010000000000000000000000
0000100000000000000000000010000000001000
0001000010000000000000000000010000000000
0000000000010000001010000000100000000000
0000000000100000000000000000001000000001
0000000100000000000000000001010010000000
1000000000100000000100000000000000000010
0000000000000000000100000000100000000010
0100000001000100000000000001000000000000
0000000000000000001100000000001100000000
0000000000000100000000000000010000000000
0000000010000000000010000000010000000000
0000000000000010000000001000000000000010
0000000000000001000000000001000000000000
0000000000000000000000100000000000000000
0000010000000000000000000000000001000010
0000000000000000000000000000000000010000
0000010010000000000000000000000000000000
0000000000000000001010010000000100000000
0000000011000001000000000000000000001000
0000000100000000000000000000100000000100
0000000000000000000100000000000000000010
0000000000000000000000000100000100000000
0000001000000000000000000010000000000100
1000000000000000000100000000000000000000
0000000100000000000000000000000000000000
0000000000000000000000000000000001000000
0100000010000000000000010010000000000000
0000001000000000000000000000000100000001
0001000000000000000000000000010000000000
0000000000000000000000000000100000000000
0000001001000000000000000000000000010000
0000000000000000001001000000000100000010
0010000000000000000000000001000000000010
0000000000100000000000000000000000000000
0000001010100000000000001000000000000000
0000000000000000000000000000010010100000
1001000000000000010000000000000001000000
0000010000001000000000000000000000000000
0000000000000010000010000000001000000000
1000000001000000001000000000000000000001
0000000000010000000000000001100000000000
0000000000000100010001000000000000000000
0000010010001010000000000000000000000000
0000000000000000000000000000000000000001
0000000000000000000000010110000000000000
0000000000000001000000000000000001000000
0000100000000000000000000000000001000000
0000100000000000000000000000000000000000
0010000000000100000000000000000000000000
0000000000000000000000000000010000000000
0000100000000000000010000001000000000000
0000000000000000000000000000000010100000
0001000000000000001000000000000000000000
0000000100010010000000000000000000000010
0000000001000000000000000000010100000010
0000000001000000000000010000001000000000
1000000000000000000100000000000000000010
0000000000000000000010000000000010000000
0000000000000000000000000001000000100001
0000000010000000000100000001000000000000
0000000001000001000000000000000010000000
0000000100000000000100000000000000100100
0000100000000000000000001000000000000010
0010000000000000000000000000101000100000
0010000000000000000000000000000000000000
0001100000000000000000000000000001000000
0000000000000000000000000000000000000100
0001000000000000000000001000000001000000
0000001010000000000000000000000000000000
0001001000000000000100001000000000000000
0000010000000000000000000000000000000000
0000100000000000000000000001001100000000
0000000000010001000000000000000010000010
0000000010000000000011000001000000000000
0000001000000000000000000000000000000000
0010000000000000000000010001000010000000
0000000000000000000010000000000000000000
0000000000000000000000000010000000000000
0000010000000000000100000000000000000110
0001000000000001000000010000000100000000
0000000000000000000000000000000010000000
0000001000010000000000000000001000000001
0000000110000000100000000000001000000000
1010000010000000000000000000000100000000
0000000000100000000000010000000100000000
