0010000000000000001000000000000000000000000000000000000000000000000000000000000000110001000000100001000000000000000000000000000000100000000000000000000000000000
0000000000000000000000000000000000000000000000000000010000000000000000000000000000100000000000000000000000000000000000000000000000000000000000000000000000000000
0000000000000000010000000000000110001000000000000000100000000000000010000000000000000000000000000000100000000000000001000000000000000000000010010100000000000000
0000001000000001000000000000000010000000100001000000100000000000010100000000000000000000000000000000000000100000000000000100000000000000011000000000000000000100
0000000000000010000000100000000000010000000000000000000000000000001100000000000010001000000000000100000001010000000000000100001000000000000000000000000100000000
0000000000000000000000000000000000000000000000000000000000000000000000000010000000000000000000000000000000000000000000000000000000000000000000000000000000000010
0001000000000000100000000001000000100000000100010000000000000010000000001010000000001000000100000000000000100001000000000000000000010010001000000000000000000000
0010000000000010100000000000000000000000000000000001000001000000000000000000000000100100000000000000000001000000000000000010000000000000000000100000010000000010
1000000000000000010000000000000000000000000000000000000000000000000000000000000000000000000000000000000000000000000000000000100000000001010000000000000000000000
0000000000000000000000010000000000000000000000000000000000000000000000000000000000000000000000000000010000000000000000000100000000000000000000000000000000000000
0000010010010100000110000000000001000000010000000000100000000000000000000000000000000000000000000000000000000010010000010000000000000000101000000000000100000000
0000000000001000000000001000000000000000000000100000000000000000000000000000000000000000000000000001000000000000001000000100000000000010000000000000000110000000
0000000000000000010000000000000000000000000000000000000000000000000000000000000000000000000000000000000000000010000000000000000000000000000000000000000000000000
0000000100000100100000000010000000010000000000000000000000000000010000000000000000000000000000000100010000000000000000000010000000000000000000100000000000000000
0000001000010000000000000001000111000000000110000000000000001000000010000000000000000000010000001000000000000010000000000000000001000001000000000000000000000000
0000000000000000000000000000000000000100000000001000000000000000000000000001000000000000000001000000000000000000000000000000000000000000000100000000000000000000
0000000000000000000000000000000000000000000100000000000001000000000000110000010000000000000000000000000000000000000000000000000100000000010010000000000100000000
0000000000000001000011000100000100000010000000000000000000000000000000000000000000000000000000000000000000000000000000000000000000000000000001000000000000101000
0000000000000000000000010000000000000000000000000000000000100001000000100011000000000000000000000000000000000100000000000000000000000100000100000000000000000000
0000001000000100100000000010010000100000000000000000000100000000000000010000000000000001000000000000000000000000000000000000000000000000000000000000000000000000
0000000000000000000000000000000000001000000000000000000000000000000000010000000000000000000000001000000000000000000000100000010000000000000000001000000000000000
0000000000000000000000000000000000000000000000010100000000000000000000000011000001000000000000000000001000000000000000000000001110000000000000000000000000000000
0000000000001010010000000000001000000000000001001000001000100000100000000000000000000000000000000000000000001000000000000000000000000000000100000000000000010000
1000000001000000000000000000000100000000000000000000000000000000000000000000000000001000000000000100000000000000000000000000000000000000000000000000001010000000
0100001001000000000000000000000001000000000000000000000100010000000000000000010000000111000000100001000000000000000000000000000101000000000000000000000000000000
0000000000000100000100010000000000000001000000000010000000000010000100000001000010000000000000000110000000000000000000000000000100000000000000000000000001000001
0000000010010000000000000000100000100000000010010000010000000000001001000000010001000000000000000010000000000000000000000001010000000000010000000000000000000010
0000001000000000000000010100000000000000000000000000000000000000000000000100000000000100000000000000000000000000000000000000000010000010000000000000000000000000
0100000000000000000000000000000000000000000001000000000000000000001010000000000000000000000000000000000000000000000000000000000000000000001010000000000100000000
0010001000000000000000000000000000000010001100001000000000000000001001100000000000000000000000010000000000000000000000000000000100000000000000101000000000000000
0000001000000100000000000000000000000000000000001000000000000000000000000000000100000000000000000000000000000010000000000000000000000000100000100000000001000000
0000000000000000000000000000000100000000000000000000000000000000000001000000000000000010100000000000000000001000000000000000000000000000000000001000000000000000
0000000000000000000000000100000001000010010100100000000000000100000000001000000000001000000000101000000000000100000000000000001100000000100000000000000000000000
0000000000000010000000000000000000000000000000000000000000000001000010000000000000000000000000000000001000000100000000000000000000000001000000000000000000000000
0010000000000000100000000000000000000000100000000000000000001000000000000000000000000000000000000000100000100100000000000000000000100000000000000000000000000000
0001000000000000100000001000000100000000000000000000000000000000000000100000000000000100000000000000000000000000001000000000000010000100000000000000000000000010
0000000000010000000000000000000000000010000000000000000000000000000000000000000000000000000000000000000000000000000000000000000000000000010000000000000000000000
0000001000000000100010000100000000000000000011001000000110000000000000100000000000000000000000000000000000000001000000000000000000100100000010000100000010000000
0000000000000000000000100000000000000000000000000000000000000000000000011000000000010000000000000100000010000000000000000000000000000000000000000000000000000000
0000000000100001000000000000000000000000001000000100000100100001000100000000000000000001000000010000000000000000000000000000000000000000000000100000000000000100
0000010000000000100000000000000000000001000010000000000000000000000000001000000000000000000000000000000000000100000000000000000000000000000000000000000000000000
0000110000000001001000000000010010010000000000010000000100000000000000000000000000000000100000000000100000000000000000000000000001000000000000010000100000000010
1000000000000000000000000000000000000000000000000000000000000000000000000000000000010000000000000000000100000000000000000000000000000000000000001001000001010100
0000000000000000000000000000000000000000110000000100000000000011000000000000000000000000000000000000010000001000000000000000000000000000000000000000001000000000
0000000000000000000100000000000000000000000000000100010000000000010000000000000000000000010000000000110000000000000000000000100000000000000000000000001000000000
0000001000000000000000000100001001000000000000000000000000001001000010000000000001000000000000000000000000100000000100000000000000000000000000000000100010000000
0000100000000000000000100000000000001000000000000001000000000000000100100000000110001000001001001000010000010010000000000000000000000000000000000000000000000000
0000000000001000000000000000000000000000000000000000000000010000000000000101000000000000000000000000000000000000000000000000000000000000000000000010000000000000
0000000000010001001010000001000000000101000000100000000000000000000000000000010000000000000000100000000001000000000000000000000001000000000000001000100010000000
0000000000000000000000000100000000000001000000000000010010000000000000000000000000000000110000000000000000000001000000000000000000000000010000000100000000000010
0000000000000011000000000010000001000000000000000000001000000000000000000010000000100000010000000010000000000000010000000000100000000000000010100000000000000100
0000000000000000000100000010000000000000001000000000000000000100000000000000000000000000000000000000100000000000000000000100000000000000000000001000000000000000
0000000010000100000000000000000000001000000100100000001000010000000000000000000010000000000001000101000011000000000000010000000000100000000000000000001000000000
0000000000000000000000001110000000000000000011000010000010000000000000000010000000000001010000000000000000000000100000000010000000001000000000010000000000000000
0000000000000000000000000000000000000000000000000000000000000000000000000000000000000000000000000000000000100010000000000000000000000001001000000000000000000000
0010000000000000000000000000000000010000000001000000000000000000000000000000010000000000000000000000000000000000000000000000000000000000010000000000000000000000
0000000000000000000000000000000000000000000000000000000000000001000000010000000000010000000100010000000010000000000000000000000000001001000000000100000000000100
0000000000000001100000000000000000000000000000000000000000000000000000000000100000000000110000001000000101000000100100000000000011000100000000000000000000000000
0000000000000000000000000000000000000000000000000010000001000000100100000000000000000000000000000100000010000000001000000000000010000000010000000000000000000000
1000000100000000000001000000000000010000001001000101100000000000100000000001000000001000000000010000000000000000000000000000000000000000000001001000000000000001
0000000000000000000000000000100000001000001000000000000000000000000000000010000000000000000000000010000000000000000000100000000000000000000000000000000000000000
0100000001000000000000100000000000000000000000000000000100000000000000000000000000000000000000000000100000000000000100100000000000000000000001000000100010000000
0000000000000000000000000000000000000000000011000001000000101000000000000000000000000001010000000010110000000000000000001100000101000000000000000001000000000000
0000000010010000000000000100000000000000000000000000000100001010110001000000000010000000000000100101000000000001000000000100000000000000000000000000000000001000
0000000000001010000000000000000000001000000000000000010001000100000000000000000000000000000000100000000000000000000000000000000000000000100000000000000100000100
0000000000000001001000000000100000000000010000000000000100000000000000000010001010000000000000000000010000000000000100000100010100100000000000000000000100000000
0000000000000000001100000000000000000100010000000000000000000000000000000000000000000000000000000000000000000100000000000000000010000000000000100000000000000000
0000000000000010000000000001000000000000000000000000000000000000000000000000000000000000000000000000000000000000010100000000000000000000000000000000001010100000
0000000101000000100000000000000000000000000000000000000000000000010000000110000000000001000000000000000010100001000100000000001001000000000000000000000000000000
0000000000000000000000000000000000010000000000001000000000000000000000000000000000000000000000000000000000000000000000000000000000000000000000000000001000000100
0000001000000000000000000001000000000000000010000000000000010000000000000010000000000000000000000000001000000000000000000100000000000010011000000000000000000000
0000010000100000000000000000000001100000000000000000010000000000000001000000000000010000000000000000000000010000000000000000000000000000000000000000100000000000
0000000000100000000010000000000000000000000000010100000001101000010000000000000000000000000000000100000000000000000000001000010000000000000000100001000001000100
0000000000000000000000000000000000000000000000000000000000000000000000000000000000000000000000000000000000000000000000000000000000000000000000100000000010000001
0000001000000000000000000000000010000010000000000000000000000000000010100000001110000000001000000010001000000100000000000100001000000000000100000100000000000000
0010000010000000000000000000000000001001100000010000100000000000000000000000000101000010000010000000010000000000001000000000100010000000000000000000000000000000
0000000000000000000000000000000000000000000000000000000001000000000000000000000000000000000000000001000000000000000000000000000000000000000000000000000000000000
0000000010000010100010100000000000000001000000000001000000000000000000000000000010000010000000000000000000000000000100000100001000000000000000000000000000000000
1000000000000000100000000000001000000000000000000000000000001000010000000000100000000000000000000011010000000000100000111001000001000000000001000000000000000000
1001000010000000000000000010000100000000010000000000000000000000000000100000000000000000000000000000000000001000000000000000000000000000000000000010000000000000
0000000001000100000000000000000000000000000000000000000000000000000000000000000000000000000001000000000000100000000000000000000000000000000000000000000000000000
0000000000000000000000000000000000000000000000000000100000000000010000001000000000000000000000000000000000000000000000000000000000000000000000000000000000001000
0000000000000000000000000000000000000000000000000000000000000000000000000000010010000000000000000000000001000000001000100010010010010000001000000000100101000100
0000001000000000000000000000000000000010000000001000000000001000000100000000000000000000000000000000000001000000010000000001000000000000000000000101000000000001
0000000000000000000000000000000000000000000010000000000000000000000000000000000000000000100000000000000000000000000000000000000000000000000000100000000000000000
0000000000000000000000000000000000000000000000000000000000001000000000000000000000000000000000000000000010010000100000000100000000000000000000000000100000000100
0000100000000000000000001000000000000010000000000000100000000000000010000000010000000000100000000001100000000000000000000000000000000000000000000000000000000000
0000000001000000000000000000000000000000000000000000000000000000000000000000000000000000000000000000000000000000000010000000000000000000000000000000000000000000
1000100000000000000000000000000000000000000000000000000000000000000000000000000000000000100000000000000000000000010100000001000000000000000000000000000000000000
0000000000000000000000000010100000000000000000000000000000000000000000000000000000000000000000000000000000000000000000000000000000000000000000100000000000000000
0000000000000000000110000000000010010000000000000000000000000010000000000000000000000000010000000000000000000000000000000000000000000000000000000000100000000000
0000000000000000000000000000000000000000010000000000000000000000000000000000000000000000000000000000010000000000000010000000000000000001000010000000000000000000
0000000000000000000000100000000000000000000000000000000000000000000000000000000000000000000000000000000000100000000000000000000000000000000000000001000000000001
0000001010000000000000000000000000000000000000000100001001000000000000000000000001000000000000000000000000000000000000000000000001001001010000000010000000001010
0000000000010000000001000100000000000000000000000000000000000000000000000001000000100000000000000000000000000000000000000100000000000000000100000000000001000000
0000000010100000100000000000000000000000000000000000000000000000000000000000000000000000000011000000000000000000000000000000000000000000010000100000000000001000
0000000000000000001000000000000000000000000000000001000000000000100000000000000000000000000000000000000000000000010000000000000000000000000000100000000000010000
0001001000000001100010000000000000000000000000000000010000000100000000000010000000000000000001000000000000000010000000000000010000000000000000000100010000000000
0000000001100000000010000000000000000000000010000000000100000000000100000000000000000000000100100000100000000000000000000100000001000100000000000000000010000000
0000000000000000000100100000000000000000000000000000000000100000000000001000000000000000001000000110000000000000000000000000010000000010000001000000000000000000
