0000000000000000000001000000000000000000000000000000001001001000000010000000000000000000000000000000001000000010000100000000001000
0000000000000000000000000000000000000000000000000000000000010000000010001000000000000000000000000000000000000000000000000000000000
0000000000000000000000000000000001000000000000000000000000000000000000100000000000000000000000000000000000000000000000000000000000
0000000000000001000000000000000000000000000000000000001000000000000000000000000000000000000000000000000000000000000000000000000000
0000000000000000000000000010000000000000000000000000000000000000000000000000000000000010000000000000000000000000000000000000000000
1000001000000000000000000000000000000000000000000000001000000000000000000000000000000001000000000000000000000000000000000000000000
0000000000000010000000000000000000000000000000000000000000000000000000000000000000000000000000000000000000000000100000000000000000
0000001000001000000001000010000000000000000000000000100000000000000000000000000000000000100000000000000000000100000000000000000000
1000000000000000000100000000000000000000000001001000000000110000000000000010010000000000000000000010010000000000000100000000000000
0000001001000010100001000000010010000000000000000000000001000000000000000000000000000100000000000000000010000000000000000000010000
0010000000100000000000000000000100000000001000100000000010000000010000000000001000000000000000000000010000100010010010000000000000
0000000000000000000000000000000000000000000000000000000000000000000000000000000000000000000000100000000000000000000000010000000000
0001000001000000000000000000000000000000100000000000000000000000000000010000000011000000100000000000000000011010000000001000000000
0010000000001000000000000000000000000000000000000100001010000000000000100000000000000000000001000000000000000100000000000000010000
0000000000000100000000010000000000000000000000000000000010000000001000000000000000000000000000110000000000000100000000000000000010
0000000000000000000000000000000000000000000000000000000000000001000000000000000000000000000000000000000000000000000010000000000000
0100000100000010000000000000000000000100000000000000000000001000100010000001000000000011000100000000000000000000000000000000000100
1000001000000000000000000000000000000000000100000000010000000000000000000000000000000000000000000000000000000000001000000000000000
0000000000000000000000000000000000101000000000000000000000000001000001000000001000010000000000000000000000001100001000000000000000
0000000000000000000000000110000000000000000000000100000100000101000100000000000000000000000000001000000000000000000000000000100000
0000100000000000000000000001000000001000000000000000000000000000000000000000000000000000000000000000000000010000000000000000000000
0000000000000000000000000000000000000000000000000000000000000000000000000000000000000010000000000000001000000000000000000000000000
0001000000000100100000000000010000000000000000000001000000000000000000000100000000100000000000000100000010001000000000000100000000
0000000000000000000000011000100000000000000000000010000000000000000000000000000000000000000000000000000000000001000000000000000100
1000010000011100010000000000100000000000000000000000100000000000000000000000000000000100000000000100000100000000000000001000000000
0000000100000000000000000000000000000100000000000000000000000010000000000100000000000100000000000000100000000000010000000000000000
0000000000000000000000000000000000000000000000000000000000000000000000000000000000000000000000000000000000000000000000100010000001
0000000010000000000000000001000000000000100000000000000000000000100000000000010000000001000000000100100000000000000000000010000000
0001000000000000000000000000000000000010000000000000000001000001000010000010100100000100000001000000000000010000000000000000000000
0000000000000000000000001000000000001000100000000000010000000000000000000000000100000000000000000000000000000000000000000000000010
0001010000000100000000000000100000000000000000000001000000000000000000000000010001000000000000010000000010011100000000000000010000
0000000000000000000000000000000000000000000000000000000000000000000001000000000000000001000000000000000010000000000000010001001000
0000000000001100000000000000000000000000100000100000000000000001000000000000001000000000010000000000010000000000000000000000001000
0010000000001000000000001000000000000000000000000100101000000000000001100000000000000000100000000000001000001000000000000000001000
0000100100000000000000000000000000000000000000000000000000000000000000000000000000000000000000000000000000000000000000000011000000
0000010000000000000000000010000000000000000000000000000000000000100000000000000000000000000000000000000000000000000000000000000000
0000000100000000000000010000010000000000001000000000000100100000000000000000000000000000000000000000000000000000000000010000000000
0000000000000000000000000000000000000000000000000101000001000000000000001000000000000000000000000010000000001000000000000000000000
0000000000000000000000000000000000000000001000000000000000000000000000001010000000000001000000000001000001000000000010000001000000
0000100000000000000000000000000000010000000000000000000000000000000010000000000100000000000000000000100000000000000000000000000000
0100000000000010000100000000000000000000000000000000000100000000001111010001001000000000000000000000000000000000000000101000000000
0000000000000000000000000000000000000000000000000000100001000000000000000000100000000000000000100000000000000000000000000000000000
0000000100000000000000000010000000000000001000000000000000000000000001100000000000000000000000000000000000000000000000000000000000
0000000000000000000000000000000001000001000000000000000000000000000000000000000000000000000000001000000000000000000000000000000000
0000000000000000000000000000000000000001000000000000100001000000000000000001000010000000000000000000000000000000000001010000000000
0100000000000000000000000010010000000000000000000000000000100000000001000000100010000000000000000000000000000000001001000000110001
0000000000000000000000000000000000000000000000000001000000000000000010000000000000000001000000000000000000000000000000000010000010
0000000000000000000000000000000000000000000000000000000000010001000000000000000000000010000000010000000100100001000000000000000000
0010001000000000001000000110000000000001000000000000000000000000000000000010001000000000010000000000000000000000000010000000000000
0001000000001000000000000000000000000000010000000000000000000010000000000100000000000000000000000000000000100000000000000001000000
0000000001010000000000000000000000000010000001000100000000000000000000100000000000000000000000000000000001000000000000000000010010
0000000000100000000000000000000000000000000000000000000000000000000000100000000000000000001000000000000010000000000000000000000000
0000000000100000000000010001000000001000000000000000000000000000000000000000000000001000000000000000000000000000000000000000000000
0010000010001000000000000100100010000000000110000000000000000000000000000000000000000010000010000000000100000000000000101000000000
0000000001000000000000000000000000000000000000000000000000000000000000000000000000000100001000000000000000000000000000000000000000
0000000001000010000000000000000000001010000100100000000000000000001000000000000000100000000000000000000000001000000000001000000000
0100000000000000000000000000000000000000000000000000000000000000000000000000000000000000000000000000000000000000000000000010000000
0000000000000000000000100000000000000110000100000000000000000000000100000000000100000100000100000000000000000000001110000000000100
0000000000000000000000000000000000000000100000010000000000000000000000000000000000000000100000100000100000000000000000000000100001
0000000000010010000000000001000000000000000100000000000000000000000000000000000000000000000000000000000100001000000000000100000000
0000000000000000000000000000001000000000000000000000000000000000000000010000000000000000000000000000000000000000000010000000000000
0000000010000000101001000000001000001000000000000000000000000000000000000000000000100000000000000000000000000000000100000010001000
0000000100000000000000000000100100000000000000000011000000000000000000000010000011000010000000000000000010000000000000000000000100
0000000000000000000000000000000000100000000000000000000000000000000000000000000000000000000000000000110000000000000000000000000000
0000000010000000000100000000000000000001000000000000000000000000000000000000010000000000000000000000000000000000001010000100000000
0000000000000000000000000000000000000000000000000000000000001000000000001000000000000000000000000000000000000000000000000000000000
0000010000000000000100000000000000001000000000000000000000000000000001000000000000000000000000000000000000000000000000000000001000
0100000000000010000000000000000000000000010000000001000000000001000100001000000010000001000001000000000000010010000000000000000000
0000000000000000000000000000000000000000000001010000000000000000000001000000000000000000000000000000000000001000000000000000000000
0000010000000000000000000000000000000000000000000000000000000000000000000000000000000100000000000000000000000000000000100000000000
0100000000000000000000000000000000000000000000000000000000000010000010000001000000100000000000000000000000010000000000000000000000
1100010000001000000000000000000000000000010010000000101000000000000001000000000000000000100100000000000000000000000000010100000000
0000000000000000000000000010000100000000010000000000000000000000000000000000000000000000000000000000000000000000000000000000000000
0000000000000000000000000100000000000000000000000000000000000000000000000000000000000010000001000000000000000000000000000000000000
0000000000000000000000000000000000000000000100000100000000000000000000000000000000000000000000000000000000000000000000000000000000
0000000000000000000000000000010000000000000000000000100000000000000000000010000000010001000000010000000000000000000000010000000000
0000000000000000000000000000000000000000000001000000000000000000000000000000000100000000000000000000000000100010000000000001000010
0000000000000000000000000000000000000000000000000000001000000000100000000000000000000000000000000000000000000000000000000000000000
0000000001000000000000000000000000000000000000000000000000000000000000000000000000000000000000000000000000001000000000000000000000
0000010000000000000000000000000000000000000010000000000000000000000000000000000000000000000000000000000000000000000000000000000000
0000001000000000000000000000000000000000000000000000000100000001100000000100000000000010100000000000000000011000000000000000000000
0000000000010000000100000001000000000000000000000000000000000100000000000000000010000000000000000000000000010000010000000000000000
0000000000000000000000000000000000000000000010001000000000000000000100000000000000001000000000001000000000000110000100000000000000
0000000000000100000000010000001000000000000000000000000000000100100000000010000000000000000000000000000000000000000000000000000000
0000000000000000000000000000000000000000000000000000000000000000000000000000100000000000000000000000000000000000000000000000000010
0100000010000000000010000000000000000001000001000001001000000101000000000000000000000010000001000000000000000100000000000000000000
0001001010000000000000000000000000000000000001000001000011000000000000000000000000000000001000000000000000000000000000000000000000
0000000000000000000000000000000000000000000000000001000000000000000010000000000000000000000000000000000000000000000000000000000000
0000000000000000000000000100000000000000000000000000000000000010010000000000000000000000001000000010000000000000000000000000000000
0000000001100010000000000000000000000000000000000011000000000000000000001000010000000100000001000000000000100000000000000000000000
0000100000000000000000000000010000000000001000010000000000000000000000000000000000000000100000010000000000000000000000000000000100
0000000000000000001001000000000000100000000000000000000000000000000000000000000000000000100000000000000000000000000000000010000000
0000000000000000000000000000100000000000000001100000000000100000000000000000000010000000000000000000000000001100000100100001000000
1000000000000000000000000000000000000000010000000000010000000100000000001100000000000000000000000000100000000000000000000000000000
0000010000000000000000000000000000000000000000000000000000000000000000000000000000000000000000000000000000000000001000000000001000
0001000000001010000000000000000000010000000000000000000000000000011000000000001001000010000000000000000001000010000000000100000000
0000000000000001000000100000000000000000000000000000000000000000000100000000000000000000000000000000000000000000000000000000000000
0000000000000000000000000000000000000000000100000000100100000001000010000000010000010100000000100000000000100000000000000000001000
0000000000000000000000000000000000000000000010000000000000000000000000100000000000010001000000000000000000000000000000000001000000
0000000000000000000000000000000000010000000000100000000000000001000001000000000000000000000010010000100000000000000010000000000000
