110000000000000000000000001000000001000000000010000000000000100000000000000001000000000000000000000000000000000000110001000000000000010000000000001000000000000010011010000000010000100000100100000000000000000001000000000101000001000000000000
111000000000000000000000000000001100000000000000000000000000000000000000111000000000001001000000000000000000000000000000000000000100000000000000000000010000000001010001001000010000010000000010000000100000000000000000100000000000000000000100
000000000001000001000000000000000000010000000000100000000000000000000000001000000000000000000000000000000000000000000000010100000000000000000000000000000000000000000000000000000000000000000000000000000000000000000000000000000000000000000000
100000000000000000100000010000000000000000001000001000000000000000000000010000001100000010000000000000100000000100000010000000000000000000000000000000000000001000001001000000100100100000000000000000000000000000000000000000000000000000000100
000000000000000000000000000000000000000000000000000000000000000000000000100000000000000000000000000000000000000000000010000000000000000000000000000000000000000000000000000000010000000000000000000000000000000000000000100000000000000000000000
000000010000000000000000000001000000000000000000000000000000000000000000000000000000000000000000000000000000000000000000000000000000000000000000100000100000000000000000000000000000000000000000000000000000000001001000000000000000000010000000
000000000100010000000101000000010000000000000000000000000000000001000000000010000000000000000000000000000000000100000000000000000000000000000000000000000010001000000010000000000000000000000100000000000000000000101000010000000100000000000000
001000000001000000000000001000000000000000010000000100001000000001000000000000000000000000000000000000000000100000000000000000000000000000000000000000000100000000000000000000000000000000000000000000010000000000000100000000000000000001000000
000000101000000000000000000000000100000000000000000000011100000010000000000000000000000000000000001000000000000000000000000000000101000010000000000010000000000000000000001000000000000011000000010000000010000000100000001000000000000000000000
000000010000000000000000100000000000000000000000000000100000000000000001010100000000000010000000000000000000000000000000000000000000000000000000000100000000000000000000000000000000000000000000000000010100000000000000000000000000010000000000
000000001000000000000000010000000000000000000000000000000000000000000000000000000000000000000000000000000000000010000000010000000000000000000000000001000000000000000000000000000000000000000000000000000000000000000000000100000000000000000000
000000011000000000000000000000000000110000000000000000000000000000000100010000100000100000000000000000000000000010000001000000000000001000000000100000000000000010100000000000000100000000000010010000001000001001000000000000000000000110000001
000000000000000000000000000000000000000000000000000000000000000000000000001000000000000001000000000000000000000000000000000000000000000000000000000000000000000000000000000001000000000000000000000000000000000000000000000000000000000000000000
100000000000000001010000010000001000000100000000000001000000000000000000001000010000000000000000000010000000100000000000000000000000000000000000010010000001000000000010000000000000000000000000000000010000000000000000000001000000000000000010
000000100000000000000000000000000100000000000000101001000000000000010000000000010100000100000000000010000000000000000000000000000000000100100000000000000000000110000000000000000000000000000010001001100000000000000010000000010000100010000001
000100000000000000000000000000000001000100000000000000010001000010000000000001000000000000000000000000001110010000100000000000000010000000000000100000010000010010000000001000000000000000000000000010000001100100000000100100000000000000000000
000000000000000000000000000000000000000000000000000000000001000000010000000000000010000000000100000000000000000000000000000000000000000010000000000000000000000000000000000000000000000000000000000000000000000000000000101001000000010000000000
000000010000000000000000000000000000000000000000000000000000010000000000000000000000000010000000000000000000000000000000001000000000000000000000000000000000000000000000000000000000000000000000000001001000000000001000000001000000000000000000
000000000000000000100000000010000000000000001000000000000000000000001100000000000000000010000000000010000000000000000000001000000000000000001010000000000000000000010001000000000000000001000000000000000000000000000000000000011000000001000000
001001000000100000000000000000110000000010000000000000000000000010000000100100000000000000000100100000000000010000001100000000000010100000000000001001000000000000010001000000000000000000001000100000000000000001000000000000000000000010000000
000001010000100100000000101000000000000001010000000010000100000000000000000000000000000000110000000000000000000000000001000000000100000000000000000001000000010000000100000000000000000000001000000010000000000000000000100100001000000000000000
000000000000000000000000000001000000000000000000000010000100000000000000000000000000000000000000000100000000000010000000000000001000000001000001000000000000000001000000000000000000000000000000000000001000000010000000000000000000000000000000
000000000000000000001000000000000000000000001000000100000000000000000000000000000001001000000000000001100000000000000000000000010000000000101000000000000000000000000000000000000000000001000000000001001000000000000100000000000000000000000000
000000000000100000000000000011000000000011000000000010100000001010000000000000000100000000000000000000000000000000000000101000000000000000000000000000000000000000000000000100000000000000000000000000000000000000000000100010000000010000100100
000000000100100000000000000000000000000000000000000000000000000010000000000000000000001000000000000000000010000000000000000000000000001010000000000000000000000000000000001000000000000000000010000010000001000000000001000000000000000010010000
000001010001000000100010000001000000000000000000000001000000000000000000000000001000000000000001001010000000000000000000000010000100000010000000010000100000000000011000100000000000000000000000000000000000010010010000000000000000000000001000
000000010000000000110001000000000100000001000000000000000000000000000001100000000000000100100010010000000000000000000100000001000000000000010000000000000100001000000000000000000000000010000000000010000001000000000000000000000010000000000000
000001000010000000000001000100010000000100001000000100000000000010000000010100000000000000000000000000000000000000000000000000000000010000010000100000000000000000000000010000000000000100000000000010000000000000000010000000000000000001000000
000000000000000000000000000000000000000000000000000000000000001000001000000000000000000000000000000000000000000000000000000000000000000000000010000000000000000000000000000010000000000000000001000000000000000000000001000000000000000000000000
000000000000000000000000000000000010000000000000000000000000000000000001000000000000000000000000000000000000000000000000000000000000010000100000000000000000000000000000000000000000000000000000000000100000000010000010000000000000000000100000
000000000001000000000011000000000000000000010000000000000000000000000000000000000000001000001000000000000100000000000000000000000000000000000000000000101000000000000000100001000001001000000000000000010000001000000000000000000000000000000000
000000000101000000010000000100000000000000000000001000000000000000010000000000010000000010000000100001010000001000000000000000000001000000000000000000000000000100010001000001100101000000001000000000000000000000001000000000000000000000000000
000000001000000000000000000000000000000000010000000001000000000000000000000000000000010000000010001000000100000000000000000000000000000100000000000000000000000000000000010000000000010000001000000000000000000000000000000000000000000000000000
100000000000000000000000000000100000000000010000000000000000000000000000000000010001100000000000100000000000000000100000100000000100000000010000000000000000000000000000000010100000000010000000000000000000000000000010000000000000000000000000
000000000000000001000000000000000000000010000000000000000000000000000000000000000001000000000000000000000000100000000000000000011000000000000000100000000000000000000000000000000010000000010000100000000000000000000010000000000000000000000000
000000000000000000000000000000000000000000000000000000000000000000000000000000000000000000010000000000000000000000000000000000000000000000000000000000000000000000000000000000000000000000000000000000000000000001000000000001000000000000000000
000100000000000000000000000001000000000000000000000000000000000000000001000000000000000000000000000000000000000001110000000000000000000000000000000000000000010000100101000010000000000000000000000000001100100000000000000000000000000010000000
000000000000000100000010000000000000000000000000000000000000000000000000000000000000000010000000001010000000001000000000000000000000000000000000000000001000000000100000000000000000000000100000000000000000000000000000000000000000000000000000
000000000100000010000000100000000000000000000010010000000000000100000000010010010001000000000000100000000000001000010000000000000000000101000011000000001000100000000000000000000000000000000000000000000000000000000010100000000000000000010000
000000000001000000000000000000000000000000000000000000000000000000000000000000000001000000000000000000000000000000000001000000000000000000000000100000000000000010000000000000000000000000000000000000000000000010000000000000000000000000000000
000000000000000000000000000000000000000000000000000000000000000000000000000000000000000000000010000000000000000000000000100000000000000000000000000000000000000000000000000000000000000000000000000000000000000000000000000000000001000000000000
000000000000000000000000000100000000010000000000000000000000000010000001100000010100100000000000000000000100000000000110000000000000000000000001010000100000000000100100100000000000000000000100000000000000000000001000000001100000000000000000
000010000000000000000000000000000001000000000000000000000000001010000000000000001000010000000011000000000000000000000000001000000000000001000000000000000000000000000000000000100000000000000100000000000000000001000000000001000100000000000000
000000000000000000000001000010000100000100000100000000010000010000000000000000100000000010000000000001000000000000000101000000000000000010000000000000000010010000000000000100000001000000100000100001000000000000000010000100000000001000100000
000000000000000100110000100001000000000000000100000011010000000100000000100000000000000000000001000000000000000000000000000000000000000100010000001000000000000100000010100000000000000000000100000000000000000000000000000000000000000000000000
000000000000000000000000100000000000000110000000000100000000100000000000000001010000010000000000000000000000000000000000000000010000000000010000000000010000000000000000000000001000110000010000100000000000001000000000000001000001000010000011
010000000000000100100000000000000010000000000000010000000000000000000100000000100000000000000100000000000000000000000000001000000000001000000000000000000000000000000000000000000000000000000000000000000000100000000000000000000000000000000000
000000000000010000000000000000000000000010000011000010000010010000000000000000000000000000000000000000000000000000000000000000100000000000000000000000000000000000000001000000000000000000001000000000000000000000000000000100000000000000000000
000010000000000000000000000000010000000010000000000000000000010000000000000000000000000000001010000000000000000000000000000100000000010000000000000000000000000000000000000000000000000000000001000000000010000000000001000000000000000000000000
001000010000010000000000000000100000000000000000000100000000000000000001000000000110000000000000000000001000000000000000000000000000010000110010000000010001000000000000011000000000000000000000000000000000000000000010000000000010000000000000
010000100000000000000010010000000001000001000000000100000000000000000000001111000000001000000000000000000000000000000000000000000001000000000000000000000000000000000000000000000000011000000000000000000000000000000010000001000000010001000000
000000001000000000000001000000000000001000000001000000100000010000000000000000000010000100100000100001000000000000000000000000000101000000000000000000000000000000100010000000000000100101000000001000000000100000000000000010000000000000010001
010000000000000000000000100000000000010000000000000010000100000000000000000000000110100000000011001000000000000010100000010000100000000000000000000000000000100000100100001000000000000000000000000000010000000000010000000000000000000010000100
010000010000000000000000000000100000000000000000000001000000000000100000000000000000000001000000001000100000000100000000000000000000000000000000000001000000000000010000010001000000000000001010000000010101000000000000001001010000100000000000
000000000010000000000000000000000000000000000000000000001000000000000000000000000000000000000010000010000000000000000000000000000100000000000000001000000000000000000000000000000000000000000000000000000000000001000001000000000000000000000000
100000100000000001010100000000000100000000000000000000000000010000000001000000000000000000000000001000000000000000000000110000000000100000000000000100000001000010000001000000000010100001000000000000000000000001000000000000000010000011000000
000000000000000000000000001101000000000000000100000000000000010100000001000000000000000000000000000101000000000010000000000000000000000000100000000000000000000010000000000010000100000000000000000000000000000000000100000000000000000000000000
000000000000000000000000000000000000000000000000000000000000000000000000000000000000000000000000000000100000000000000000000000000000000000000000000000000100000000000000000000000000000000000000000000000000000000001000000000000000000000000000
000000000000000000000000000000000000000001000000000000000000010000000000000000100000010000000000000010001000000000000100000000001000000000000000000000010000001000001010000000000000010000000010000000101000010000000001000010000000000000100000
000010000000000000000000000000000000000000000000000000000000000000000000000000000000000000100000000000000000000000000000000000000000000000000000000000000000000000000000000000000000000000000000000000000000000000000000000010000000000000000000
000000100000000000000000000000000000000000000000000000000000000100000000000000000000000000000100000000000010100000001000000000100000000000000000000000000000000000000000000000000000000000000000000000010000000000000000010000000000000000000010
000000000000000000000000100000000000000000000000100001000000000100000000000000000100000000000000100000000000100000000000000000000000000100000000000001100000000000001000000100000000000000000000000000001000000001001001000000000000000000000010
000000100000001000000000000000010001000100000010000000000000100000000000000000000000000100000100000000101001000000000000000001000000100000000000000000000000000000010001000000000000000000000000000000000000011000000000000000010000000000000010
000000000000000000100000000010000000000100000000000000000001000010000000000000000001000100110001000001000000000000001000000000000000000000000010000000010000000000000001000000000000000000000101000000001000111000000000000000000000000000000000
000000000000000000000000000000000000000000000000000000100000000001000000000000000000000000000000000000000000000000000000000000000000000000000000000000100000000000000000000000000000000000000000000000000000000001000000000000000000000000000000
000000000000001000001000000000000000000000000011000000000000000000000000100000000000000000000100000010000000000000000000000000000000000000000000000000000000000000000001000000010000000000000000000000000000000000000000000000000000000001000000
000100000000000000000100000000000000000000000000110000000000100000000000000000000000000001001000000001000000100000000000000000000000000000000000100100001000000000000000000000000000000000100000000000000100000000001000100000000000000000000010
000000000000000000000000000000000000000100000000000000000011000010000000000001000000000000000000000000000000010000000000110000000000000000000100000000000000000000000000010000000000000000100001010000000100001000000001010000100000000001100100
000000000000000000000000000000000000000000000010000000000000000000000000000000000000000000000000000000000100000000010000000000000000000000000000000000000000000000000000000000000000000000010000000000000000000000000000000000000000000000000000
000000000000000000000000001000000000000000000000000000000000000000000100000000000000010010000100000000000000000000000000000000000000001000000010001000000000000000000000000000010000000000010000000000000000000010000000000010100000000000000000
000000000000000000000000000000000000000000000000000000000000000000000000000000000000000000000000010000000000000000000000000000000000000000000000000000010000000000000000000000000000000000000000000000000000000000010000000001000000000000000000
000000000000100000000000000000000000000000000000010000000000000000000000000100000000000000000000000000000000000000000000000000000000000000000000000000000000000000000000000000000000001000100000000000000000000000000000000000000000000000000000
001100000000000000000010000000000000000000000000000000000100000000000001000000000001000000000001000000010000000000110000000000000000000000000010000000000000011000010000000000000100000000000010000000000000000010010000101000000000000000000000
000000001000000100000000000000010000010000000000000000000000000000010000000000000000000000000000000010100000000000000000000000000000000000000100000000000000000000000000000000000000000000000000000000000000000000000000001000000000000000010000
000000000000000000000000000000000000000000000000000000010000000000010000000000000000000000000000100000000000000000100100000000010000010000000000000100000001010000010000000000000000000000000000000000000000000010000000000010000000100000000000
000000010000000000001000100000010000001000000001000000000011000010001000000010000000000011000000000000000000000000010000000000000000000001000000000000000100000100000000000000000000000000000001000000010000100000000010000100000000000000000000
010001010000000000100000000010000000000000000000000000001000000000000000000001000010000000000000000100000000100010000000000000100000000100001000000001001000001000000000000000000010000000000000000000000001000000110000000000000000000000000010
000000000000000000000100010000000000100000010000000001000000000000000000000000001010000000000001000100000000000000010000000000000100000000000000000100000000000000000000010000000000000100000000000001000000000000001010100000000000000000000010
000000000000000000000010000010000100000000000000100010000000000000000000000010001000000000010000000000001000101010000000000000000000000000000000100000000000000000000000000000010000000000000100000000000000001000000000110000100000000000000100
000000000001000010000000000000000000001100100000000000000000000000000000000001000000000000000000000000000000000000000000000000001000000001000000000000000100000000000000000000000000000010000000000000000010000100000000000100000000000000000000
000000000000000000100000000000010000000000100000010000000000000000000000000000000000000000000010000000000010001000010000000000001000010000000000000000010000001000000000000010000000000000000000000000000000000000000000100000000000000000000000
000001000000000000000000000000000000000000000000000000000000000001100000000000010000100000000000000011000000000000000010000000000000000000010000000000000000000000000000000000000000000000000010000000000000000000000100000000000000000000000000
100100100000000000000010000000000000000000000100000100010000000000000100000100000000000010000000000000000000000001000100000000010000000000001000001100000000000000000000000000000000001000000001000000100000000100000001000000000000000000000000
000000010000000000010000000000000000000000000000000000000000000000000010000000010010001000000000000000000001000000000000000000000001000000000000000010011001000000000000000000100100000000010000000000000000000000000010000000000000000000000000
000000000010100000000000000000000000000000000000000000000010000000010000000000000100000000000000000000000000000000000000000000000000000000000000000100000000110000000000000000000000000000000000000000000000000000000000000000000000000000000000
000000000000000000000000000000000100001000010001001000000000100001000000001000000010000000001000000000001000010000000000000100000000000010001000000000010000000100100000010000010000000000001000000100000000000000001000000000000000000000000000
000000000000001000100001000100010000000000000000000001100110000010000000000000000100000000000000000000000000000000000000000000000000000000000000000010000000000001000000000000000000000000000000000000110000000010000000000000000000001000000000
000000000000000000010000000010000000000000000000001000000000000000101000000000000010000000000000000000000100000000000000100000000000000000000000000000000001000000000000110000000000000000000000000001000000000100100000000000000000100000000000
000000000100000000000000000000000000000000000000000000000000000000000000000000000000000000000000000000000000000000000000000000000000000000000000000010000000000000001000000000000000010000000000000000000000000000000000000000000000000000000000
100000000000000000000000000000000000000000100000000000000000000000000000000000000000000000000000000000010000000010000000000000000100000000000000100000000100000000000000000000100000000000000100000000000000000000000000000000000000000100000000
000000010000001000000000000100000000000000000010000000001100000000000000101000000110000000000010000000010000000010000000000000000000010000000000000000000000000010000000001000000000000000010000000000000000000000000100000000000000000000000001
001000000000000000000000000000001000000000000000000000000000000000000000000000000000000000000000000000000000000000000000000000000000000000000000000000000000000000001000000000000000000000000000000000000000000000000000000000000000000000000100
000000000000000001000000000000000000000000000000001000000010000000000000000000000000000000000000000000000000000000000000010000000000000000000000000000000000000000000000000000000100000000000000000000000000000000000000000000000000010000000000
000000000000000000000000000000000000000000000000000000000000000000000000000000000000000000001000000000000101000000000000000000000000000000000000110000010000000000000000000000000000000000000001000000000000000000000000000100000000000000000000
000000000000000000000000000000100000000000000000100000000000000000010000000000000000000000000100000000000010000000000000000000000000000000000000000000000000000000001000000000000000000000000000000000000000000000000000100010000000000000000000
100010000000000000000000000000000000000000000000000000000000000000000000000000000000000100011000000000000000000000000001000100010000000000000000000000000001000000000011000000000000000010001110000000110000000000000000000000011000000000100000
000000000000000000000000000000000000000010000000000000000000000000000100000000000010000000000000000001000000000000000000000000000000000000000000000000000000000000000000000000000000000000010000010000010000001000000000000000000000000000000000
010000000000000000000000000000000000000000000000000000000000000000000000000000000100000000000000000000000100000000000000000000000000000000000000000000000000000000000000000000000000000000000001000000000000000000000000000000000010000000000000
000000000000000000000000000000000000000000000000000000000000000010000000000000000000000000000000000000000000000000000000000000000000000000000100000000000000000010000000000000000000001000000000000000000000000000000000000000000000011000000000
000000000000000000000000000000000000000000000000000010000000000000000000100000001000000100000000010000000000100000000000000000000000000000001000000000000000001000000000000000100000000000000000000000000101000000000000000100000000010010000000
