000000000000000000000010000000000001000000000000110000000000000000000000010000000000000000000000000000000000000000000110000000000000000000000000000000000000000000000000000000000001000000000000000000000000000000000000000000000000000000000000000000000000000000000000000000000000000000000000000000000000000001000101000000110001000000000000000000000000000000000000000000000000000000000000000000000100000000000000001000000000100000000000000010000100100000000000000001000000000001000010
000000010001000000000000000000000000010000000000001000001000000000000000000001000000000001000000000000010000100001000000000000000000000000000000000000000000000100001000000000000000000000000000000000010000000000000000000100000010001000000100100000000010000001010000000000000000001000001000000000000000000110000000000000000000001000000000010100000000101000001000000000010000100001000000000000000000000000000010000000000000000000000000010000000000100000000000000000000000010000000100
000000000000000000000000000001000000000000000000000000101000000100000000000000000000000000000010000000000000000000000000000000000000000010000000000000000000000000001000011000000000010000000010000101000000000000100010000010000000000001100000000000000100000000000000000110000001000000000010000000010101001000000001000110000000000101010000000000000000000000000000000100000000001001000000000000000000000000000000000000000000000000001001000000000000000000000000000000000011000000000000
000000000000000000000000010000010000000000000000000000100000000000001000001010000000000010000000000000000000000000000010000010000100000000000000000000000000000000000000000000100000010000000000000000000000000100000000010000000010000000000000000000000000000000000000000000010000000000000000010000000000000000001000000010000000000000000000000000000010000100000000000000000000000000000000000000000000000000000000000000000000000000000000010000000000010000000000000010000000000000100000
100000000000010011000000000000000000000001001010010000000000000000000000010010000000001000000000000000000100001000001000000100000000000000000000000000000000000000100100000100000100000000100011001000000000000000000001000000000000000100000000000000000010000010010000000011100000000000000000000001000000010000000010000000000000000000000000000000000000000000000000000010000000001000000000000000000000010000000000001010100000000001000000100000000000000001000001000000000000011100000000
000000000000000000100000000000100100000000000000100000001000000000010000000000000000000000100000000000000101000000001000010000001000000000000000000000000100000000000100110000000000000000100000000010000000000000010000000100000000000000100010000000000010000000000000000000000100000000000000000000010000000100000000000001000000000000000100100000000001010000100000000000000000000100001000000000000000000000000000110000010000000000000100000010000100000000000000000000000010000000000000
000001000000000000000000100001010000000001000000000000110000000000000000000000000000000000001000000000100100000000000100010100100000000000000000000000000000000000000000000000000000010000000000000000000000000000000000000000000000000000000000000000000001000101000000000000010000000001010000110000010000000000000000010010000001100000000011010000010000000000000000010000000000000100110000000000000000000000100100000000100000000001000010100000010000000001000000000000000000000000000000
100001000000000000000000010000010000000000000000000100000010000001000000010000000000000000000000000000000000100000000000000000000000000100000000000000000000000000000000010000000000000000000000000000010000000010000000000000000000000000000000000000000000000000001000000000000000000000000000000000000000000000000000000000000000000000000000000000000000000000000000000000000000000100000000000001000000000000000100000000000000000000000000000000000000000010000000000000000000000000010000
000010001000000000000000000000001000000000000000000000000000000000000000000000000000000000000000000001000000000100000000000000000000000000010010000000000000000000000000000000000000000000000000000000000000000000000001000000000000010000000000000000000000000000000000001000000001000100000100000000100010000000000000000000000001000000000000000000000100000000000100001000000000010000000000000001000000000000010000000000000000000000000000000000000000001000000100000101000001000000000000
000000000000000000000000000000000000000000100000000000000000000000000000100000000000010000000000000100000000000000000000000000000000000000000000000000100000010001000000000000000000000000000000000000000000000100100000000001000000000000000000000000000000000000000000000000000000100010000000000010000000000000000001000000100000000001000000000000100000000000000000000000000000000000000000000000000000000000010000000000100000000000000000101000000000000000000000010000000000001000010000
000001000000000000000000000000000000000000000000000000000010000000001000000010000000100000000000000000000010000000000000000000000000000001000000000000000000010000000000001000000000000000010000000000000000100000000000001000000000000000000000000000000000000100000000010000001000000010000000000000001000001000000000000000000000000000001000000100000000000000000000000100000000000100000000000001000000000000000000000000000000000000000000100000111000000000000001000000001000000110001000
000100010000000000000000001000000000000000000000000000001000100000000000000000000000010001000010000010010010000000100000000001000000000000000000000000100000000000100010000010000000000000000000000000000000000000000000001100000000010000000000001000000000010000000000000000000110101010000010110000000000000100000001000000000000010100101000000000000000000000000000000000100010000000000000000000001000000000001000000000000000000000000000000000000100000000000000100000010000000000001000
000000000000000000000000000000000000010000000000000000000000000000000000000000000000000000000000000000000000000000000010000100000000000000000000000000000000000000000000001000000000000000000000000000000000000000000000000000000000000000010000100000000000000000000000000000000000000010000000000000000000100000100000000000000000000100000000000000000000000000000000000000000000000000000000000000000000000100000000000000000000000000000000000000000000000000000000000000000000000000000000
000000000000000000000000000000000000000000000000000000000010000000000000000000000000000000000000010000000000000000000000000000000000000000000000000100000000001000000000000000000000000000000000000000000000000000000000000000000000000000000000000000000000000000000000000000000000000000000000000000000000000000000000000000000000000000000000000000000000000000000000000000000000000000001000000000000000000000000000000000010000000000000000000010000000000000000000000000000000000000000000
010000000000000000000000000000000000000000000000000000010000000000000000000000000000000000000000000000000000000001000000001000000000001000000000000000000100000000000000000000000000001000000000000000000000000000000000000000010000000000000000000000000000000100000000000000000000000000000000000000100010000000000000100000000000000000000000000000000000000000000000000000000000000000000001000000000000000000000000000000000000000000010000000010000100010000000010000000000000000100000000
000000100000000000000000100000100010000000000000000000110000000000000000000000000100000001000000000000001000000000000000000100000000000001100000000000000000111000000000000000000000000001000000101000010010010010000000010000000000000000000000010000000000000000000100000110000000000000100000000000000000000000001000101000000000000000011000000000000000000000000000000100100100000000000000000000000000000000000000100100000011000001100010000000001000000100000000000000000000010000100100
000000000000100000000000000010000000010000000000100000000000000000000000000000000000010000000001000000000000010000000000000000000000000000000000000000000010010000000010000000010001000000000000100000000000000010000000101000000000000000000000000000010000000000000000010000010000000000000000000000000000000000000000000000000000000000000000000000001000000000000000110100000000010000100000000000100000100000100000000000000000000000000010000000000000100000000010100000000000000000000000
000000000000000000000000000000000000000000000000000000000000000000000000000000000000000000000000000000000000000000000000000000000000000000000000000000000000000000000000000000000000000000000000000000000000000000000000000000000000000000000000000000000000000000000000000000000000000000000000000000000000000010000000000000000000000000000000000000000000000000000000000000000000000000010000001000000000000010000000001000000000000000000000000000000000000000000000000000000010000000000000
000000001000000000000000000000000000000000000000000000000000000000000000000000000000000000000000000000000000000000000000000000000000000000000000000000000000000000000000000000000000000000000000000000000000000000000000000000000000000000000000000000000000000000000000000000000000000000000000000000000000000000000000000000000000000000000000000000000000000000000000000000000000000010000010000000000000000000000000000000000000000000000000000000000000000010000000000000100000000000000000
000010100000000000000000000000000000100010010000000000000000000000000001001000000000000000000000000000001000000000010010000000010000001000000000001000000000000000000010000000000000000000000001000000000001000000000000000000000000000000100000000000000010000001000000000010001000000000000000000000001000001000000000000000000000001000100000000000100000000100000000000000001000000100000000000000000000000000000000001000001000000000010000001000100000000000000000000000000000000000000000
100000000000000000000000000000000000000100000000000000000000000001011100000000001000000000000000000110000000000000100000000000000000000000000010000000100000000000000000000000000000000000000000000000000000000000000000000000001000000000000000000000000000000000000000000000000000000000000000000100000000000000000000000000000000000000000000000000010000000000000000000000000010000000000000000000000000000000000000000000000000000000000000000000000000000000000000000000000000010000000000
010000000000000010000000000000000000000000000000000000000001000001000000000001010000000000000000000000000000000000000000000000000000010001110000100000010000100000000000000001000000000000000000000000000010010000000000000000000000000000001000000001000000000000001000000000101100000000000000010000010101000100001000000000001000000000000000000000000000001000000000000000000000000000000000100000000000000000000000000000000000000000001100000000010000000000000000000000000000000000000000
000000000000000010000001101000000000000000011000100011000000000100000000000000000000000101000001000000100001000000100000000000000000000000000000000000000001000000000100000000000100010000000000000000000010100000010000100000000000000000000000100100000000000100000000000000000000001000000000000000000000100000001001000000000100000000001000000000000000000000000000000010100010000010010000000000001000000000000000000000000000000000000000001000100000000000010100000000000000000000000000
000000000000000000000000000000000000000000000000000100000000000000000001000000010100000000000000000000000000000000000000000000000000010000000000000000000000000000000000000001000000100001001000000000000000001010000000000000001000000000000000001000000000000000000000000000000000000000000011000000000001000000000000000000000000000000000000000000000000000010000000000000000000000000000000000000000000000000000000010000010000000110000000000000010000000001000000000000000000000010000000
000000000000000000100000000000000000000000000000000000000000000000010000000000000000000000000000100000000000000001000000000000000001000000010000000000000000000000000010000000000000000000000000000000000000000000000000000000001000000000000000000000000000000000000000000000000000000000000001000000000000000000000000000000000000000000010000000000000000000000000000000000000000000000000010000000000000000000000000000000000100000000000000000000000000000000000000000000000000000000000000
000000000000000000000000000000001000000000000000000010000000000000000001000000001001000000000000000000000000000001001000000000000100001000000000000100000000000010000010000000010001000000000000000000000000000000000010010000001000000000000000000000000000000000000000000000000010000000000000000001000100000100000000001000000000000000000000000000001000000000000000000000000000000000000000000010000000000000000010000001000000000000000000000000000000000000000010000000000000001000000000
000000000000000000000000010000000000000000000000000000000000000000000000000000000100000000010001000000000010010000000000000000000000010000000001000000100000000010000000000001001000000000010000000000000000000000000000001000000010000000000000000100001000000000000000000000000000000000000000000100000000000000010000000010000101000000000000000000000010000000000001010010100000000000000000000000000100001000010000000001000000001000000010000000000000000000000000000000000001000100100000
000101000000000010000000000000000000000100000000000000000000000001000000000000000000010000000010000000000000001000000011001000000010000000000000000000000000000000000000010001000000000000000000000110000000000000001000100000000000000110000000000000100001000000000100000000010000000000000100000010000000000000000000000000000010000000000000000000000000000000000000000000000000010000000000000000000000000100000001000000000001100100000000000000110000000010010100000000000000000000000000
000000000000000000000000000000000010000000100000000100000000000000010000000001000010000001000100000000000100000000000000010000000000001000000000000000000000000000000000000000000000000000000010000000000000000001000000001001000000100000000000000010000011000000000000010000000000000000000100000000000100000000000000000000100000010000010000100000010000000000000100001000001000001000000001000000000001000000000000000000000000000010000000000000000000000000000000001100100010000001000000
000000000010000000000000000000000100000000110000000000001000000000000000000001000001000000000000000000000000000000000000000000000000000000010000000000000000000100000000000000100000000110000000000000000000000000000000000000000000000000010000000000000000000000000001000000000000000000000000000000000000000000010000000000000000000010000000000100000000010000000000000000010000000000000000001000000000000000001001000000000010000000000000000000000100000000000000000000100000000000000001
000000000000000000000000000000000000000001000000000000000011000100000000000000000010100000000000000000000000000000000000000000000000000000000000000000000000000000000000000000000000000000000000000000000000000000000110000000001000000000000000000000000000010100000000000000000000000000000000000000000000000000100000000000000000000000000000000001000000000000000000000000000000000000000000000010000000000000000000000000000000000000000000000001000000000000000000000000000000000000001000
000000000000000001000000000000000000000001000000000000010000000000101000000000000010000001001000000100110000000000000000000101000000000001000000000000000000000000000000000000000001000000100000000100000010001000000000010000000100000000000000010000000000000000000000000000000000000000000100000110000010000000000000000000100000000000010000000010000010000000000000000000000100000000000000000000000100000000000000000000010000000000000000000100100010000001000000001001010001000000010000
000000000000000000000100000010000000001000100000000000000010000000000000000000000000000000000000000010000010001000000000001000000000000000010000000000000000000000000000000000000000000000000001000000010000000000100000000000000001000000100000000000100000000000000000000000000010000100000010000000000000000000000010010000010000000000000000000000000000000100000000000000010000000100000000000000000000000000000000000000001010000100000000000000000000001000000000000000010000000000000100
000000000000000000000000000000000000000000000000000000000000000000000000000000000000000000000000000000000000100000000000000000000000000000000000000000000000000000000000000000000000000000000000000000000000000000000001000000000000000000000000000000000000000000000000001000001000000000000000000000000000000000000000000000000000000000000000000000000000000000000000000000000000000000000000000000000000000000000000000000000000000000000000000000000000000000000000000000000000000000001000
000000000010000000000000100000000000000000010010010000000000100000000100010000000100000000000000000000000000000000000000100100000000000000000000000000000000000000000000000000000100000100000000000000000000000000000001010000000000101000010000000000000000001000000000000000000000000000000000000000000000100000000000000000000000000000000001000000000000000000001000001000000000000000000000010000000000000000000000000000000000000010000000000001000001000000000000000000000100000000000010
000000000000000000100000000000000000000000000000000000000000000000000100000000000000000000100100000000000000000000000000000000000000000000000000100000000110000000000000000000000000000100010001001000000000000000000000000000000000000000000000000001000000000000000000000000000000100000000000000100000000000000000100000000001000000000000001000000000000000000000000000001000000000000000000100000001000000010100000000000001100000000000000000000001000000000000000000000000000000100000000
000000000000000100000000000000000000100100000000000000000000000000000000000000000000000000000000000000000010000000000000100000000000000000000000000000000100000000000000000000000000000000000000000000010000100000000010000000000000000000000000000100100000000000000100000000000000000000000100000100000000000000000000000000000000000001000000000010000000000000000000000000000000000000000000000000000000000000000010000000011000010000000000000000000000000000010000000000000000000000000000
000000000000100000000000000000000000000000000000000000000000000100000000011000000000010001000000000000000000000000000000000001000000001000000010000000010111000001000000000100000000010000000000000000000001000000000000000000000000001001100000010000000000100000010000000000000001000000000000000010000000000000000000000010101000001000000000000001000010000000000000000000000001011000010000000001000000000100000000000000000000000000000000000010000000000000000000000000000000000000000000
000000000000000000100000000000001000101000000000000000100000000000000000000000000000010000000010000000000000000000000000000000000000000000000000000000000000000000000001000000000000100000001000000000110000000001010001000000000000000000001000100000110000000000000000000000000000000100001000100000000100000000000000000000000000000000000000000000000000000000000000000000100000001001100001000000100000000000000000000000000000000000000000000000000000000000001000100000000000000000000010
000000000000000000000000000000000000000000000010000000100000000000001000000010000000010100000000000000000000000000010000010001000000000000010000000000100000000000000000000000000001000100000000000000000000000000000000001000000000000000000000000000000001000000000000000000000000000000000000000000000000100000000000100000000000100000010000000000010000000000000000000000000000000000001000000000000000000000000100000000000000000100100010000000000000000000000100000000000000010000000000
001000000000000000001000000000000000000000000000000000000000000000000000000000000000000010000000000010000000000000000000000000000000001000000000000000000001000000000000000000000000000000000000001000000000000000000000000000000010000000010000000000000000000000000000000000000000000000000001000000000000000000000000000000000000000000000000000000000000000000000000000000000000000000000000000000000000000000000000000000000000000000000000000000000000001000000000000001000000000000000000
100000010000010001000000000000010000001000101000000000000000100000001000001000001000000000000000001100000000000000000000100000000000000010000000000000100000000010000000000000001000000000000000000000000000000000011000000000000001000000001000011000000000000000001000000000010000000001100001000000000000000000000000000000000000000101001000000100000100001000000000000001000000010000000001001000000000000000000000000001000000010000000010100000000000000000000000001000000000000000000001
000000000000000000000100001000000000000000100000011000000000000000000000000000000000000000000000000000000000000000000000001000001100000000000000100100100000000000000010000000000100000000000000000000010000000001000011000000000010100010100001100001010001000000000000000000100000000001000000000100000000001000100100000000001000001000000000001010000000000000100000000001000100000000000000000011000000010001000000000000000000000100000000000000001000000000000000000000000000000100010000
000000000000000000000000000000000000000000100000000000000000000000000000000000000000000000000000000000000000000000000000000000000000000000000000000000000000000000000000100000000000000000000000000000000000000000000000000000000000000000000000000010000000000000000000000000000000000000000000000000000000000000000000000000000000000000000000000000000000000000000000000000000000000000100000000000000000000000000000000000000000000000000000000000000000000000100000000000000000010000000000
000000100000000000000000000000000000000010000000000001000000000000000000000000000000000100000000000000000000000000000000000000010000001000000000100000000000000000000000000000000000000000000001000000000000000000000000010000100000010000000000000000000000001100001000000000000001000000000000000000000000000000000000010100000000000000000000000000000000000000000000000000000000000000000000000000000000100000000000000100000000000000000100000000000000000000000000000000000000000000000000
000000000000000000000000000000100000000000000000001000000000000000001000000000000000000000000000000000000000000000010000000000000000000000000000000000000000000000000000000000000000000000000000000000000000000000000001100000000000000000000000000000000000000000000000000000000000000000000000000000000000000000000100000000000100000000000000000000000000000010000100000000000000000000000000000000000000000000000000000000000000000000000000000000000000000000100000000000001000000000000000
000000000000000000000000000000000000000000000000000010000000000000001000000000000000000000000000000000000000000000000000000000000000000000000000000000000010000000000000000000000000000100000000000000000000000000000000000000000000000000000000000000000000000000000000000000000000000000000000001000000000000000000000000000000001000010000100000000000000000000001000000000000001000000000000000000001000000000000000000000000000000000000000100000000000000000000000000000000000000000000000
000000000000000000000000001000000000000000000000000000000000000000000000000010000000000000000000000000000001000000000000000000000000000000000000000000000000000000000000000000100000000000000000000000000000000000000000000000000000000000000000000000000000000000000000000000000001000000000000000000000000000000000000000000000000000000000000000000000000000000000000000000000000000000000000000000000000000000000000000000000000000000000000000000000000000000000100000000000000000000000000
000101000000100100010000000000000001000000100000000000000010001000000000100001000000000000000000000000001000000000000000000000010000000000000000000000000000000000000000000000000100000000001000000000000000000000001000000000000000000000000000000000000000010000000000000010000010101000000010000000000000011000000000001010001000000001000000000100000000000000000000100000000000100000000000010000000001100000000000000000001000110000010000000000000001000000010000000001000000000000001000
000010000000000000000100100000000000100001000000000000000000000000000100000000000000001000000000001000010001001000000000000000000000000000000010000000100000000000100000000000000000000000000001000000000000000010000000000000000000101100010000001000100000000100011100000010000000010000000000100000000000000000001010000000000000000101000000000000000000000000000000000000000000000100000000000001000000010000001000000100000000000000000000000000000010000001000001000000100000000000100000
000000000000000000000000000000000000000001000001000000100000000000000001000001000000000000000000000000000000000000000000000000000000000000000000001000000000000000000000000000000000000000010000000000000001000000000000000000000000000000000000001000000000000000000000000000000000000000000000000000100000010000000000000000000000000000000000000000000000000000000010000000000000000000000000000000000000000000000000000000000000000000000000000000000000000000000000000000000000000000000010
000000000010000000000000000000000000001000000000000000000000000001100000100100000000000001000100100000000000000000000000000001000000000000100000000000000000101000000001000100010000100000000001000000000000000000000000000000000000000000000000000000000001000000000000000000000000000000110000000000000000000001000000000000000010001100001100000000000000000000000000000101010101000001000000000001000000010000001000000000000000010000000000010000000000000000000000000000001000000000000010
000000000000010000000001000000000000000010010100000000000000001000000000000000000001000000000010000000000100110000000000000000011001000000001000000000000000000000100100000000000000000000010000000100010110000000000000000000000000000000010000000000000000000001000000000000000001000000000000000010000000000000000000000000000000000000000000000000000000000000010000100000000000001000010011010010000000000000000000100000000000000100000000100000000000000000000000010000000010010000010000
000000000000000010000000000000001000000000000000000000000000000000000001000000000000000001000000000000000100000000000000000000000000000000000000000000000001000000000000000000000000000000000000000000000000000000000000000000000000000010000000000000000100000000000000000000000000000000000000000000000000000000010000001000000000000000011000000000000000000000000000000000000000000000000000000000000000000000000000010000000000000000000000000000000000000000000000000000000000000000000000
000000000000000000000000000000000000000000000000000000000000000000000000000000000000000000000000000000000000000000000000000000000010000000100000000000000000000000010001001000000100000000000000000000000001000000100000000000000010000000000000000000000000000000000000000000000000000000000000000000000000000000010000000000000000000000000000000000000000000000000000000000000000000000000000000000000000000000000000000000000000000000000000000000000000000000000010000010000000000000000000
000000000000000000000000000000000000000001000000000000000000000000100000000000000000000000000000000010000000000001000000000000000000000000000000000000000000000000000000000000000000000000000000000000000000000000000000000000000000000000000000000100000000001000000000000000100000000010000000000000000000000000001000000000000000000000000000000000000000001000000000000000000000100000000000000000000000000000000000000000000000000000000000000000000000000000000000000000000000000000000000
001001100000000000000000000000001000000001000010000000000000000000001000000001000000000001001000010000000000000000000000001000010000100000000100001000000000000000001000000010000000000000000000000000000010000000000000001000010000010000000000000000001000000000000000011000000000010000001001010000000000000000000000000000100010100000000000001000000010000000000010000000000000000000000000100011010010000001000000000000000000000000000000000000000000010000000000000000000000100000000001
010010000000000000000000000000000000000000100000000100000000011000000001110011100000000000000010000000000000000000000101000000000000000000000000000000000000000000001000000001010000100000000000000100000000000000000000100100000000000000000000000100000100001010000000000000000000000000000000000000000000000000000000000000110000000000000000000000000000000000000000000000000000000000000000000000010000001000100000000000000000000000000100000110010000000000001000000000000000000100110001
000000000000000010000000000000000000000000001000000000000000000000000000000000001000000000000000000000000000000100000000000010000000000000000000000000000000000000000000000000000000000000000000000000000000000000000000000000000000010000000000000000000000000000000000000000000000000000000000000000000000000000000000000000000000000010000000000000000000000000000000000000000000000000000000000000000100000000000000000000000000000000000000000000000000000000000000000010000000000000000000
000000000001000100000001000000000000000000010000000000001000000000000000000000000000000000100000000000000000000000000000000000000001000000000000000000000100001000000001100000010011000000000010000000000000001000010000000001001000011000000000000100000001000000000000010000000100000000000000000110000000010000000000000010000000100000000000000000000000000011000000000000000000000000000000000000100000000000000000000000100000000000000000000000000000000000010000000000000000000000000000
000000000000000000000000000000000000000000000000000000000000001000000000000000000000000000000000000100000000000000000000100000000000000000000000000000000000000000000000000000000000000000000000000010000000000000000010000000000000000000000000000000000000000000000000100000000001000000100000000000000000000000000000000000000001000000000000000000001000000000000000000000000000000000000000100000000000000000000000000000000000000000000000100000000000000000000000000000000000000001000000
000000000001000000010000000000000000000000000000000000010000000000000000010001000000000000000000000000000000000000000000000000000000000010000000100000000000000000000000010000000000000000000000000000000100000000000000000000000000000000000000000000000000000000000000000000000000000000000000000000000000000000000000000000000000010000000000000000000000000000000000100000000000000000000000000000000000000000000000000000000000000100000001000000000000000000000000000000000000000000000000
000000000000000000000001100010000000000000000000000000011000000000000000000000000000000000000000000000000010000000000000000000000000000000010000010000000000000000000010000100000000000000000010000000000000000000000000000000000000000000000000000000000000110000000000000000000000000000000000000000000000000000000000000000101000000000000000100010000000000000000000010000010000000001000000000000000000010000000000000000010000000001000000000000000000000001000000000000000000000000000000
000000001000000000100000000001000000000010000000000000000000000000000000000000000000000010010000010000000000000001000001000000000000000000000000000000000000000000000000001000000000001000000100000000000000000000001000000000000000001000000001000000000000001000000010100000000001000000000000100000000000000010001000000000001000000000000000000000100000000000000000000000000100000000000000000000000000000000000000000000010000000000000000000000000000000000101100000000000000000000000000
000000000000000000010001000000001000000000000000000000010000000000000010000000000000000000000000000000000000000000000000000000000000000000000001010100001000000000000000000000000000001000000000000000000000000000000000000000000000000000000000000000000000000000100000000000000000010000000000100000000100000000000001000000000000000000000000000000000000000000000000000000000000000000000000000000000000010000000000000000000000100000000000000000000000000000000000000000000000000000000000
000000000000000000000000000000010000000000000000000000001000000000000000000000000000000000100000000000000000000000000000000000000010000000000000000000100000110000000000000010000000000010000000000000000000000000000000000000000000000000000000000000000000000000000000000000000000000000000000000000000000000000010000000000000001000000000100100000000000000000000000001000000000100000000000000100000000000000000000000000000000000000000000000000000001000100000000000000000000000000000000
000000000000000000000000000000000000000000001000000100000000000000000000000000000000000000000000010000000000000000000000000000000000000000000000000000000000000000000000000000000000000000000000000000000000000000000000000000000000000000000000000000000000000000000000000000000000000000100000000000000000000000100000000000000101000000000000000000000000000000000000000000000000000000000000000000000000000000000000000000000000000000000000000000000000000000000000000000010000000100000000
000011000000000000001000000000010000000010000010000000010000001001001000000001000000000000000100000000000000010000000000000000000000100000001100000000000000000000010000000000000000000100000100000001000000000000000100000000000000000010000100000000000000000000000000010000100000100000000000000000110000001000000100000000001100010000000000000000000000000000100000011100000001100100000000000000000000000000000010000100000000001000000000010000000000000100000000010000000000000001000001
000000000000100000000010000000000000000000000001000000000000000000000000000000010000000100000000000000000000000000010000000000001000000000000000000000100000000000000000000010000000000000100100000000000000000000000000010000000000000000000000000000000000100000010000000000001000000000000000010000110000001000000000000000000100000000100000000000001000000000000000000010000100011000000100001000100101000000000000000000000000000000110000000000000100010000000000000000000000000000000000
001000010000000100000010000000000000000000000000000000000100000000000000000000000000000000000000000000000000000011001000000000100010000110000000000100000000000000100000000000100000000001010000000000000001000000000010000000100100000000000010000000000000000000000000000010000000000100000000000000000000000000000000000000000001000000000000010000000000010000000000000000000000010000010000000001000010000000000000000000000000100010000100000000000000000000000000000000000010100000000000
000000000000000000100000000000001000000000000110000001000000000010100000001000001100000000000000010000000000010000000001000000000010000000000000000000000000000000000000000000000000000000000000000010000000000000000000000000110000000000100000100100000000000000000000000000000000000010000000100000000000000000000000000000000000000000011011000010100000000100000000000000000000100000000000001001001000000000000001000000110000000000001000000000000001000000000000000000000000000000000010
000000000100000000000000000000000001001000000000001000000100000000100000000000000000000000000000000000000000000000000000000000000000000000000000000000000000000000000100000000000000000000000000000000000000000000000000000000000000000000000000000001100000000000000000100000000000000000000000000000001000000000100001000000100000000000000000000000000000000000000001000000000000000000000000000000000000000000000000000000100000000000010000000000000000000000000000000000100000000000000000
000000010000000000000000001000000000000000000000000000000000110010000000000010000001000000000000000000000000000010000000001000000000000000000000000010001100000000000000000000000000000000000000110000000000000001000000001000000000000000000000000000000000000000000000000000000000000000000000010001000001000110000100000000000000000110000000001000000000100000000001000000000001001000100000010000010000000000010100000000001000000100000000100000000000000100000110000100010001000000010000
000000000000000000000000000000000000000000000000000000000000000000000000000000000000000000000000000000000000000000000000000000000000000000000000000000000000000000000000000000000000000000000000000000000000000000000000000000000000000000000000000000000000000000000000010000000000000001000000000000000000000000000000000000000000000000000010000000000000000000010000000100000000000000000000000000000000000000000000000000000000000000000000001000000000000000000000000000000000000000000000
000000000000000000001000000000000000000100000000000000000000010000000000000000011000000000000000000000000000000000000001000000000000000000010000000000000000000000000000001000000000000000000100000000000000000000000000000010000100000000000000000000000001000000100000000100000000011000000000000000000010000100000000000000000000100001000000000000000000000000000001010000000000000000100000100001000000000000000000000010000100000100000000001000000000000000000000000000000000110000001000
000000000000000000000000000000000000000000000001000000000000000000000000000000000000100000000000000000000000000000010000000000000001000000000000000000000000000000000000000000000000000000000000000000000000000000000000000000000000000000000000000000000000000000000000000000000000000000000000000000000000001000000000000000000000000001000000000000000000000000000000000100000001000000000000000000000000000000000000000000000000000000000000000000000000000000000000000000000000000000001000
000000000000000000000000000000000000000000000000000001000000000000000000000000000000000100000000000000000000000000000000000001000000000000000000000000000000000000000000000000000000000000001000000000000001000000000000000000000000000000000000000000000000000000000000000000000000000000000000000001000000000000000000000000000000000000000000000000000000000000000000000000000000000000000000000000000000100001000000000000000000000000000000000000000000100000000000000000000000100000000000
000100000000000000000000000000000000000000000100001000000000001100000000000001000000000000000001000000000100000000000001000000100000000100000000000000000000000000000000000010000001000000000000000000000010000000000000000001010000100000000000000000010000000000000000000000010001000000000001000000010000000000000000000100000000000000000000000000000100000000000010000000000000000000100000000000000001000001000000000000000000000000100000100010000000000100000000000010000100101010000000
000000000010000000000000000000000001000000010000000000000000000000000000000000000000000000000100000000000000000000000000000000100000000010000000000100000001000100001001000000000000000110000000000000000000000000000010000010010000100001001000010000000100000010000000000000000000000000000011001000000001000001000000001000000000000000001000000000000100000000000010000000000000010000101110000000000000000100000000000000000000100000000001000000000000000000000001000100000000000010000000
000000000000000000000000100000000000000000000000000100000000000000001000000010000000000001010000000000010000000000100000100100000000001000000000000000100000000000000000000000000100000000000100001010000101000000000000000000000000000000000000000010000100000000001000100000100000000000000000010000000000000000000000110000001001001000000000000000010000000000000000100000000000000000000000001000000010000010000000000001100000000000000000000000000000000000000000010000000000000000000000
000000000000000000000000000000000000000000000000001000000000000000000000010000000000100010000000000000000000000000000010000101000100000000010100000000000000000000000100000000000001000000000000000000100000000000000000010000000000000000000000000010100100000000000001000000000000000000001000000001000000000000000100000100000000000001010000000000000000000000000100000000000100100000000000000000000000000010001000010000000000100010000000000000000001000000000000000000000000000001000000
000000000000000000000000000000000000000001010000000000000000000100000000000001000000000000000000000000010000000000000000000000000000000000000000000000100000000000000000010000000000000000000000010000000000000000000000000000000000000000000000000000001000000000000000000100000000000000000000000000000000000000000000000000000001000000000000000000000000000000001001000000000000000000000000000000000000000000000000000000000000000001000000000000000001000000000000000000000010000000000000
000000100001000000000000000000000000000000000000000000000000000100000100000000100000000000000000000000000000000000000000000000000000000000000000000000000000000000000000000000000000000000100001100000100000000001000000000000000000000000000001000000000000000000000000000000000000000000000000001000000000110000000000000010000000000000000011000000010000000000000000000000000000000100000000000000100000000011001000000000000000000000010000000000000000000000000010000000000000000000000000
000000000000000000000000000000000000000000000000000000000000000001000000000000000000000000000000000000000000000000000000000000000000000000000001000000000000100000001000000000000000000000000000000010000000000000000000000000000000000000000000000000000000101000010000000101000000000000000000000000010000000000000000000000010000000000000010000000000000000000000000000000000000000000001000000000001000000000000000000000000000000000000000000000000000000000000000000001000000000000000000
010000000010000000000000000001000000000100000000000100000000000000000000000010000000000000001001000010000000000000010000100000000000000000011000000000000001010000000000000000000000000010000000000000000000000010000000000000000000000000000000000000000000100000000000000000000000000000000000000000000000000000000000000000000000000000000000000000001000000000000001000000100000000000000000000000000000000000000000110000001000010000000000000000000000100000000000000000000000000000000000
000000000001000000000000000100000000100000000000000000000000000000001000000000000000000000000000000000000000000000000000000000000000000000000000000000001000000010000000001000100000000000010000000000000000000000000000000000000000000000000000000000000000000000000000000001000000010000000000000000000000110000000000000000000000100100000000001000000000000000100000000000000000000000000000000100000000000000000100000000000000000000010010100110000000000000000000000000001000000000000001
000000000010001000000000000000000000000010010001000010011001000000100000001001000000000100010000000010000000000100000011000000000000000000000000000000000000001000000000000100000000000000000000100000001001000000000010000000000000000000010000000000010001000000000000100000000001000011000000000010000001001001000001000000000100000000000100000000001000000000011001000000101000001000000000000000000000000000000000100000000000000000000000000000000000010000001000000000000000000000000000
000000000000000000010000000000000000000000000000000000000000000000000000000000000000010000000000000000000000000000000000000000000000000000000000000000000000000000000000000000000000000000000000000000000000000000000000000000000000000000000000000100000000000000000000000000000000100000000000000000000000000000000000000000000000000000000000000000000000000000000000000000000000000000000000000000001000000000000000000000000000100000000000000000000000000000000000000000000000000000000000
000000000100000000000000000000000000000000010000000000000000000000000000000000010000010000000000000000000000100000001000000000010000000000000000000000000000010000000000000000000110000000000000000000000000000000000000000100000000000000000000010101000000001000000000010010100000000000000000000000010000000001000100000000100001000000000000000001100000000000101000000000000000100000000000000101000010001000000000100000000010000000000000000000000000000001000000001000000000100001010000
000000000000000100010000000000000000000000000001001000000000000000100000000000000000000000000000000010000100000101010000000000000000000000000000000000000001000000000000000000000000000000000000000000000000001011000000000000010000000010010000001000000000000000001000000000000000000000000000000010000000000010000000101000100000000000000000000100000000100000000000000000000000000000000000000000000000000000000000010100000100001001000000100010000000000000000000100001000000000000000000
000000000100000000000000000000000000000000000000000000000000100000000000000000000010000000001100000000100000000000000010000000000000000000000000001000000000000000000000000000000100000000000100000000000000000000001000000000000001000000000000000000000000000010000000010000000000000000000000000000000000000000000000000000000000000000000000000000110000000000000000000000000001000000000000000000000000000000000100000000000000000000000000000000000000000001000000000000000000000000000100
000000000000000000000000000000000000000000000000000000000000000000000000000000000000000000000000000000000000000000000000000000000000000000000000000000000000000000000100000000000000000000000000000000000000010000000000000000000000000000000000000000000000000000000000100000000000000000000000000000000000000000000000000000000000000000000000000000000000000000000000000000000100000000100000000000000000001000000000000000000010000000000001000000000000000000000000000000000000000000000000
000000000000100000000000000000000000000000000000000000000000000000000000000100000000000001000000000000000000000000000000000000000000000000000000000000010000000000000000000000100000010000000000000000100001000000000000000000000000100010100100000000000000000000000000000000000000000000000000000000000000000000000100000000100010110000000000000000000000000000000000000000000000000000000000000000000001000000000000001000000000000000000000000000000000010001000000000000000000000000000000
000000000000000010001000000000000000100000001000000000000000000000000000000000000000000000000000000000000000000000000000000000000001000000100000000000000000000100000000000000000000000100000000000000000000000000000000000000000000000000000000000000000000000000000000000000100000001000000000000000000010000000000000000000000000000000000000000000000000000000001000000100000000000000000000100000000000000000010000000011000000000001000000000000000000000000000010000000010000000000000000
000010001000000001000000000000000100000000000000000000000000000000000000000000000000000000000000000000000000000000000001000000000000000000000000000010000000000000000000001000000000000000000000000000000000000000000000000000000000000000000000000000000000000000000000000000000000000000000000000000000000000000000000000000000010000000000000000000000000000000000000000000000000000000000000000000000000000000000010000000000000000000000000000000000000100000000000000001000000000000010000
000000000000000000000000000000000000000000000010000000000000000000001000000000010011000000001000000000000000000000000010000001100000000000000001000000000010000001000000000000001000000000000000000000000000000000000000010100000000010100000000000001000000000000000000001000000000000000000000000000000000100010000000000000000000000000000000000001000000000000010000000000000100000110100000000000000000000000000000000000000000000000000000010000000010000000000000000000000000000000000000
000000100000000000001000000000000000001000000000100001000001000000000000000000100000100000100000000000000000000000000000000010010000100000000000000000000000000010000000000100000100000000000000000000000001010100000000000000010000000000000010000000000000000000000000000000000000000010010000000000000000000000000000000100000000000000000000000000001000001000000000000000000000000000000000000000000000010000000000000000000000000000000000000000000000000000010000000100000000000000000000
000010000000000000000001000001000000000000000000000010000000100001000001000001000000000000001000000000000000000000000000000010000000000000000000000000000000100000000000000000000000000000000000000010000000001000000000000000000100000000000000000000000000001001000000000000000000000001000000000010000000000011010010000001000000100000011000000000000000001000000010000000001000110010000000000000000010000000000010000000011010000001100000000000000100000000000000000000001010000001100000
000010001001000000000000000100000000110000000000000000100011000000000001000000000000000001000010001000000000000000000000010000000000000000100000000100001000000001000000000000000000000000000000000000000000000100000001000000000000000000000000000000000000000000000001000000000000000000000000000000000000100000100000000000000000010000000000001000000000000100000000000000000000000010000000000000100000000000000000000000000000000000000000100100100000001000000000000100000001000000100000
000000000000000000000000000000000000000000000010000000000000000000000000000000000000010000000000000000000000000000010000000000000000010000000000000000000000001000000000000000010000000000000000011000000000000000000000000110000000000000000000000000000000000000000000000000000000000000000100000100000000000000000000001000000000000010000000000000000000000000000100000000000000000000000000000001000000000000000000000000000100000000000000000000000000000000100000000000000000000000000000
