0000111010
0101010110
0011010100
1001100101
0010001110
0000011110
1001111000
1101100001
1110001010
1001010010
0010110101
1110011000
0101010010
1101000011
0110010010
0110110100
0100110001
0010101101
0101010011
0110110001
0100001101
0010001011
1000011100
0100111100
0010101110
0001101101
1100100001
0001110011
1010100001
1011001001
1010010100
1001010101
1101010000
0001111010
1001110000
0011000111
1011010000
1101000001
1000111000
1100110010
1111000001
0111001100
1011000101
1001110010
1010011010
0010111100
0101001100
0011001001
1001101000
0100011110
1011000010
1010100010
1001100110
0011001100
0001011110
1011010100
0100101010
0001100101
0111000110
1011001010
1010001001
1110000101
1011000011
1000100111
0011111000
0001100011
1100100010
0101011000
0010100011
0101001010
1000110001
1110100100
1000010111
1001001011
1110000100
1010110001
1100011010
1100001101
1100010001
1010010101
0111001000
1000110101
0000011101
0110100100
1101100100
0100100111
1100101100
1010101001
0111000010
1000100011
1101000101
1001011000
1011010010
1010000011
1101001010
0110011000
0011010010
1111000100
0001010111
0000101111
