0000011110101101100000011110010011010011000001101000010001000000110010000100101101100000000001100001001000011000101001111001011110001000001001000101001110011111001010011000010001001100011001010010111010111001110111100000001000001010010000010010110110110100011000000100001100101100100101010110111010000001100011100110000100110011110011000000100000110001111111000110000011001001110010100010101011011111001011110011000010110011000110
1000000000010001001000011111110101000010111000011110100111011010001100100110101101111001110110110101011010101100100010111100000000111011010110100001000000001010001010110001100010101110001001000110000101101010100100000100001100100100101100001101110000100000110001001010100110000101011000010010011110011110110000111010110111101111011110111101000101110010011000011011110011010101000010000101000100010010110110011101101011000011001100
0001001001101100000111000101011011001100001001010000100110011011100110100101101000010110000000001100010010100000001001010000001001110001101000001110101101111001111001101001101000110001100100000101011000001101010001100100000010111000100011101110110001010001000000110110011001100001111011111010010110001100000111010110111010101110001010000111110011100110101000001010110110100000010011010110000110001000111001110011110010100000111000
1010000010110111001101110010011010100011111010010100000101100100101011000001111110110010001010011011010000111011001001111001110110110100001110010011100111110110110010011111010000100110001000011100001101001110011111010000010000000001011000010101100001000100110010010101001001010111000001111001010000011110101010101001110011100011010100000001001110110110110110101110011110110001010011111110001110011011110011000000111000100000100011
0101100111101010111100100001100101101111010000010000101111111011111011000010110101101000010100000110010001010111111000101111001101010100111100001000010100111110010000000011111111101010100110010000011001010000110010111100110011101101010100111101110011000101010011100100101101000110101101011010111111001111110000010011010011000000100011000101011000011001001111000110001110111001101110000111111000100100110011000100010000001000001011
1001110101001100111001000111100101110000011100001100100011101101110000110001010010111011101010111100001010010000100001000101010001100010101000111001111110001111000100010101010110000011100001001000100011011001011000100010001101000111000100110100101010000110111000100000111111000000010111011010100101011011001010110010000101100110001010101100010100000110000011011111110001011011000000101001010100001111001011000011010000101100100110
0100100000000000000110000001100011000011111011000110111001001100000110001111010001101110100011001010000001111010001001001001110011100011001101000100000001011001100110100011110000000000100010011100110010010011000010001001010010001100110001011111000000110100001001001011111111000101000101001011010101001110010010110010000100010100110011110000010000011110110010101010000011100111000000111000000001111110001101000100000100110100100000
1101001011000100011010000001110011001100110001010001110000010000011100110010000000001111011100000100000111110101000001001010010010011100000100001000001000101111111001000001001100110110111010000101101100000011110110100100110101110000100011101111110010110111110000010001100010101100010000000000101000001000010111001100010010100010101101000001111010100000010001000101110000011101010100101011000001010000111011000111100010001000000001
0100010010101000111011101100100101010111011000010001110100100001010101111110011000000000010000000000010000110001011011101111000110111101101101000001100110110000101001111001000111010111011011000100001001000010010001110000000010110000011000010111101000100001010111000010011000000001000000110110001001000010101100101011010011101001001110011001000000010001101000001010010000101110010101110111011101000000001001110000101101100110010000
1000101000110110110101101000110011010000100000011101101111111000011101111001011011110011000001110110000010000110011001110010100010011111100110000010000111110100011000100101111101100101110000101110010000101100101010111011001101100101101011110111011001100100111000010011101100111001011000001111111001001010000110101110100011011001001011001000110101000011010100100100001011100000111101011110010100101010010101111100101001111001010110
1001010001001110110111010100110011011010011001001010010000100111011100111101001010000011111011111101111101011101001001111110100110001000000100011010011100110111000001000100010100001110001101100000000001111000100110010011011010110001101010110110110110111101010100001010110010110100100010000100111101011000110100011011001111001111111011100101001100010100100000100100001111010101101101100011011010101100100010011001011000111001001011
0011010010001101110100011010001000011000000100000011101010101000000101010000000010110101101001101111110010110100000000001000000000000000100000000111110100000100010010101100010100111010000000011111100100110100000011001110011011001110010101001101010100001010000100000010000000101011011001001011101100001001101000011010110110101011011011111110001110100010011011100100011100000101000010000011100100100011101110101011011000001111100110
1111000100111000001001000011010111100011111111111011011010111001100100011100011101101100010000010100010010010010110100001111001100101111101110011111001100100100101001111001110001011001010000110001001000110001100011110001001101010110000011010010001000011101000010100000111010011111010000001000011010001010001111111001010111000000111010100011011000100100110101000100110100001000000101011111010000111011101110011010101000111000100111
0011101000100110000010101100000000100101100000101011011000100111011100101110100100111101101110111001111001010110001011010100100111110001110000110000100000110001000010101100111111011110100001001100111110001111100000101100101110000110001111011011001111011000011010000000101110110001010000000100110100101100101001001111010010101100011001111001100000001100001000001100100010000000000110000010010110010000011001101001101000011001100010
0110100111101100001110110001111100111100000000001100111000101000100110010111100010011010010000000000011011000110010011011000000111001000010100011100110000010010110010110011110111100100101000010100110101100101111100011100001100101011101000100000001000000110010101001100100110100011101010011001011000000010000010110000100110100000000100101000001100010010100011001000010101010001000100011100100000101000100001101101001001100110101010
0100010110110110110001010011010100110011011001101110100111110110101001111101010111100110010001010101101010000100000100110010100000010011100110001101011101001001010101001000010001111111100100010001111100001001001110101011010110011110011000100101100000110110010101010101011111001110110001000001010100001100110000100011100010100110101011010111010100010110110000010001010011000101010101010111000100010001000100110010110111110011101011
1000010000000000101011000101000010010011011010000110011001011101001011100000001110001111010100000011010001001100010101100110011001001100110111000100111011001111001100010110010000010010100100110010110001000010100010011011000101111110100110100000101110010100100100101000000111100101011100101001001110010100010010101010100010010101100101101110010101111001000111000101101101100000110110000110010010000111111010100011011000110100010111
0010000011001111001110001000101110011111011010110000001000010000101110100000110101000010111111100011111000000011011010111010000010110010000111011101100110100001010111101110001111001011011011011011110000101100000110111000100000000001100000100000011010101001011000001100000000000010010100001010101111110010010110101100000111101001001110111101011000110000101011110000000000100011010110101100000111010110101101011011011110010010110011
1110001100001010001011001110000011111010100101101110100000000000010100110010011000100100011000111000010000010100101001001000000100001100011000010001100100001000101110100011000110100010101001111010010101100001100101000110011100000100000000011101111100000000110110010110010001111010111000000100100001011011101001011000100100110001110001100000011001101000100000000000111010010101000110101111011010101000101110100001101100101111101010
1010111000101110001110110011110000011000100110111100000011011010000010100011101101011011100110011001101001000111111011001111001101100101001000000001001101111000100110001001010001101010010011010010100110111101101001001010011000100000000101110011110000000011000010100101110111000111001010011001001101100101111001000001000101110110110110000001101001010110000101100110010011000100010110110011010010000100111010110001000110110111011010
0010000010011001010110110100001001110100101110001011001110000100100011101011011010000110010000010000001011100011110001100000000001101110101010110100010100100001101110110110010000010100011101011101100010011001011110000000010110000000001110001011001110110100101000111000111000101110010100000110100001000100000010010001011001001110100001000001001011111111001101000101110010100101001101011000000000101110001001011110111011000011110000
0010011000101101001010110010001001110100110111000101101110000010100100011101001010000111001111111010100011111111001011010011010000101011101000000010011001100010010010111101010001011110000000011001010111001010100000001110001000000010010100000000001101110010010101111010110010011010010001111000111000110000010001000110010010100110000001100110101010100010010010100101001000000011110110011111101101010000110101001000110000000010010010
1100111101011110110100001000110011001010010111100010111101010000000111010000011011100001100111011010100100110010111001001101110111011100101101010011100101011010100101011010000100001100000111101111110100010000110011001000110011000110111010011111011011010001111000000000000101110010100101011000010011000110000000011010001011110001000100010101110101010011111011101110001000000110110111011001010100000010111011011000110101110100100010
1011111011101010010000000111101100001011001011010010110100011101110111010001011111011111000101000010100110011010000011010011001110001010000100001011011110101010111011011001001011111001000010110110000110100111101111101111111101100010000001110011000010001101000010011101101000001001000110000110111110000110101001001101110101011011011110001001011010000111000110010000110100101010110011110110111001100000000101011100010100010110110110
0101000110000011111100011100011100010001101111010010110110000111001100101001111001001110001111100111000110010001001011001001100110011100101011011100111100110001110011000000111100101100000101110101001000111110010011110001011101001001001110011000011100010000000111110101000100011010001000011000010011000000101000011011101100100000111001010001011000000101100100011110011011110101000100010010101110101011000100100111110000100011101010
0100011100111110011000101001010001011101111001100111000011011110010100001100101111000011110101111101010011100111001010011111101100100110111001000101100011111011001000010000001001100001010000100011010111101010010011010011010010110010010000110010100001000000000001011100110000011100100100110001100110100001010010011101100010011111110101001101011110001110110000111000101110101001000011101000011011011001110001000100000110001010101011
0011011011111000000010010110001011001100010101101010011011010100010100111001011000011010101001000101111010100001010110100000000000001001000111010001001110101100100101001110001100101001001111010001000001010101011010011101110010110101110001000010110100100000010001010011010111000100101110110101110000100011110000010010010001010011100000100111100110011000001110111101011000001011001000110000111101101000011000110101011001010001101001
0001100011111011101011110110001100100001001001011011111101011000000000010001001101000101011101111010110001001101101100101010111110101000011011001010000010111011000110111101001011111011101000110010100010011000000010010011000101110100101011001101000100111000011101011110000100010010101100101011111011100101000100110010110110011011110100001000011100000101111000101000001010110100111001110101100101011001010011010101101111001010001010
0001110001001010000110001110001111110110010010001010101100010111011110011101110100100011000000101111101000011101011011000111011010110011010001100011101011010000111110010100000011100000001010011110000110011000100001001001100110100111010111110011101000011101110100101110110001001101010011001000000011000011000010010101010000001000000101001010111000001100111101101011000000101110001100100101011111111100000000000001100111000001100100
1011010100100110001111001110101111001001001001010011111111101011100000011100010010010010010111101110100001010011111010100110010110000111100101110110111101000000110000101011110000101100101010010110110101101000111010101011000010101011000000000011001101110110111010010110000101110101001010110011101001110110001100001010100101110010111111100110000000010100010110001011010101000101001000011010110101101100011001110101010101011001101001
1000011011011111111000111000101111110011001010001000000110111001010010111101100000001010010101111101001100110101111110111000010101111100100111111010111000111110100100011100001011100111001100000011111111000000000001100000001001001011010101101111001001111001100010100000011110001101001011101101100011000111011100011000011100100011000110100000000011000100111111011100001001010101010101101000100001101101110010110000110110110110100110
0010000011110001101110101000101011011100101101001110100010000011110011111101010100011010011001100001101111111101000010001101010100111101010011100000000110100000111011010010000011110100111000110100110010010001001111111010010100110100110011000111000010001011110101001000011100011001010100100010011011101001111101000110011011001011111010110000100000001001111111101110111100111001101111010001000110011001001101110001111100110110100100
1001000100110000011000100111100001100111010100100110100010101101101011110111101100101001011111100100010100110110000001011000110110000100000110010110010010000000000010110110010010101100111100100111110100010110110001010111001111101010000101111110101110011001010100101001000111100011010011100011001101011110100001100010010010100001110011000011110011001010110001000010100001010110100101111001101000001111011101101110001100000010011110
0001111100010001011110111001001101011111001101001110000110100010001100010110010010110011011111000101010101010011101001100001001100111110001001110001100110011110000010100000100010000001101010010011110110000001010010011001011110111010101001111010010100101111001100011000111000110001010010101100110101001101011010110101110000001001000001101111111011000111100100101110110000100100010000010001010111011011110001100111100001000101110000
0101010100011010010001100000111100101101100110100010110010010100111000111100010100000101111011001011110000110001000100100010111001001100100011111100101011010101111110101010111010010101001100100011011110010000100000111001011011101100001111110011011111111010100011000101101000111000111111110011111000000001111000100110000001001101000100010000010110001110101000110000100001010010000110010000010001110000101111010011100011010101010000
1000000101000001011111011011101100101001001100000111101101001111110011101110101111101000001011100000000001100000001100001100000110010100100111100010111010001110110000100011000001011100111000110111010110010101010000111110011010100110001110000100101101100110110001101100000001100100000100100101011111001011011010100000000000000001101000100100010101111011001001001101000111101111010010001011110001100110111000101100001001000111000010
0010000110000010001011011001000000000111010101110100000111110001000101100001101011110001100000010000010111011010110001100010111010100011010001000010101001001100000000100000010010101000110100001010110101011100100010000001111101011000100010000110111000110000101011001000110000000101110000001010100110111001110000010001100101011101101001000111001011001100101001000011001001101110011110101110101101010101100110001000101100100110001100
0011110011111000000010001111111110000110010100000110000100101111011000101101000111010011010010000011000001101000101000100100001011011111110100010010001100011001110101010010011000110010111010111101110001011110000101100111110010001110000101010001011111011100011011001101000101010000001010001101110011111100000001000111101000101011000111101100111101110100100000011011101001111000010011101010100000011001011011111010000100001111011010
0010111111110001110000100111011111011011000100010110111100000001101101000110100011100001001000010001010001100001110000011001000001100110110100011110100001011011010011011010111000011010011000010000101101000100111100111010011010011000101000000010000001001000000010001100101011010011010000111001000110100111111011011000011111000001110101101000100110010101000100010011100000000100000111000000000001010110000000001110000101101010001010
0111100101011011001000110111010100110111010100110000011000111000100001111101111011011111111101010010001001001101001011010110001010100100111010000111100001100100011110100011000001001100101111100101101001100001110000000011001000011101000001100010000100101110000000111101100100010111100000001000101110100010001001001001001011010101111110000111101111011011000111010010101000011010101000101000100001100001000001011111001101001000101010
1000110100101001011101101010000000001000101000000000101001110110001111010100010111111001100111011010110101111110101100001010111110000010111101111111101100001001100011011111111010000100011110011100110010011100010011101011100011010111100110100100111000000000110111000101101100010000010111110010010010010010100100100101101101110111100000011100010011101001101010110000100100001010111111100010001000100000101011110111110010111111010000
1100110001011010000001100100101011111000010100111100111000101001011111011110000001101011001101111011100110001001101011011100000100001011111000000111110100000111111011000011001100000011001000101001110010111110101000101100100000110111101000001000001101110110000110010101000001100010000010110100000111000101110001100101111100110000000011110011111100100100010001001010001101010010000000011010100100110100101011100001110100000011001011
0111111100010001100000110111010110110010011110100000110000011101010011011000101100111101011010111011010111110111101001100001100011111010100100010001110111110101001101101111011111100001000011010001001010011111100001010010100011001110010101011101001000010100000100100010011111000111010011001100000011011011111000100001100111010001100101110000101010011010001111000001100001100101010001011001010001010001010010011010110111011000100101
0010010001101001010110110000101100101010010000000001111001100011000110100011100001110000011100111111001100000100010100010101101000000100010110100010001100010111111010000000001001001001110001111101111011011011011110000000101000000000010000001000100000011111011000110110011011000101111010111111101100100001011110000011010001001100110100111001001001000010100001010001011000011011110100000010001001100101011111011011100100000100011001
0010101100111110001000111101111001110011011011101110110000111110001110000011101000010010100110110100001000001011011100101101110011001000111111011110001010100110101101001000000111001100101001101001111010110000111101100100100001101011010111110010001010001001001001111100101000100101100000100101011010101010010110110100010010001100000100111010010111010101110011010001100111000000101100110011010011010001111100001011010100101111000100
1010010000000000100100110101111011011000000011011001100010101100101111000000110000011111001111110101010111111110111011100101011101100100011010000101101100000101011011110011101100110100010101010000100001011010011000100111100001100001011111101101011101110000100100111011101001000001001111000000101011101110000010011000110110100000110111001000110001101010101111100100111000101111100111001011011001010110101101100100100001000111100000
1011010100000001001010110001100001110011011101000101011000010111001001000011001000011011010001011100111111101001111001011001111100011001010101011001101110101100010111100100000111011010000011110001011101001000001110101011111111010011111000000011011001001101111001010101001100110011001010010010110010111010010011101000100100100111001010010000101010001000111101100110111001011010111100000100101001011000010000000111111000000110100010
1000100100010001010101001010001100011010001001001001100001001111100000100110111111011111101010010101101100000110110000111001111011010111101100001011101011110000011010001010100000000010010010000001100011110000000110011101000100100010011111011000110011010010010110000111010001010101011001100010010111100100000010001101111000110001111011001101101000010011111001111101101101001001100100110001010100010100000100001001110000111101110100
1000001110100010100010111001000011011000000001000001011100010000100001101110010000101010010100000000000110000010110010001001111101000111110110111111110000000111000011011011001111000011101100111100000111100111110000011010000001011001100111010011101011001010101111000100001001100010010011100101111110010100101010000001110011010000010010010101100001111000001101101001000001001011100001100001100001110000001110010000110101101011110001
1100000010110101001101110011000101110101000001001111010100001011000111001100101001110111011110011001010001101101010100110000101001001100110110000100111000111010010101110010011101000111001101011111011110101110111010011110011100000000110111011111110100010100100110001100000000011001110010101100100100010110101100100010001110000000000101010011101001100110010010001000010001001110011010011001100000010101100001011000110110011100100001
0100100010011101011110010010011011010010100100111100100000100101000000010000000000110000000011110111010101100011110001101110000001101000000000000110110000101010010010111011111111011010000100010110011001000000001100101100000101100110000100010001010010100110110100101111011110011101100101100100010000001111011100110011101011010100100100100101010111000110100111011100001011001010101000100100011100001101100011011000010000001010001011
1000000110111110010111011010011111000101100111000001010000001010010011010000100011110000011101011101011000010111111100000111010001100110111100011111000111101011111011010111011100011011100101011111100101000001110100001111011010001000001101100111101111010110010001101010000101111100000110011110000000000010001010000111000101001010110111000010101100001011000111110111000111101000111010001001110010000000010101001111010010010000011010
0000100100000110010000011001000111000000000100100101110000100111000011001011101010011001000000011011001111000001010010111100100001101011000100011101001100001110001010110110100101110010000011111011100011000100001101000110101111000000010101100001000001010010010100100010111101001000101111100111010101100010000000110001100100010101101100100010000101111000001010010111101110001001101111000111101111101011011010001011011000010101010010
0110101000100100001111001000010001001100101010101010000110110000000010000001001011101010000001010100011000100100100011011011010010011000101111100100001000001011110000100000111100011001000011101000100001110001000100101100010111110101111010001101001011001100011001001100101111001000100001000110000001011000111001011001010100101100001001000011011100001010101011000000100000001010100011110101110010000100100101110100000110011101010100
0101110100010110010100010100100001001010100010001011110011110000000001001111110001000010011010000000101110010010010110111000100110111000010000111001111001100110011001010000000111100010001011011011001100010011000100000010111100000010100100101000011110011001100100100100001001100111011011101111000001110011000100000001111000111000010010100100001000000110000100000000100101001101101001110000001100001101010001010000000010110100000100
0000010111111111010110001100000100100000000100111100010001101001110010011110010100101001001111000001101010100101010101010011100010010001011001000001000110101110010100101111000100001100001111011100110000000001010011010011011001000111101010110010011100101100100010100001110100010001000001111011000101110011001100000001111010000010001100010011011101000100100001000000101010000101110101001101010010000011101011010111110111100100110111
1010111001011110100010001101001001111001100100101001000100111000000101111010001111011011010110000111010110010011011111010000111011001100011010001111000110101101011100011001101000001011101110110010100101101000011010110101110011000010100001101000001101100001101100101100101111001000101100001111100000011100011000110001011101010111110011110001111001001001011010001011101101101100001100111101000110110100110010110001010101101011010000
1001111001001110001010001101101110011111000110101011000110011011000000010010010001100110010111111001000111010111101110011100110000010011100100101000110110111001000001001101000000001001110000101011000111001100101011001000100100110110011011000111100011100100100000011110110110001100010111110000111110110010001011001010001001100001101101010010101011101101011011111000110000101110010010111100010111100000000001111111111101011001000000
0011000000000111100011110001000101000100001000100011000000000000111110001000100100001010101001010101001110100001001100001100111000111111010110001011011110010111001110100000100000111111010011100011011010101010001000111100000001000010101010101101110010000010011001111010110000111010100100101001100100001101001010100001010110100010011011101011000011000000011011001010000001000111000111100000001000101010001110010001011000000000010010
1010101001100111010101110100011100101111000111010001110011000110000111101101001011010001100000111110010101010101011100110100101000000001110101100101011000001111111001001000110110111000100110110000001110100001100001000011110010000010000110100111000000101010001110000100100111000101101111110010101111101110111100010110000110110010000000100001111111001111100100011011111001101100100101101100100010110100011111011011110101011110101110
0100001111011101010011001111100010101010100000001000111000010000011010010010110000010011110111011001110111000100100101000010000101000010001000000011111010001110000000000101100001100000010100011101100111010010010000011110100101000000010111110100100011010000001110000111001100001100000110111010001000110000101100001100101001110001100001100101101010000100101000100110100110100001010001000111010101001100001010101100010010000010001010
0101101110100010010010111111011110000100110111111000100000010011100100110010010111001000110100010110100111100111101100011111110000101100111000111001111101111000011100010110010110001000110010111101000100010111100101101111100000110111000100000010000000101110010110100110000001010011110110000111110110010100010100001001110011100110100001100010110111011100001101100100100111010101011001010110010010111001111101101000100101110011000100
0001101001100000010010110010101001100111001111111000001110001101000010101100111010000000100111001111111100111101000000000100100011100110001001101000001001110010100000000110100101010101101111011100100101000110011101011010011100000000100000111110010000010011010101001000001000011111110011100101100000101010010110001001101000101011110100110110011000001100000000000011001101100010111110010000110011101111010110100110001000010110100011
1001010101001100111101011101100000011011101000101111110111100001011100101100110011000111001010100111111101011111110001000101100010010100110000011010011000011101010100001111010111111010110000000000101100100000010000011100110110111001110100100100001110000111011010011001011100110011000010001111100111011011011000101101110101000001110000000011100101011000011100000000001110101000111111011111000100010000000011010110101010011010101101
0010110000110110010010111100000111110000101111000011011100011011011010010110011001100110100001011100110011100101111011000111110001010000000000110011000001000011000111000010001001000010101001100000101010111000100100000001101001010111010100001011011100010101101000110100111001010010101101000110100111110001110000010110000100001000001101100001111101100100010000011011010000100010000100110110100111101000000001111010010100001110110011
1100000000011101111000011011100111111100000000000110011100111011110011100001111110001010000100000101110011101011111001010111111100001010011110010100010010001101001000001101001100011110110111011101010011110000101000010110100000000010010111010111010010111101100011000111111001001110011001010010111101000000100011110011001111011100010010111010101100000101011101001100010101010010000110000010101010101100011100110111101011001001001000
0111110000111011000001111001100010111000000000000100101110000011011010011100110110101011011000001000101001000000011100010101011110011101000110011101001110011000001100011101001100000001101001010001110101000100110100011101111001101100110110101011101010110100001010001010110101010011010011000011101101100001101010100110000010100010110111001011100101100000011110100111110011101111011001011010100001110100010111110101001101011000001111
1011100011100010010100010100000011011101100010101101000111001100010100001111010000101111100001100011111011011010000110010011000111001100100010100010000110000000001101010101010010100011001000000111000010011100010101100100010110010000111011111000110100110010011010001011010100010000100000100011110100111000000011010101101001100001100000100000001000100010001111010101000000111000001000000111000001101000100000011100000000010001010011
0010111011010111000100101110011100101001011000001000110110010100100010111100101001110010000100011000100111001010101001001010111001000101000010100011110111100011000101111011000110110000100000001000101101100011001111000011111110010100111110110000100010001011001011011000101010101010011100101011100010011000100010100110001000000111010010001010001101011010010101011100010110001101110100000010101101000101010000001000011100000011101100
0000011000111010001110110101101001010010011110101010100000110110111111000110100011110000101101100111010101100100001110000010000011000010111000110000111011011010110000100000100100111000000110010110111100100110011011100011000110011011110000001110100000000000110101011111110100011111101000001111010111000010111010011110000111100010000000001000000100000111001011110010000101001100001110001010000000111100110110011000111111000010101110
1001100100111110110011111011010001100000010111100001110101101001101011001100000011000101011011001101001000001011111101011000111111001100010111001000000011111000110100101101000010101000011010001001001000101111011110011000001110101000100101010110000100110000000001010101100101000000011011100000101010001101101100010000111111110000001110011101000101011101110010001001001111010010100001011111110011011100010010011010010001110011100110
0111000001001111000011010001010001001001100100000110010010110000001101000110011110101000111000000001111001000110011001011000100011100010100101111001001111000000101101100101011011010000110111101110101000111011100100110101101000010101011010110001010111100000000000011011010001001101110001001001010101010101111111111101001100111100010010010100111110011010101100011011011100110010110100000010001001010011011110101001100100000110011011
1011011101110010111100100001001111110000011000110110110001001010000011111101101010011100000101000111110110100110000000010111100101001011000100111101101001100001001000111101100100001010100001110000100101001000101001000000010100111110100111010000000011000010000011000110000001100011101000101000110101000010100101000010010001000001011010001011001100001000001101011011010100010010010000011101110100110000100001000111111101011001010100
1011011111101101000101011101000010000100101000000101010101000110010101011100010000101011111000000010101000001100111110101110001100100100011110101000001101000111011000110000011101100101110001001010000100001010110001000111110010001011101001000010110100001011111110001011110000100111111100110111101001101110000100101110111000000001010001000001011101100100010000000010010001101110100011110111100100111001000001100100101001110111000111
0010101000000011101011110100101011110000110000100100000000001101111000101010100110010011111001100101100001101100010001011000101100011000110010001001000100000000000110110100110110100011011110011011111110000100010101101100000101001001011011011111100101101101111100111011000100000111110011000011010011010010011111101001111101000110111010000100111000010010110010110111111010000111110010001011101110000100100110110100101010100101001000
1100100100000000001110001001100100110000001000010101011011010000110100010101010101100000000000010101111010100000010001110000100001010000101111011000101001001000010100010010010001001101010010100001100100001101000110110001101110010100100110100100101010101000001000101001110001100110010011110010000001010101110010001000001010100100000100011011000001010110010000001001100111101110110010000011111010110101010101101111101010011000010111
1010101011110010101100101101000100100110101110000011000000101111110001100101001010100011110000110010000101101111001011110010100011101010101010000001100010001001001100001011000010000100011100110100101100000100100111101101011110000100000100001000100101010100011010001010000000000000001111000010101000111110100111100000001000010101001001100000001000011111001111001010110110000010000001100001001000111111000011100010001000011001000010
0011111100001100110010011101010100000011111011101000000000111010010001100100010000011011110110001000000110110010111111010001110001101101100000100111110001010100000111101011100010000100110001001101111110000101001101010100011000101000111001100011110010101111010111101011010111100101101111010010101000110001111101001011010000101100001000010110010100110100100010100011011100100010010100010010111111101111110100111011001010110011111011
0101111011000000011000101010110000000000000111101001000100100110010010000000110111101110001000001111001100010111100000001000101100000100000010000101110100111111100011000010001100011100000001010100010100010001110000001100110110010010101100110111110101010111000101110001110110110110010101111110100000001000100111100110011100110010000000010001110111010110111100000001111000110111110001110011001111010100011101001100010000111000110100
1100101100110010001000011111000001011110101000101110010010011111001100111011001110110101001101000010101110100100100100011000110110011001101001111101101000000101100110011011000110010001001001110011111000010011110010010000001000100110100010101010110001110111100001110010101110011000011010010110000111101001011101001111101011000001000111001111010110000001001010000101100000010000010000000010011010111000011111010100001101110001101110
1110001000010110010110100000100011101000001001010000100011010010001000000011010101111110110011001011101101001111100100110000000001011111000010001000000111101101010110101111101111010101000110100001010100110101101010010110000010001001110101100011001000111100111110101100110001100111000110100011101101010000010110111010110100100111001110100011100100010001011010110110110110010011000100011101001101000000010101110001110001100101010011
1110110010111011000110010010000110001001101000000101110001000110011110101101000100010010001000000010110010000101110100101100100110010011011101001011111111000101001010000101011000100001001010011000110010100011110100001111110010101100000100011100010100010011010011100011010110110000100101011100100000111101011000110100001100010000110100001100011000001100010000011100000000111111000000000011101111010001000111110011111111111101000011
0101100011010000010100110110110101100101000101011000000110110100001101000001001110010011101101101011010110100000111110011111001000111000001011010010001010101000111010010010001001100001000111000010110111010111001101000111110000011110101011010000100000101111111011011001110110001101100011010001101001010101001011011101000111010110011111001011011101011011111111010001101011110100011111111011000101001010101001001001001110100000101100
0101110111000110000000011110110000110010001110110111000100000010110010111000001110111010010000100111101000011010101000110000100110110110100000101111101111110000011110100011101100100100010110011100001101101001110110101011010000110001111001100110110101111100101001000011110011110100010010100111011100110110100110100101000111100111100011001110110011011101011100001001101001100010101010010111010101110110011000001010101011011100000000
0100101100010010011011010001010010001010101011000111100101000001001011000010101000000010000010111001011110100110110001101111100010110101010110011110010011001111111011011101001111000101000000011000101100010111000110000001000111011011010100001111011011100101010100100101000101011111000111101111111111110011001000001001010000011000111011010010010110110010110111011111001111000010000010111001001100111000011000101011000111000101101010
0110110010000101101101111101011011001000100000111011111001110111000111011010000100100011110101110111010000100110011010100010111000001110110100101110011011010100011100000010100001001110000111110000111100001100000100110100100010101000110000111110110100010110010110011011010001110000000000011110001000101110001000001010001101011001000001011011110011110111110101100011110010001001001110101101000111011000100011000110010001001000001110
1101100000011110100111001101110110100000101111011001110101100111100001000011111011011101001101101001011000000111000001111110110001101000100010001011010011011010001101010010110110000000001111110011000000111000110101101111100100101001110010100010000010110000110101101111000011000111110010011011101101110001000000001101001110000010111000011000010011110101110011110111000001001010100011011110111000110001011110100111010000011100010000
1010000100101100100010000101001100100100111000001111110110000100110111101001001110000010011101000000010100100010011001100100111010100100011100100101101101100011001101010001001100101101111101001010011110001001011101010010100001000001001110111011111011011000101111001100110101010011001010011110011101100101010000010100110011001101100110000111010100110000001100101111000101010000101100101110101000101000010001000110000110000110100111
1001000001110000001010001100000100110100010000111101100000000111111010000100010010010011000111001000001011111000100010100000010110100011011100000000000000000011100011011001000000001000110111100001100010011100101001001010101001111010111010010011100000001010110001100110100000000100110011010111100010101100110001011101011100111001000111000101101101110111110001100000010100001000011100100110100001001001110011000000101010100010100110
0110110110101110110010001101010001010110110011000111100101010101001011010001000011000111001001111100111011101100101011000101100110110100000000110110111111010101010000101001110101101100001001111111011010001001001010001101011000101011111010010011000101101010010000010010111111001000001110010001000010101100100001101000011000111010010010110000101110101110100000111110001010100110110110110101001101010100111100010111001001110101001001
1001001101110011100001110011001100001110111010010100110000011000010011010001011000100001001101010010110001011101001011001010001110001111110011101010001000001100010001011010001011001010101011001010101101101101000001101000100111000101010101100010100101001111011010110000001101111000110011101000010001101010000000111001100000101011011000001001001101100110110100011101101011101010110100010000011011100110001101110101010110011101111001
0100011101101000011010100110111001100100101010010110000110011101110110011000001111100101100110101100111000000011101100010001100110101110100000100110010001110010011010000000110010110000100001000000001100110010100100001011110001011011010001000110110000001010111000110100110000000100011101110011011010110100101010100001000010110101011010010110100100000000001110010100010110000010111000100010100111001111000101101001011110001110011001
0001100010100101011001000010010000101010100010001010111011100010111100110110111111001101101010111100011000111011111111110100001000000110000111100010000001100010001010000100110000011010100010000110010101011000001101010110101011000000110011010000000110001000001001001001010001100100100110001100110100000000100001100111000011010101010011001110000110010100000110101101000001000100101011100001110110100000100011100110100101001000011000
0100001110111100110100001111100000101101000010110110110011010110101000101000111001110011000110100000000000100101101100010001100000001111101000101010100100011111111010100011111110001111100110001010100110011100111110110011001101111101011111001101111111110001111110110010000110001010100011011100000010011110001000111001110010101100001011100000110101101000011100001001110101110011101000010100100010000110000011001001111101101001111000
1110011010011100110011101010110010110100111000010000011010111001100010110010101100001110010001110010100001110000101001101010100110001011010000000010100010010110001100100010101010000000100001010001101001001000111000101101000100110010110100001100011000110000010010001100011011101000000000010001001000000011001111000000100010100000010110100100011100000011110011111010101001011000110101100100011001101110001000010100001000000001110000
0110010110010001001010111100111110000111110110111100011100111010111110101110110000011101000011111111001111011001110011101010001100011000100110100010010010101000100101101110111101111011100001101000011100101011100010000101111100010000000110011011000001000110110001101001000001000010000000001110000000001000101010001110010101001001000101010000011010001100100100100011011011100000001000100010010000010000111001000101101001111000000001
1001110111001010011010101101110101101101111001011110100000111101101100000011100101010000100001000010110001010110110111000010000001010100100101101010101010010100100001110110110010000100100110010001100011100111000010101001011110101101001011111000110000101000110110011011100010101000000111001111000001111011000100000010101001011110001110110100111101000011111111011101111011001111001010101010010000100101011111000111110000100011011011
1110000001001000001111110100000100010000100100000110011001000011000110111110011111110010010011111100100011011010100011100010000111110011101010010001000101000001010101101010000001011001111101000001010110011010000000000110001000000010101111100000001100010100011000100111101010100000000001011100000111100000010110000010100000010100011001000011110001101110011001101111110010101101000111110010001110011100000100111101011001011110010101
0101001110100011110110111001000110010000111010000000111010001000111011000001000110011101011110101110110011110010111000100101110011100011111010100111001001110001011100001001011011101001101001011011011111011000010101000000001010100010111101101010101111010000010111101101011110110101010111001000101011101000110111001100010011001010010101001010111011001001001100000010001010001011001101000100110010001101011001000011000101000101100100
1100101100100100000010010111111001111101010001001001001010011101001100010101111000110100111011101101000011111000100001011100111010100011101011001000010100010011011010111110111111011000101011001110001101100001010101001110001010110100010011110111110001010000001000001010001111111011000010111100010110100110001111001111101101100001100110110000110000101110111101111101010011100100010011101010101000110000000111001000000011000011001010
