00000000010011011100011101101011110011000000101111011111001100000000011000000011001010111100010000000010000111011000010101101100000101100001
00110010101000010000000000001011010100110101011001000100010100000000000011101110100101110100010001010011111111110001100000000110001110111100
00010000010011011011010010001110010100001100011101000010001101100100100111110000011011100011010001000000100100001010001010011011110100000001
11010101011001011100001111101101010100111000111101011000010001001001010001000011011011000000000000100010100010011100010001100000011101001011
00001010001100010000000011010110000100101100111011001100000001000100011001001100111110100000101000100001011111011000010010111000111111100101
00111110110111010111101000101101000101000000010101110110010001011100010001011100001001001001100111010110110100010010000010000001001100100100
11001101010010111010100111100011000001110111000100000001111001101011001000011011011110101010000100000000001010101000110011000001011111100100
11010110110010011101110101101001101100110011100110000001110100011100100001100111010110101000101001001100001101010001000100100110100101101010
10101011000001000110010011101001001100101111000110011110000101000000011111000100001010101001000001011000100010110001100011000010000111111101
10001011000111011010101101010100110110010101111011001000001000111101111101101011011000011010100010000110000001000000000010101010000010110110
11110011111001011011100010110010101000101101100100010111000000101000100110000000011010010101000001001000000010011111101010011101100001000000
01110001011011000000100110011010010111101001001000010010100010011001001111011011011011011000000100100000101000101010100100000100111000001000
00001101111110111010000101010010100001101101110110100110010010000001000101000100111100001010000000001100110101000001001011000101100101110100
00011100001010001011000100010001100010000110011100111100010101010100111100010101100010000111110010010100011010100000101101111001001001100001
11001101011001111001011010000110001000010011001011110101010010110011001100111101000111111001110100110100100000111000011000101010110101100101
11110001001100001100101101011100000001111000110000010001100010001100000111011100110001111011110010111111100101100011001001111101000110100000
01111011001010011001110011010010100100100000100100101101001110010111001110010111100111010010001100011000010110011100111000001110110001110011
10000011101111010111000110110000011001100110001010001111011000000001100101100101101001000100000011010111111000000001000111111110000100101100
10110001011010011000101010110110110001011100100011010100000110100010000000101001111000111001011101000000110101111010001000010110011001100110
00100000001011000110011011001001110001001110000011001100100111101011001001001010000010100001011100101010100101100101101111010001100011010010
01100000100001100000000001000000111110011111011010100010010000011000110111001010001001001100101011011100110010000110111101011010101010011011
10000000010010100010000010100011000001000110000010001110101001100011011100101011100011100011011100000011011100011111110001100100000100000011
10110101000011101101001101111100110111100100001010011001111110100001110111011110000100010110110000001011101101001000110000010000100110000100
11011010100110110101000000001000000011000011101111101000000001000110101111000010010011110110000100111100111110100100110000111110111000000100
01000000111000111101000101000101010011011101010111011001001010111110100010010000110101111110011011011101101010101100011000110010000000101011
00000100101010100110000001011010001001111011100110010001000110111000011110000010100100101100101011100110101000101011001000111111100001110001
11110110110010111000001100110101010000001101000001101000000001100010000011011010010111101000110011011010011000011110000100100011100001100000
01101011011010001110001011110010000100101001110100000100010001100100000101100101101000010111111011011011011001001110100001100001101010101000
01100011001011100100000101001011011011000001001010110001000110111001101100000000000100011111101100110100100100000101101111001101111101000001
11010100100111010001110111111000000011110100100000100010011000011011100010010100001111100010100110010011110000100111001100011111001010001000
00000110100010110011110110010001100100110000011100101101000010000110001001010011001010011011101001101100000101111100100101010000110011011100
00110101000011010001111101110100001011111001000000010000111000101010111000110111010100101001110101100011001001101110000010011011001111100101
10100111000000101110100000010111000000000010111011000011100011110110111101001001101101000110000001100001000011100000100100011011010000111010
01000001101101001100000101010000001110110101000101101111101101001000110000100110011011100011100000000011000100111100000000110110100101100101
01100110101100010100000100010100111000101001100001000000000011100110011000101110001011110001101000101110110001000011111100000001010000100010
00100110001100010101110110010100100111111100101011000000110001001100000101101011000111010001110101010100111111110011111100011000101110001100
01100110111100100001010110000010001000010111010100010010010111101100001100001100000001111100000001101011000101111000001011001100101100001010
10100000001100011010101100100111101100000100001000000110001110100001111110111100001000100111011011001111011010100010100110000100001000010000
00101000110100100110000011000101100110000101010010001101011011100010000100000001000011001100100101101101011010011000101100110001001100010010
00001110011010011010101010001011001100111000011111000110011010101001011100111000000001011010001100100101000100011100111100101110001111001110
01000011111001011100011110100011100011011000110011010011010000001001010011110101111100011110100110100100001001101010101101101010100110100000
11001001011000000111100100000010100001001011011101101100000001110011010111111110101101110110000010000011100001000000000010001111011010010000
00000101110010110011001001001001100011101110101011101111000001000100101000000001010100101010110101010110101001001101101001001010101100001011
01001000101011000010010010011100101101001100111011001011100010101101111101010110010010000000100011011100011000011010000000100100001100100001
10110100111001100000001000010101011111010000011111010100110000000110111000110000001100010101000000010101011001001010000101010011100110110111
00011010001111000000010110101111110010010001001110001011101011100110001000110110110101101000100001111110010010000111010110011000111011011011
11100000110100111001101110000001000010110011110101111101011100110001001000110110111000111010000001100101011111110011011000010001010000101110
10101000101000111101011001011000111000100010001011101000101010010101111000000010100101110001000101100100100100101100010000101100011000000100
01100011110100000000011000111000011110010010010100001011001110010010111000110011101001000011110100001101000011100100110000000100010010000010
00011011100001000111110101101100000110010001010011010001011111101110001110110011100001111101010001010001010011001110001000001011000101111000
00100001000101100110011010101100101001001011001110110010010100000000000000100100100001011111100100101010101111101011100001011010000001010110
10101100010000100111010011011101110000010011111000010000100100000000100011110001101000100010110010010011000100000001100000010111101011100101
00011000101001010010000101000011100100100000010010000100111000000010110100111000110011000001110001101110011000101011001010101101110010001011
00001010100110001011001111101100100111111100111000011110110001000001110100111011010110111011010000101011110101010010001100001100100100001101
00100000100011100111011000000011000010010001010100010000000001101110101111110010010000000101000010001010001010110011011011011011100001110100
10011000001011110111001001110010000111110101110110011110010101010000010010011010001110001100100110011000010010101000111110010000000011001010
10010000001000101001010111100000001000010010101011100011000101100101000101001000011110101011111101010101010001011010100010110000100011001110
00000100101001000110011000110100001010011100001111011001011000100100101101111001010000001101101101100101111001101010010101101000111001001000
01001101001001010101011100010101111100001001011110001010000001100100111110010001000010100000010010000010100010011101000101110101100010010110
11101000001001000010011101010010111011010000001000001010010111010101111010110000001000101111101111011101101101100000000110011010001010010100
00111110010010100000000101000101010101011100001000011011110100100011001110100000000100001010000000011010101111110000111010110010000011101111
01011111100110000111111100000001100100110010110101001010011010010010101000001101000101011001000011001001100010000101001101111000101011001100
11000010010000110001110010000110011100110110110000000011011100010000011010111110010100101110110110000100111010010000000001011001010111000011
11101100010101010101101100110010101011101111101010000010101010010110000001111001000101100101100011001111001010100111001100000011101010110100
01010010100100000000110100100000110001110100100111000101100100011001100000101100101000001010001101000010011100000001010011011100110101010111
11001110101011100011001010101000000101001110111100101101001000011010111010000001100000011100011000110010101011110000000110110110111000011000
10100011101000110100001000011000000010011001010110011000000100000100111011101111100110011100011010000110011011100011100001001000001100011100
01000100101011010100101111110110010000101110100100101001111001101010010001110011001010111010001111111101100000101100000011101000111001100100
10101001111001011000111101101110000010010001110110011001000010100000001001000100100000010000111110000101110010111110001100110110000011010111
01111010111100111001110010101001101110100100000001101110100011111100100100101110000000010111000000110001010001000100001100110011111010010001
01000010110001100010001010011011000000101001100011011010000011101111001111010000110001111010001100000000101110101110001000110010001111000001
00000000011100111100110000101011100110111101110010110001100011101110101010101000110010000010000010011011000001110100011001111011000010001010
01011101000001110101110011110001100011000000100111100110010010000100001001001010100001101000100011101100100110101101111001000110110011011101
10100110011010110110011000000011000100001011100011000001010011110101101100001110101100110110000000100101111110001100010101000000000001100000
10001110011010011001010011101001111111101000100001001101000100100011100011000000110100111101101001111100100101000011010110100100001101100010
11001011001101101011100100100000010001100100001111010011101011111010100101000010010001100110001110100001010110001101011110100000011011000111
00011011001001110110000011001010010100110111000101010100001000100100000000101010111010110111000100011000000100111000010100001101001111001010
11100001001010001010101001001000111001001010101110001011010011000000111000001001000100011110111000111111111101110111100000100100010000011110
01101000000001010001011100001010010111000110000001100001101000111011101001001000010001100111011011001001001100011100001100101100101110000101
01011010010010010110011010010110000011011001000001010100000110010100110110100000001001011000001011100100001101001010111100110000110010100010
01110011000001000001010111100001001101001110101010011001000100001001111010011001011000010001000010101010110101110000110000100011111011111001
11000101001000001111111100101000111111001110100110011100000001000001110101100000011010110011010000011010010001011010000100011010000110100010
10010011101010101001111101010001111010000110000001010000000100100010100100000000011001101001101110010100000011000010100010010111101010000110
00110010100010010110100100010101101101010100011111011001010001001101000000001011101100001111000010000111001111010010000101001001010001101000
00000010011000100011111100110011010000100111101100011101010110100111010001000001011110100000010000011011010110110100100101000100011111000011
01110110100110011010101011111001000111010001000010001111010110101001001101000011110110001001000110001101001010011110000100001001000000001000
00000111011001010001010100100101011101101110101111010011001110011111010000111010000011010011011001000001011010100011111101101010101100000010
01000001110010001000111110010110110001001110000101001000001000000010101000010110110001011100001111101010010001011010111001000010001011010001
00101110001110110101110101010111101011110111110100001001001000100011001000010100000010000110011001101000000011011001011000101010101111000010
10010011001010000011000110111101100110100000000000011111110101100111010011000001111101100011100101101011100011001101010110000001011111001010
00100011011101001001010010000110000001101010000100011010110110101011110000101111111010111000110100001000100000001101100000101100101010101101
11000110100110101110010000011100000111000001001100110001011000001111111101111100100100010010100010111000100110011010100111100010010111001110
01001111101001101101011110110110010101110000001010000101000110100100000000110001100011100000001110000101001000100100111111110000100001000100
01110100101010111011100001110111111010101101001010110110110110111110101101001000110001000110000110001010010000010111000110000000100101111100
01000100000100000110000101010111011011000100000000011101000110111000100100010001011010101111111010110000110110000100011100110010000110010100
01000001110000001100011110000000100110000110011001001101100101101011110001011011000001101000000101100000101001101111001001010010011001111101
01011010010001010101111111000101000011011001001111000111010011000101110100000110001000011001000111000100110111111101010001101100010100010100
00111100111111001011001000001001011110100101010101011111110010000011111010100111000101010101010000100000100101111010111010001100011001000011
11110000000010110000011011100100110101111010101000000001101111101100010000100001100101000010000010101100101110100010000000110110100011011110
10001101110111110010000000001110100110100010110110000111110111111101101000010110000001011011110110000000100100001110011110001100010111000000
