011011101100001000010000011001010111001000110001011100110011000100001011010000010011001001110110100010011111101010110000000000011100101100110101100100111011001001000100100101001011100100010110000100111100001111110011000000011110000101000011010101001101101111010010000001110111011111010101111001000001000000000101101010010011100111
100100100110111000000110010010001111101110111000001101101001001011010010000000011000100010000011111100000110101011111011001011001000100010000100111010100110111111011100010011000010101101001000000001110011110001110011000100110111010001000110111011111100001001001001100000100001000010111100101100010111000111011000111101010101110000
101100001001001000101000001001010010110010010101000001100011100001001000111100010001000101010110111001000001000010101001011100110100100100010101010001001001111111000110100100011110101110010100010110101000011011000100110011011000111101111000000001111100000101111000000000001101101000010101100110000101011000100101001000111011111000
110000101101110010001011000100111010001001010001010010000010011010001111110101000100100101000001001101000000100101001010000110001110111001001111010000010010000100110011010011100001000001110110001000100110010101010001011110000000001101101110010010100001000111001010101101001100011000110101100001100000100110110101000001010000100010
010011100001011001000111010001100000000100100001100001110001011010001100010101111000110000111101010011001111011010001011100101000100100010001000110110111011000100000010000011111111111000111010000010100000000001111101100011011101101100101001010011111000100000000000110010100011011101011011001000111000011000000101010001000001010001
000001001110011000010001100100000001000111011100010101110101010000000111100010101111010010000010110000111100000001100100101110101101000001010001111010100001100001001010111001100010001010100100011010001010110100111001111011101111001001000111100111001010010011111101001101111000100010001110001111111110011000100001111101100111001001
001100100000001000010100110011010000001001001001000010110001000100001100110000101011011111011000110110001101011011111100000011100100100100000010100000010011000000101101100100111100011010101010011011111100000100101100011110100111011101101100110010001111101011101000001010001110000101000110000001010000011010101001011110110011000111
100001001100000010001010110111101111001100000110010111110110101001011101001111101010110110111100001111101101111001001100001100011101001010100100010010010011001001011001100011000111111011100001010010000001110000101011011101011111001000000000101001111010101100101000100001110111011000100101010010011110011111101100000000001100111101
101111100001110011001011110000100001011100011110001010000011010011110101001000000001000000111111011000001101011011100000110111000010001001010111001100000001011110001000101011011100100100000001100010001101001110000000011101101110101001011010110011011101001111011100110011110101110101101101011001001011001110111100101000001110000110
011001000000101110000010111110111010101110110000001010100100000100001110100011011001100001010001100110010110110010010011000011011011100001110011101000010001111110100001010100001001111010011100101010001001000111110101100000000101001100011101001101110100010000010001111011011101101111101000011010000111100010111000111011010101001010
011101110000011011101001010100100111100000010001000111001101000110001101001001110101011001100100001101111001001011000011100100000111001011000101001110100010110111110011101110000001011110110100011110001001101001000100000000000101111000000101101110100001011011100010110000110010000000000010100110001111010111001111101001010101010101
101100001100001111000101011100011001111100010010011010001101010100011011111100000101011111111101111111110010011001110010010010101001000010001100000111010000100100010011000101010000000111101110011101001011101000001001011001110011101101110111111100011000110010100100001000010100111111010100100001010001100010010011010100010011000110
100010011011011010000001010110010110001001101101010011000011010110110000111101111000100010101000000101010000110010101001011111110000111110010110100100111010000000100111110100010001000011011101000000001111100000001011001010011100111011111100010101011100110010110001110000100000100110110000001101011111010100101000000101001011101010
000111011000010000100000001011110100101110110110111000010010010000010110100000000000010111110110011010001000100011001011101010000110000111001000001111000001101010011100101000101110000100110010001010101110100111000111001010001101110111100000110001000111000100010011000100001011100100011001000011000101001000010000000100000101100000
110111111011000001011000100001001101100100111100101100111010110000110000010110111111100101001001000001101100101100110001001101011111110011000100010011000100000000101000000000010100111000010001100100000111010010110000011000001001011110011001000101100101011011010111011101100110111010101100111010010011111000011000111010011101110100
001101010101111101011110101000000000101101101011110111100001010100101100111100111011000001100100101001110000100000001011111111101001010010100110100001100111100101101100011001001101000010100001101100000111001111000010000000001111001101011000000100100110111010111000110001100000000110010101111101000100001010010000110001100010110100
000010101010010110010000010111111010100110111110100100000100101001011010110010011010100011100001100000000001101101011100001110001011111000111000001110011000110011001000100110110000100110101010110100101000100100010000100101001110010101011111011110000001001100111001001111110000010010010010101000000110100010000000100111101110101000
001011111111000101010101110100101001101111001110101001110111010011011111100101010010001101000011001100010100100110101100000001100000101000000010100101110001000000000110011100010101000011100111001110000100001010010010110010100110100010111101100000100011110010100000101101010001011110011010010111110010111010000001110011111010111000
100111000010111111011101001110010001011101100001111100000100011000000011000000010111111011111100100110100100011100000101011110101110100001001111110011010100101010001101101100010110001011001110001110101110100110101011011010011000010011110101001001011111010110100000101100100001010010100011101001100000100100110110111001001010000000
010100000100110001000000100011100001111110000010100010000100010011100001011000010011111110000001110011010011101110010111000010001110110110010001101011001110010111001001000010001010101010110110010100000111010100010011000110100100011000100001010000110010000110011011110001001100101000010010011000111010000110111110100111110001000010
001111101000011100100011010010010110011110011000000001101101000010111101100100001010101111100011001110101101010100010101110011110010011010001011010001011110011110100011011001100000010100110000100100001110100001110110011101100101011110000101111010011110111000010010010010111001111001110000101011111000010011111010101010011110000110
100111101101010111101010100100000111010100000000111110100011000101010110010011001000110011011110001011011101000000011111110101100001011100001101001000010001010011111000011000000001001001001000101001100000111101010001111001111001001101110100000101000000110111001100101000010111110000001111001110100111010111000000111011100100101111
101010111111000011100100011000011010010100100011100101001000000111000100011111110100110011111000100001101010110100111001100100001100101101101100100010110111111000010011100001001001010011100101101001101110011100011100100111001011111100100111100101110011111111010010000100000110100011110111001010001100111010110110110010000101001010
001001001011001001000110110000101011100010000001001000100000011110101011001001100100000010100110011101010011001101100100010000100100100010000000100100000001110010111110001001111101110000011111101100001111000010001010001110000111000010100111110101110001011001101000100101001001100100100000001011100001110100110110001010000101010001
011010100111001000001100010000110001010010001001100011000000001101001111000001100000001001111110110011010010001000100010100001001110010011010100011101000110000000101110010011001000000100000101011110100001101111010101001101000100101110101101000001000101000000110001100011101001001110011000100010110010001100111100001101110100111001
000000100100000011110111000010101101011000110100011100101100100001101001000110001000010111011001000001110000000001110000001000000001110011000011010011011001001100000110000101101101101100000111011101001101000100100100001100011000110110101010100100010011101101000110010110000100110000100101100100100111000000100100000101001110010010
000001000000001000110001001010000011010110100000101000110001000100100010010010100010001011001010010110111110000011101101010011001001000001010010000111011000100000011001011000011000001001101111000101110101110000110010001010111101110011000111011011010010110111000010011001010001011001101000110001100001110100010101101000010100010101
110010111010011001100000110100111010011001011010011100000111001110001110100101011100001100001001110000010110100011001100001000011110100011011000010010001100010101000011011000111110000011100101001101110100111101100000110100001010011110001101100010101100100000110001001011010011000101010000000011010001000000010011000001100010000000
111010001101000100100001001001111011110000111010000000001001111010011100010001000100100100001001000110010011111000111010011001110100011000010100100110010100001011110110010110100111001000001101001100000101010100000010001011111010110010000111101001011100100010101011110010100101000111110001110101100101000110010110000101010110010001
101001110000101000010110001011100000101011010110100001001101001000100011001100100101101001000111011010011001100011001100111101101001010000111101000010110100110101110110101001100000000100001000010111001011111010100000000100110100000000111000001010001011010100100000111000010010100101100010100000010110101000010110001100101000101001
110011110010011101100000111010001100010000001001011101011110000000000100110111100110100001010010101001101111100110110011110010010000010101110000000010110100011000011000010001011001000001010001100101101010000110011110001100000010011111000010000011001010001000001011101100011000110001001011010011001000101000011110110000011001100000
100110111001000100001111011100111001000111011110011000101100011011100010101111001100110110001010101011100001001010110000010001010000100000101010010101101001100000111100000000101011100001000100011100110001011001111101111010100100110101011100100100000010000001000011000000111101000000001000111111100001001010010000011000011000010100
000111000110110100001001000010101000001011001001011010111001000000100000011100100001011010101001100010010111101101110000011010100100000000011000001010111100011111010001000000100010010110001111000001000001001111000001111000000011101000100111001101011001001001110101111000001100001001101111011011100001010100000000000000111101000011
001010000101100001001110010101011110000011000100100111110010001111101010010111001000001111001010010000100111001011111111011101010100101000111100101110101000001001101111110110101010110011101100111111101010100010110000100100110100001010000010110110100100001110010110010000111010011001010001111000011010011111111101000000011000111011
000001010100001000011000100101010001000011010000111001101001001000001110001110001001110010010000010010010010010101110010010000001010000111110011001010010000101010101001011001101110001011110000110001010010110001100011100110000101101100100000001000010100000101111011011001010101010101101011011000000101000010000111110010010010010010
011110010100011110100010100001110110010111100000101001000010010010101111000000100110010011110001100011000010001110110100101001010100000010110110110001001110011001100010111111011110011010000000010011011001000011111001001100101010000111010001111010010110000011001011011110100111000110010000001110111111001001000101111000100111100100
101011101100110110100110000101001110111000011000000001111010111001111010001101101010010010001100110111100100101001111010000001100101011011000100011110010011011000101111011000011100000011000010101101010111110111001101101111011000000100100010011000100100100000001101101000001100001101010110110000000001111011010000100000010000110011
011110001110101010101110100100000000111101101100010100001101000010000001000001001101100001111100101000011000110110100001010000101011111011001011001101000000010000010010100010000100010010110010010110111000110110100101011101010001111000010000000000100001100010001110101000100001000101110111001110000000100000110011100001010011111011
111000110000010100001110001010001011000110000011100101000001100111010001100010101101010010010110011001000010011001000100110000001111001100001000011111010100000010011111000001100001110100100110001010000100101001100011000010000001000001000101111000110011010101011101101111101001110011001100110100001111101001000100010111000100001011
110110101011101010100110010001101110101100110101011001010000111000011101111010011011010011100101110011010001011010101110010110011010101001110110111110001101101101010010100000001000001000101110000011000101101011000010000101110000110011001101010000001000000010000111011111111110000001101100010011110011001100100011001001111000000000
001100001001010001110000100001111100000001111101000110000011110101010100100100101001010110101101000111111000010101001111111000110101011100010000111100000110010000000100001100100000001110001010010101100100101010110001111101010110100110011100101010001001010100110010100000000100110111000010001011000001001001111010001011001001100100
110010101100101100000000010010011101001010000010000010001000000011100110111011111011000011010001001110111101100000100101011111101001001110111000010100011110010101010000010101010101010000010101000100000101000110000100100101111001111111000010001010101000111101011001101100101100011100110010100000000111000000001000111001001100000001
001100101010011000010001101101111010010001010010110101100001100110111101100001101010011000000001110000111010111101101001011000001000001010100001011001101000010100001010010000001010001000011100011011100010001101101010100010110110100100110000000100000110111101110000001000000000000011001111110001010101101111100011010000000100101001
110010100011001011010011111010100101111010100000001100100011011011111101101111000010101001000011101111011100010001110001000110101100111000101100011110111100011001001000111101100011000110111100001001111111011000000111100101001101000101010010000101111010011010100100100011001010100110011110000001100101001011110011011000100011101010
111000001101000100000010011001101000100011001101101000110011101110100100110001011110011011001100011001100001100001000001100100000111010000100111100100001010010100101001010110000010101110101010100000001010010100100100111010001111001000100010001110101000000100110100010101100100100000010010100001001101001101101000010101101101010000
010011001010101000010011100010101010000100011010101111100000010011011010100010011101001111000000000000010100010000101010001110001110100010101111001011000100001100000011001100111011101100001000010100100001110000101110010110000010001110110000010101001100100011000100110100001000110010011100010000110101001111100001010110000000000111
001100001110000101000011100000110110110011100110010010000100011001101001101001001101011111111001001111111101000110111000010000010111000111011111011101000001011100101001010010111001110101101000110110111101100110111000111100111011000101001010110001010011001100101000010110010110111100000001000000010100100000000010110111100000010000
001010011101111000011101001110000110100100011101000000010111001000110110010101101011111110011001100010000001101011101110110000111010000111101110100110011001010100010011100010010000100001011010010111011111011111101100001010100110001110001001100100101001010111001110010100110100010011001001100000101100000100000100001110011111111000
000000001111101011001011000101000011110001110011110010100100000111110011010001010100101101101000101011101000101010110101100101010000011100110001000110101010001100100111000101110000010010001000100011010011000111000001101000111110000000111000101001011001100000110001100001100111100000011100101000101000000011100001000010110100001000
001010000101010110011000111101010010001101001100110000111011011000000001001011101110111110001100110000010100000100011101010111000011010011111001010000101001000101100001000000001101111110100011010110010000101101110101000010010001011101110001001100000011010100111010010111110111100010101011100101110100100111001101100111011110011000
000111011011100111011000110101010100000100110000101100010000100101101111011101001111101001000001010110101110000010111111010010000011100010110010001101001011000110101011000001101101010001000100100001010101010001000100100000110101111010100001111100101100011101101000010010011011000101110011110111000110111010001101110100110100101101
100010111011100000100110011001010000011011010011100010100110000010000001110010010010001011001110011001111010100110010100011100110100000010000101001000100110000101000110010001010110001011010010011010011110011100001011000011100101000111100101011101101111000110000010011111000101011001111001010101111100011100000101110010001100011000
000010110000001100000010011100010010000001100110100000111100011001011010100100001000000100000101100010110010000111011011101010001000010010111000110000101100111010000001101011010000110100010000010001101010100111011101010000110101011110000011001110001000110110011001100011001001001101110000001001000001101000101000100100010101111010
111000101111000011011001000010000001000000000100000100001111111011011000100100000000100001111010011000010000010000111001011110110100010001011000100011110010010000111101100010101110000101101011011011100110011100000000100011011101010010100010011010001101010001100000110110011101111111001100000111011110101010011011010001001010110110
010001000010110110100111001000100011011110000111000010100101110100011010000110101100010111001000010001010101110101111000110111110010110111100111010011111011001110110101010010001011010011100010110011000010110011100000110100011110110011110000111111011001110110010000010010100101010101011101100110000010000011100001000011110001001100
010101000001111100001000100110101101110101111011111001101000110110010011111011010010111000000010100111000000110100011000000100101100001001010111001100001001001001110010101101010001010101011011110011111101010001001111011101001010110000001001100111001000001110001101001000110111100100010000011010000110110000100001011011011001101100
010101101000000011100010010110011101010011001011011100001110111011000111010010100100101000100110000001110110110001011000001100100011101001011101000000000110010100001111001001001100010100110100001011000110111111010101110001001011011000101001011011010101001000101110011100111110100100101000001100111011011100001101011110001101101100
011001001011100011110010111101110101001001100111000001000111000111110001111001000111111101110111110100111100001100101111010010100010000001011011000101000100011011110101001101010111001101001111001110100101111111010001111011010000100000001011110001000010001011010101110000011010000011101111001100101001100100101100000101101000100001
100101010001111000110101101011000100010101010101011100101010010000000010001101100101110010000000110101110100101000001110011010100110100101011011101011001001100101001101110000100001000111001101010001100101101011101011100010000011101111000110110111110010110000001101010011001001100111001010110100110101001000001111110000001100111100
010001110011110010111000011101101010101010101011000000001010010000001111011011100010000100010110110110000111000110110011000000010000010001101101011000011110000011001010001000101000001001000110110000010000110010000001110110101001001011001011000000000111101111101110001101101110001110100011100001000011001000110010001100100101110010
101010011010101111011100000010000011011111000101011010111000011101110000000001010000110010010010011100110110111110011001101001010001000111011011110101000011010110001101100101100100000100010111000011110100110000001101000100000000000100010000000101010100100001000111010100110001001100000001001010100111111010100111101000101101101111
101111010010101010101000101010000010011100000010101001100010101100010000100011001001000000001101110100110000000111010101010011010000111111000000110110110101001001110010111100110001110110001000111100111100001110000000000101100011110101011001100110100011010111001111000101000011011111000111111100100000110100001010110000100001110000
010010100110011110001000000100110001101111110101110001100101110100101000111011100110000110101001001010001011010101011000001001011111000110011010111111100110101001001110001010001100010010100000100100111010111000010000000011000100111010101101010011001010000110101110110010001000000011010111011010100100000011010000001111000010011111
011101100000101111101110110000100101100010111100101010110110000001110100100001100010100000110101110101001100111011000100010010010000101001110100110000000111110010001011111010100100011011001100000001100100011011000101100010110100011011110111001100100110011111111001100000101011101000000111001110000101000010100010100010111101000101
111000011110000011001011110000101001010011001001001000100100100111100010001110101000010011101110111001001100011000011000100011011000010110001000000100001001110111011011000010111000011110000000001011001010000101000110010011001001011110010011100110001000000001011001011001000100100011001110000001101001011100010100101100111100001011
100000001110010000110001000010010100111001000000001100000001100100011000001011101000101100000000010101100110111010101101010000101101001001111001110101011100001101110101110000001101011011001001010000000100001111010101001010101001001101101100011010011010000100110100000110011010101011100100000000011101011100000000010111000100011010
011110001100110100001011010001100010010101100100000001101000001110010101010010001001001011110001000100010011110101000000010100100001110011001000100011010101111011001101001100101011101101010011001001100001101101011000101010100011100101000001010010001000010101100001000000010101100101010101100011101100110011101000100010011000000000
100100101011000001010000100011000000100001011100111100101100010010101001101111011101000000011011111010001111010011010101100101101011011000010001101100100100010101000111001100110011011001011010001000100101011100011010010000111001101001101000101100010110011000110001000100101010011100010011000000010101001110000100111000001010011110
101110110110010011101000011100000110100110000011011000001010000101000111010000000000001000111110001000000101000111111110101100011101111000010010111001000101010000000001100111011000001101001000010000100111001010101001010000101001000110000110110100101101010000110101110100010100000110010101100001010110001001101001101000001000000001
000100010011101000000010110001011010011001001101101010101101100101000000001110000100000100101110100100110000001100101000011101000111100111110010110110000000001001000011001100111100110100101010000000000111000110101101001000110010000101000001110111111110000100110100010100100001101010100001011001100000100101111111101011100010011011
100110001000011100100101101110101011101010001010100101000101001111001100011001100110000101001110010110011001100100101110010001100001000010111101111101000100001100111101001011000101100100001000011101010001110100011011111101101000011100111101010111110010101111000011110000001000011100100010001110000001001001100001111111001110000010
100011010110111001110010101101010011110101010110110011010000101111001111100111000110000110011000001011000000001110110110101011100010000110000001001100001111101100011011000110100101110011111100011110100111111001111000100011001110100101111010001101001101010111000010000100101010111101111101000000001010010011100001100101010010010110
110000110000111100000100101101111111101010000001101100001101111100100000100000001101100100110010011111001100110101001100001110000010001100000100001000110011101000110000010101101100111011100110011010111000111100000000011010111010111011110101100110101011110011010001001001110011100111100100100010011001010010010111000101010101011000
110010010101000011111001001111100000111000000111101100011100010011110011110000000100001011100011101010011111000010011110010011010001111101111100111110101101011000110000101001111111000011101000101010001010010010111100110100011111000010000000111011000001100100011011011011101011100101000001101010011001101110001101101000001011000011
000000100101010000000101000010100011000100000101100110010011011001100011001100101101001000000100000001100101000110100101100001100111010010100110101010111000100001011010011000101101001011000011101000110010100100011010010000100000011111110101101001110111100010001100001001001010011010011100101000011100011010001000110010101100011010
101010001110100111111001011110010010010110001101101101100001100111100001011101110010000010010001010001001001100101011011010001100000011100010000000110110010011111101010010101101000000001111110010111101001000000001000011000100100101100010110100010010011111010010010110010001000101111011010000100000111010100110000101000001010010001
110010110100010011100101001000010011011010010000100111100001000000110001100100101100101011100001100110100000001101001111111111111000010000010000010101111010001010100010000010000000101000110000001000001011111101000100011110000111001000101110111101100101001100011011001111100111000010000000000000100000010010100110110101101110001000
001111100001100000101100011101011100000001011000010110000110011101100010000011111100001010110000010011000111011100101100101001011001100000101011010001100111001001000111001001011101001101111011110011110001000011010100110000001101101010101000110101110011101100000110110010000001101000011010011101001011010001000000100101010001110100
010100110001100000001100100110100101000010000010110011001100010100011001111101010110111100100001000000001101001011100100110000101101111101001010100001000100100010110000000101110011000111101100101100101000001100010100000011010101010101001000000101110111011011011000110000010100110000100110100100010101100100101101111000111011011100
101111101011101110001001010110011010100101001001010010010100001101001101111000011100010110111100101101000101110000010100111010100101000000000010100010001010000001000100101010011000111011001101111001010011001100010000011110111001100110010000101110111111100111000010000001010101000101110110011010001100010010110000011100110001000001
110011011100010111010010110000010101100110110100100000011001010000101101101101011101101100010001101100110101101000101011010101010011101100000010100101000111101000011111010010111110100001110100101011111010100001110001010011001101011000110010010100101000001100110001110110011010011111100110110001001110100000001100001000000001100101
000010110000011011000010010011110100001001101010011100110000111010010000010100011000011101000100010111010110000010000100100101000000010000000100010111001110001110001100011111010101110100011101101011001100000000100110001101001111010100000001101000011100010100100000000011001110001110110101001011001001000001000100011001000100011101
010100010100001100000010010010110100100100000010101011000000001001100010011010001011110011011000010111011100001010000011110001101100000110100100110111001000110010001001110011100010110000010011001010000001110110010111001100011110010101010011010100001011101110010000010000101001001011100111011100000010010010001010100011111110100001
000100110111101111000010100000101000010000001000101110000100100100011110000100110100010100001000101010110001000010001111000110001001001000111100100001001110000000000101101100001011111001100010000010011111101100101100110010000001000000110011011110110100101001010011111001000110111110111111101010100001101000010011100100000010001001
111111000100010110010111010111001001001110000001011010101100101011101101000100011000111001101010111111110001110100010000100100010011010000000010000111011001101100110010100110101000001110100111111101110000100001100011010011010111011100010011100100010111100011110000000001111100000111011001001110001011100100010001001001011100001001
101100001000111101011001010111001010100001101010111100010010010010000100001101001111100100001111101000110100001110010111010011001111000100011011100100110011110110100101111101000111101110011000101100110010111011111000000101011110101101101000110010101010101001101011011101011100001000001100001000101010000000100000011000100011000110
011101000000010010011100101000110100110111011110000000010010110011111011110011100000100010000001111000100100110101101101100101011011111100001101100011010000010100010100110001001011100000001111001100100000001000100100110011001010011001101111100000000110111001100101111111101100001111100011110100110011010111000111001010100011101100
011101010000001101101000101110000111001100110101001100000000010101100111011110100101000010001011100000010001010000100000000110010110110011001000100001101000011010001010000001001101010100000000000011000000010000101101100010101111101100111000100100101111011110000101001100000000000010000110101001001000111001110001110010111000011101
001100001100101110111001110011010010110101100011110010010000111000000000100110000100010011111100001101101111000100011101110100100111110011100101110111010100111100010101101010001101000111000110001010110110101001001000000011000001011010000000010011000010000110100010110110110001000100101010010000101000001110010100000001010100010100
100111101000000110001110001010000100110001001101010001110001000101000100010010001000011011100000111011010101000111100000000111110111111001111111100000010111111110011000010011110001000000101111000101001011010011111000100001011010001001000010101100000100000111000000101000010001001010010000010001100100010100000000010100000000001101
000011010101101111011100011000100010110111101011100010100001000100100101000000000101010000010110000101010111000100110000001101100001010011100000010101101100110100011101010110001001101100110110110011001010010101001010001100100101010000011010011100010101100001011011111000111001000000011000011101001001110010101001110110000011010001
010000001000001100110110101110101110000010110100000001011101111111011110010111010000110001000000110011110101010000001100110101110011101100010011100100011111000100000110100110110100101100100001110011000101011101110100110000110110010011111000111101000000100011110010101001100100101001000110000000001100001111100011001111111101001100
000000001110011010111000010000010110100111101010000011111101001000101101110101100001010010000101000100010000000111001100000000110000000011001110010100000010111101011110010000000001110110111100000111001000000111010100000101101001101110010001011010010100000000010110110100111111000101011100000110010000001100000100010000000001010111
111011100000010010000000100110011001100010001000111010010001110111100011001101001010100001011110001111100000111010010101100010001011001000000100100111011000101100000100100100110100100100111101010111001110010001000110100011011111001000000000111011011011100001101010001010101101011011101000100010000001101001101101001101011111001000
001101001101111001010100010100111011011100010000011000100110001000110110110001011001001110000100101111000100001101001010001010110101100011011111101001111001001110000010001000100111001000001010000110001011100000001010100101000110111000110101001110000111010111010010111000011010101010111101010111000100100100100010001001010010000000
000110110100101011100010000000100000000110000011010100010000011111001001001110000110001110111000011000011010000001010000110010011010010001101101111010010111101100011111011001000101000010001000101001100011111110101001111011001001010110010010100001000000001010010001110011101100000000000001110111100000101011010010101001011100100001
000111011110101110011001110010001100000111011011011001111001000010001001100001101100000101001100000110101001001111001110001011011000010001011110100110010100000011000001100000011110000011100000000011110011101100001101010111100010001111010110100011110000011011011110110101100010000111010011001000010110111110110100001101101001011111
000011011010011100001100001101010000001000000111000001010100001110101010000010110111100000101010000011000001000110011000111111000010011010111000001010001111001100011100010010000000000011100111101101100001000110010000001010010001101011011101000100110000001000011010001100110010001001100111010101000110101011000010101100011110101110
010100010100000011010100100010000010100101011111101000100010011110101111000101010110001010100000101010100010111011000111000010001111000100010001011110000000010000010000010010100111001101000010110100100111100100000100001000010101001001010101001011010100000001101001001000100101101011001111010011111011110110111111000001100000100111
010001011000011000001010100101010111111000110111010100101101010101011010000110010001000111110000000001110000000001100001111010001100001011101010011101010011011111011001111001010101101000001010010010000001001110000000100001000100001011101011101001100001010100010001000000110000011101010001000100101000111110111010000100001010111110
