000000010000110000011100010000001100011110010011011000100101000111000010101111000110011110010110101110100101100011011000011010100110011110111000010101100101000001100000100111100110111000011011010011100010100111000010111000000011100010111101000000101011010000101111001110011101100000000001000001010110
011110010011011101100100010100011000010000110100111001101000011001110000101000011000001101111001011001110100001110100010101000110001101100010010111001100101000101000001111011110101010000001000000101011000001001100101010011000011000100110001110100011110000000101100100010100011111001100010001010110100
110011011110010100100000010010011000001111101101010000100100011010010000111100010110011101010011000010000111111100110011101000011100001100010000100100000100101100100000010101101001010010001110110011000110000101111111110101101010001101100011001000010111110111001000111110001100101011110000100100000100
101001100010001000011011101011110011010000001011001011001101111011100101111111000110010101110011011101000010101000110001110011110011000101001100010100001100010101111100011011010000011010100011100100111010000101101010000001000000100011101101111010011100011000101110111001001110100110110010010001101011
001000000001100011010100101100010000001010001000011001111100111101110111010001010001000110011110100001000110110001001011100101010001000100100011000100010110100001110010001010101010000001101101001100010101110011000001011110110111010010100011010101100110100101011111001101111011101101100101011011101011
000101000001000011101010000001000001010110100010100000000100100010010100001100011110100101101011001000100011111100001010010001100111010101110001000010011101011111100001100011110001010100000111001011001111011000010100011000011010011001001000000001101010000111110000000000001101110000101101101000100100
101010100100001001110110010010100101001011010100001000100001010101000000101000101111010100111001000010110100000010011010011010011000010010010000010111100011000011100011111011111110110001100101001001100101001000100100000100100011010110101100011010100000001111100011101010100100100100100101011111100011
010111011101011101111000001010000111100010100111010010101100000000010100000101101111001010110101100110000010100100111010010100100111110001000100010000100011001101000010100001000110000000110101000010000111110110110100010001111000010011001000010100101000010010100011100110110011101001000111010000110110
010000110011110101011001100101000001001011010000100110010010000110100000111111000010010000110000010101011101100000010101011000010110101010000010010101011111101100011011110000110100100101000000000110111011000111100001100001000101010001110101000100100110000000000010111101110110111100000010000010010001
010001111001000110010000001000001010000001010111101110110000011110011111001010010001110001100000101001001000000100111001000110000100010110101010001110001001110000000101001011010100100001000100110111111100110011101011100010010001110001101010100011100010000100000000000110011101100000001000101000101101
111101000101110100010110000100110001001001100010010001101011110010001111101001001011011010100111101100010110001010010100110000101001010000111011100000001100100110100010110001100100100001010011010010011101000001110000000010000110011100001100111011000011110001101110100010000110010100011101100000111100
101101100000001111001000110100000110100100101101000010000010100101001000011010011101111101001010100101111001010011001101011001111101110101010110010110001000011110100010001000000110010010101010000000000100111010000010101011101001100110100100110000011011010110110010011101011110100101000111011100111110
101101100100011000001010010000000101011101000011001010010101101011100000010101110000000101100000101011111111100101101010110010000010110011110000001111101100100011000001110111101101100001000100000000010110101111010101111000010100001000001100000010000010000001001010000101011111110001000001110100100001
000001110001000101110011100101000010001111101001110001001000111110111111111011110101100000010010000010001001100010000101100111000000010011000110110011100101000011000110000000110010011010001110011110010001101000100100110000000001100001001110111100010111010010011110101110000101011001010101001100000010
000101100110101000100010100001101001111100000001111010101111101100000111110111110001110000101001111000011111010011110101110110011101010000000100111110010111000101010100000011011000100101000000010110000111001010000110100000100100011100100100010110101101100110111001111011111100001101101001101011111000
100010111001011101010011001010001101001010000000111000000111100011011000001010110001010000001101010000100100000010011101110100010000011011001010010110010001000110110001111010000000010001111011000001111110001000000001111010000111010001011001011110110100001100000110100100010001110110110011010000110010
011111000001101010010100000011001000001001100010111011010000111101100000101001011000110011101100010000111001100100100100000011110001011101010000011101010011111111110010010111001001000001110011011001010000100111011110111101100000111001001110011101010000001101101100000011010000101111000010110100000011
001111011011101000000110010000011100100010011011000111011100110011100111001001001110000100110100111001000010011100011001001100111000011100111000110100010101110111100110101101110101000111011111001001010010101100011011101101010110010110000100001111011100010000010011010010100110111011110001100011110000
100010011010010101100100111100010111110001000110011100011010010110111101010011010000100101100000111010101101001001111010110101101011011110000111100100100001001100110100101001100001101111001110000101000010010111010101110001101110101011100100100010101101010101100010100110011111000010001001100110010101
001110010100110000001010101000100001101001000100110101100111000001000101100101010101011110110001110011110100100011111101010011110010000101000001100000101101011101100100000111100000101001001000111110010101100110001001000000010001101000110110110011010100001000001010100010010011001001100001101010011010
000011000100000011001000010110111001100011100010110011101100100010110110001010010100110011101000000101000101000001010011011010111110001001111110010000011110100011000000100000010101110011011011001000011001010010111010001100101110000100011100001000000100011011101010100100001000001000110011100110011111
011100010010000101001000101001001001000011101100011011101011111010110100110011100101000110101101011101000101110001110100100010010010100000010111100101000010010101001111010001111101010000111000000010110111011101001100000110100000010001000001010010001001100011111110100100111011011011101001000010100000
100111000011100000011010100001010010010000011001000011000001110011011010010010000100100000010001100010011101111010110000000010100011101001110101010100001000100010110011010100011010010011110001001100001001001001100000010001000001011011110011000011101001111111110101100101000000010001100010111001010100
111000000001111000110111100001011110110000000000100001001100011011101010100111000110001101000101010100101011101001001001111110001101000001110000001011001100101011110000001011010101001101010101010000101000000010111001001101000111100010000101011011100110000100110001010010010000011011111010010100100111
000010100011010000100011100011101010000100010000001011101110011010100101010010111111101101011000001010010010110111101101011000010100111101101000110011010111100000101000001010011110000000000001001110111111010100001000101100100000000011101011010110001001000110100001011001011000011010110000000000001111
011000000101110111000110000000010000010000110100101011001100011101100111011000000010000010000010110100000011111000010000101100011001011010100101010100111000110000011010000010100000000110010011110011001101000111000110010100000001110000111011100001011000010110111100010111000101000100101000011000101001
010110110000111010010001110111100001011011110101100111011101011011101000010100011100000100001010110000011010100011110011101000010010101010111110110110100011010011011010111110111010110001011101000010001100010110010001010001110001110100000010110000000100001110010111101010011101111100110010001010110000
100010100000101100111001000111011100010111000110100001010100101100100110110010000001010000000111011011000011010111000001100110100010001000000100011100100101100000000010000001100001010110110000000110101010111100010101000010111001110100101010101011000100110010101000011111101101000000101011000011001011
010001110010101010010010101100000110100000000000010000001011110000101000100100100011111100101010000001001110010101010001101000001001101011010110101011001110101100010100111011100001000001000101010001000001100101000010001010010000100010101001011011000001000010101011101101101110010011110011110100100010
101000100101111001010100011000010011000000000101100101100100111001011110100010100000000011000000011010111011111101101110110001010101000100010011011101001001101111110000000000100010100000110101001010001110110001101100100010000101010001100000111000010010010100110010000000001011001000101110111010011111
101011011110010011010100101100011111001001100011010011100001111010101100110100101111000001000000010110101010101000001111000110110001010000000100011100111010010000011010010110011000101011100011100101010101000110001011110110011010010101111100111001010101100111011100110100000001111101100010001010110100
000001001111111101011000110000100000100011000111101110111001011101110001000110111110100010100011010100001101111101000010010000100010101100111100011000001001110010010110110011011110101001000101011110110100011001000010000000100000000100001010100010100110000000101001001000001010001000101100000100000110
011100011101010101101001011000110010000010101111000101010001010011011100000010000011110111101100001100000001101001101110100000001010100000101010010011011010011110111100001011001111101010001011101100001001101000011000010100000001100000111011011001100010010001101011000000101001111111011001001011011010
010100001011001011110011001000000010001000101001000010100011111111110001000110001001110000110010110001101011001010000011000100111100100001010001000101111100111000101111101111011100000100101110100001101101001001001000010101011111011000101111000111111001000110111000001101101111001001011000110110101100
111010000001100101001101110110010101100001000100110110010010110001110001010100000010000000001000011000111110100100111011100011000000000001010001101011010000111000110001010010010110011101010111001100111110000111110011101111010010110101000011000110000000111011111100000000111011100010111000111100000011
100100000100110110011011001111001100100101011100110000111000100010110111101000011111001111101100000011010110001000011100010010010010101101100110000011111010001001000000011010100010001011000010000101001010100001111000001101100110100011000010111010110000111110111000100111010101011111000010001110000110
010101111001100010011100110011100000001001000001010011001011010001000111111100011111100111011110111101100001110111011011011111100011001001001100010101000011101010000000100010110011001001000110000000000010100011110110110001000100100011000001000100001100001010110110110100000100011000101001111000100110
111001010011110010110101010000110001100000001010111000100001100001000000100100000111011011000001000111110110100011011101100001010011100101110101111111010101010111010111110110100000010010011101011011011101110101010001011011000001100010010000001100010111000000011000010011110011001111000000011100000101
010101000001100001100101001000000100000100001110111100011111000101101100010011101110100010100010000101000110100000000000010101001100010100000110010000110001100010000010010001011110011110011001101011100101011101011111000110000110011000100110001000100011110100010011011101011001001110111111011110001001
010000011100100011011001101010100110110000110010110000101101100000000010000100010101101000101100010010100001010001001110000001001110111111000011111000101011000001100010111000000011010010101000010011101010000001000010110100000001110100010001001100011000001110000110000011001100110100000110011111110000
111011101100001100111111100000010000001110101010001110010101001100100000001001001001000100011010110001001100011000101111011100110111011010111001011000100110000110100010100011100101010111000000000110100011100110110110010100000000010111111100100001001011100010110010111111110001111001111000011011000010
110011011110100000000010011000110000011010000110111010110111111010100011011111010101000011100001100000001111111000000111101111011111010010100000110100110100000010111001000011010011000000010010111011010111011000010110111110111001000011000111011000110000111001100010111101000010010110101011100000001101
101110001000101000111010010101001010100100011000001011101001100101000001001001001011101000001000111000000111010101100101001000101001000000101000000000011111110001011010010000100001110100011111100100000100101100001010101111101000011000111000101110110000010001011100000000100001000011111000000111110010
111100001010010101110000100001101000110000110110100110111110100011101010001111111000110011010000110000011011000000000000110000100100010000001010011001111101100011001010001010111111110010000111000100010101110010000110100100101010111010111001000010000001001111011000101101000000010100110111101110100111
111100010000000010010111000111010101000011101101001011000101000100000110010000001011101001100110010000110001000100010001101101101101111001001110010001011000100111101011000110101010100001001011100100001011011100100111100101100011110101011111010111001101010010110000011011100100000000000111000001101001
100101101110001011101001100100000110100001100001001000000001000100110100110001101000101011110001001010011111101000101100010001001010001000000101010000010111001000010100010110101101000001001100000100010100101000110101100010001110110101110010011110010110001110101001100101001111001100000000010110000011
111010110000010100100111110000100111010010000001100110000010100101000100010000001001101000110111001010101111011111111000010101101101010010001110000111101000001001110000101011100101110000100010000001010100101011010000110011001001010010111000101100101001111000000100101001010011101010111110010100101001
100001001100110111111000101001100000010001000111001011100000101001100110100010110110000000101001010000000100111100101011011100100011101100000001010100101011110011110011111011001010100011111001001101011101001010100101100000101001011101111010111010110000110000010001011001110111011000001000100010000010
000000000010100010000000011110000110000101011100111100100100001100000100101100110011110010110010001000111111010110111110001100010111000100110000110111011101010111110011100010111001011001000100111001000011101010010001011100000101011110000000011001011000101110101001100001110000000101001111100010000000
111111000000000010000111100011111010011010101000000010010011000111010001000101001010010000001000000110010010100100000100001100111011110000001111010110001000001110101011101001001111111110100110100110100101000110100000001111000110011101100100000011010001000000001110000100110101010000011101001000101101
010011111010010101001010111000001011100100111001111100010000110100010111110111101001111111010101001110010100010011000110001011101001010010000011110111010110000000000110010100110111010100010000001001011000000111111000011100011101111111001000001011011101100010111110000111001010110000010000111010000010
010100001011110000010011111010111011100010010011011001001111010011001000111000000011000010101100110110010111110010001011011110101010010101111011010011001001100011111101111000001000100000111111001010000001110000111111001001101001000000001011111010111011000011100001010010001101001010110101100011000110
110000101011000010100100000110111101101010100001101100000000100001011011011100111010111111010010011100000101000010011101101011000001111000001101001100000000010101100011101011100000110000111010111001010101011001000111101010011001011100001011101011011101001000101110100111101100110011110011000101000010
011011010100001000000010101000000110110001000000101001111110110010011111010101000000000010011000010000000010100100001011010100100111010011100100101010101011010010011111100010000010110010110000110000011010110010011101110000010010101010111100010010101000100100010011000111100110001101110101110110110110
010001101110000000000100000101010111101010011010001101101000110000000110011110110010000101100011110010110110001001001010001010011000010110011000000101010100000000001001000001001010011001100011100001000100100011000000111010111000011001001000111000001011011111101110001011010100000010000011100001110001
110000100100010111100001010101111000010100010000010101100110011000101011001000101101000101001011000011010110011011001101100010010101010100000010010111001000010110000110100100110000000000110111000100010001100101000000001001100000011011000111001010001100000111111010010100111111000011000010000100000100
001111111101111001000101010000000101111010111001111000011011000111000100110001011100110101011101011010010011111011100110001100000000100011111001010000001101100011000000001010110010010100101001010010010000010000100111110000001000001000000010101011000111001010000111101010000011001011000110111111000111
010100010010011100001111110010110111110101001110001001001000000111011000110100010101010000111011101100111100011011001011011010010000011010101101111110101001011110001111101010100101010101001010000001110001111010111000110100010010001100100001010100111001000100001100011111011011010101100000111110110010
010110010010110011101001000100100101110010110100100110100000111011010100110000010010101110001000101011010010110100110010011110110011000011010001110001100010010100010000100010100011100001111110111000011010001001110010011011110011011100011000001100001101100111011101111101001001100100011000001101001111
101100111011011000111100000101111110100100000100001010010000010010000010100100000001011010100111000001110101110101011001100010010000100000111110001001001101010001010111000001001010010110101101111001011000000100101010100110010101010000110001001111101111010100100011100100011001101001101100001111000011
000011111001110101001000010111101000000100110001110100110011010100001100110110011000110000001100101101101001000010000001101000101110001011011110000001111100001100100100001110001011111000000011001101000011100100000010011001100000101000001000101011110110000000010100110000000001001100000000001010001111
111111000010101100011001101000110011100100110000001110101001111100110100100000001101001000000000100011010010001010000000000010000111011101010100001111000001110101000101000001100100010000110010001000111000000110010100111010010100001001001011100010110110011111010111001000001001001101101001000010010001
010100010110111000000110101000000111000000010100001010001000110000101001110110100111000100100010110010110111010001111011011001000010010000100100011001101010000000010000100101001111100101000111000001110001000011010010110111000000011000110100111011111010111010100000110001110100001001010000010010011010
011011000001101100000111110010011100110110010110110111000000000101101100111010101100100001011110010010001010010001000011110110011000000111110101111001110110111101100101001100001110101110110111010011010111010011000011101100000010001010011101100100101000000000010111001000001001000001100110110011001110
011010001000001100011110111000011010101010101100101110110101001000110100111010000110011001010110011001110011101001011110100101110000101001001100000101110001111001000010001011010001000000000110110000111010101000100000010000111010011011111100001101010110100100110100111000001111000100011011011001100000
000010001110001000111000010001101010001101000101000100000111101101011100100010111011110011010010011010010110101100111111100100010111000100110010100000010100110110010110000000101010010011001001001011110111000111000000101001001110100001110000000101110011001011100101010000011001100010001111100010001100
100111011000010011100111011100011001001001110000101000110100101101000110111111111110101001100011101111111100011001011111000000100010000110101101000011001100010010011101010010100110010111001010001101100010001100101010110010001001001100100011101000010100100110011010100111111000100001001010000100101011
010010011110000000100000001111111011101101100000101110110000000001000101101000010100111000100010001100101000010110001011000110000000101011000101000101000001101010111111110110011100000101100111011010000010011000101010101100101000110010110110011011000100110011101011111011011011001000011011110001111111
000101011111000101011111110010110001000100000001010001010111100110111101001111110110001010000000000000001110000001100010010000100011001000000110110010001001001010001000110101100000000100100100101010000101011010011001000110001101000010111100101111100010110111001001101101000101110110000010000001110001
111100000011111000101100000011101110000000010001000000011001110110000000010000100100110100100110000011001011000101010010111011000101101100100110100100110011001101000000011010000001001100111000001100000010001001001001001001000011010001011010101011101111110000100010011000100101100010100001010111010110
010011010101010110100101001010101100111100000010001101001010111000010100001110011100000111100001111101101100100001010101011100000010110110110000001111110110100000111000000100110010110010110010110010001011001001000100110000100011111011000100010100110100100100000100011010110001000000110011001110100101
000000100001000000000101101010011111001101010101000011000101111100010011101110010110011001110110011000011101011010011001111001011100000111000111001000111010100110101100000010110010100100011011101111000010110000001100000111101010110011100000000010010000100001001101010000000111010101100001100110000000
101000011000001010000010001110110000100001000001111101001110100101101010010010101010100000001101111110000010001000100000000110100001001000010010010000100101000000001100100110001110011101000000000110010111010000010111101010110101010011100001000111011110100011011001110100011101001111001100000110100010
001000001010010001001110001011001000100000001100100101001000111000110011010000110001011001100000111101111010000110000100000100111111110110111000001001001101101000010001100100011101110001100100010101000101001100101100001001110101100111101010000011110101010100010001110101011110000001110100010100010100
101100101100000001010101010001100000001111100110100000011011001110100001010110110111010001110100110100110111100010001110100011100010000001001001000001000100000001111111010110100011010011101001010100000000101000000111100000111001101110100000000001000011010110010110011000011010000011100001011010001110
110110100000100000010111011011001100000000010010001001000100000101001111010001110100100101100110011001111000001110011010010001001001110000100000100000011001101011111010110111010011000001000111000010101000000010011100111100010100111000110111000100101110100011000110000100100000100101000001111011111100
000000001010101000000010111100010010000110010100111010001110110011101000000100111001111011100000000000111111110010000010100100100100010000000111100110010110101110111011000110011011001110111110001001100110010110100001010100011000011101101111011010000101001001111000110000010010100100010001110011011001
010001000110111001001111101000001000000000011000101111000100001010010001000001100000001011000001110010010111011100100101101010000101001100101110100011000001101101000010101111110011110110011000000110001010110111111011110100100011000000000000000001010001000001010100000101001111100110100010000000000111
010100000000000011110100001101011010111001010010010011000000000000011000011001011101000010001011111111001011100010110010001001000111011101001010010001111100101110100000011010001110100010111101001101000000111111010010110010100101000100011111111001010111111110000101000001001011010101011010011001100110
000101101000110010000010111101010101010010001000111000001101110001111001001000110100111000101100101110000001110001011111100001101011101101101010111000011110001000101000011001011110110001011011101100101111110000000110111000011011100110010010011000000111101001100111100100101000000111101011110010111011
011011010011001101001000011000000110100101010111000010111010111100001001101001100100110111010100010011101111110010110011111101110000110000010111000100000011001001010100111100001011010100000010010000001101100010101110011110001110110001100100000010000100011110011001000000111110010100001110000001000100
011000011010110100101011111000011010101100001010011010000000111011100011100011101000010001010001101000011101000101011011100001110100100110111101101011011011101101010000001110100101001111100101011100011000010011000100101111011111110011101110001111101000001001100010110111010000001101101010100111101100
000100011111000110100101110101010100111010010111010000001000001011011010000100100000010100010100001110110001000101100001100010001110000011110110000111001000110110100011000111110110110001000101101000000110000010110111101010110100111111100001100100100001110010000110100010101010101101111011011101100001
010111011110100110111101101110011001100110110001010010000010100100000011010100111011111000011001001101011000111111100011111001110110011000010011100001001000100011010000001000101000000010001010111101110100110001011111010011110001010111111000010000011101101101011001010000110100010001000111111101101000
011111100110011010110110011010001010000000001000111100000000110010010011100100100010000000100111110100010000101100111100100000111110010100011100011011111000110001111010010110100100111111000010011001110110000100100000001011011001010101001101101101001000001000001110101110010000101111110010000001010001
111000110000000101100001101011001011110000011110001100011010000111000110000100100001000010110000011011001111001010010010100101001011111000100011000001100011000100110001101101101010110100010011100001011000011111000100010101001000110101100010111101100110101010000100001001010111100111010011001000001011
101000110101000001101111111101001010110000100010011010010010001001100110000100111111010001100001011011100100010000101000111010110010011100101000100010100000001011010100010111111011100000110001101110000100110000011110110101101111100110011011100101010011101111110010010111000111011111000100110010110101
110010011000011000000101011011011111001010000010000111100010011000011110001110001100001000110010000101000001000011001111111100000100111011011010010101001001001000101111101010110011000000000110100011010011111000101110101111010001011101100101110011010110010010111111011010110010001101100101110101001001
000010001101011001110110100100010011100100001010000101011001111011010001000001010111100100110111010101100101001011100001101010000011111101001001001000000100011001110101100110001001000000111110110001100011101110000010001001001101000101010011010010100001100011001000101010111001101101010101010000000010
100101001010101001110010101001100110111100100000011001000110000111101101111000010111101011000000011010000100001011000010110100000100101111100010111101101001001011000000101110101001001101000000010110001000010001110000000010111001100110101000101001010010010000110001101010111100101011001011101011010000
100011110111010100000000010110101011101100000101111000000011010010011001000001011001000011010110010001000100001111010100101000010110010001000000010000001101000000100110001100010011000101011101101011000100100111101001010001000010011010110011001110010001001000011110110110100100000110010010100100111100
101000100100001011000100010001101001011101000010011000110010110001000011000111111000101010010101011010110110010010110001011010011001000101000010100010110000000101101100001000100100001000011010011000000010011110010111000001000111111000010010001010100000001000001110101110101100100010101000000101011010
001000000101110101100000100100111111100000011010010110100101010000001101000001011000010101100101011111110101010000001110000000011001110100100001110000011100000010100110101000001100101010001001101000011110011000001011100110000111000001011010111100001101100111000110001111100001001101011010101010111001
101111010001100011001000000111001000110010010101110110100111010001010000111100001100101001100000101011110000010010101101101111101000010101101001001110011001010100001001101101000100010000010100001011010101000001101011011011011101101101011001110100101111010100000011100001001000110011101100100010110110
101110010010111010000101001010001011001001001001101010011110001010110101000100101001111010100000111111000011001000001001000000010001000000001001101000110100000100011010101101011111100000001110101010100101011001001111100100100001000001000010001001110101010100101010001010110000111000001111000001010100
111011000100101000100010010100001100111010010111001101100000101000110111111100010100110011010000010001000110100000001001010000101000000111010110000101001010101100001000010001001001001100001100000010010111001100100110100111101000101101111100111000110010101001101001000101101110101011000010010000000111
010010100110100110101011101111101001111010010001011110000111000110100111000110001101010001100100000000010010110100101010100011101000100011110101111110100100100111100110000000110101000000111001110111010011010101100011010001001011101110110111011110110101011101101001110010011110000110001111001000001001
101000010010100000110101000010101000011000011011000100011000111101111001001000111110001001111110100110110111101100100101000010000000000000000100111110000111011010100100001100111110011001010001011001111100010110101000100011000011010010101000101100011100000111110000010011100000001010010110100011011000
111000110100010110000100000000010000011100000101100000001110001011110111000111100110110111011101001011000000000111000110000000000010010111001000101100010101010001000001101000000110101101111111000001000001000011111011010110001101110001001010010101101111110000000000110010011000000010011000010000010000
010011000101000111010100101111100011001001111000100111101100100010000100111011101100001101000001011110100110100000000101101001100111011000110001000111011101011001111011100000011111010010101001100110110101100010101100011000000101010111001101111111011000000001000001000111000100111110011101110100010111
