1001101101110110110000000100110011101001000110000111001011000011000011010111010110001001101111101000001100101001000000011000010001101000010000111010110000011100010111100001100000100110011001000011110010001011111100001111111010111011011001011101100011111111011110011110111000001110
1001111101110001001111001111100011011111001111001010111001010110010001111100010010100111110001100000000100110100010011100101110010001111010110000011000000111010111000010101100010101001111110101011101010011000100111010101110110000100000101101000111001001010000011100100001011111110
1110100011100000011010110100011110001101000101001011111110101100101111100011010100000001001111101110001101000101000001100110000001001001000111000110110010101011000001001000011011101000000110100010011010000100000000000110011110110111011100100111111110010001101001010000100011111101
0011100001011000001101100000001000100100000000011001101100000100100000010001100110010100001101101001010000010001011111101000111011000101001110000101000111100110001110100001001011001000000011101011110010110110000110010000100111011000110100110110111001101101010010000000100100001001
1100101101011001100001111100101010110111100110100000111101100100110110100100110000001000011011101110010101110001100011010101101110000010001100100100100001000011010000010001000101011011100010000000100010000000100110000001110111101000000100010001001010110100000100001100100100000101
1101100111111011000100001101101101011111000011000111111110011011101100100011111100101101100000101001000001101110010110110110111101100010110000011110110110110011111110010100001100010100001101111000101001011011010101100001110000101110110010010100011000010000100000001100000011001010
0000100000010001110000010000110101000100000001000011100111011001010100101100010000000101001111000011001100010001001011010110000011000010110101110100101100100101000001111100111111000111000101000010111100100010111101001110000110011100000101100001110000000001101110000000001010011011
0100010001001001100001100101000100010001101001010011000001101001111010001000100000100010010000100100001001101100011100011100101101011001100101010000001100011110000000101110111100110101111100001001001110110000100011001001011001011010000001000000011100101101111101100000000111100111
0000100111110101010110011010011110101011010110000011010010001100000100001101011001000100001000101010000000101100001011111011000001001110100001000100000101011011011110100010100101100100011100110001010000010011110011101001011001110000010001101001101100010101110011110110001100000001
1100001010011110110111101010110110010110111011000110110111100010110010011111110111010101010000000011100001110011000011110101011100110100000101000010100001100010010110011100010100011110100111010111101101110000100001010011000000111001101000101000111001001001000101010000000001111001
1110001100010010001001110000111101110110000001101101011110101111011000110101110100111101111100000010010011010000100010011011010000001100001101011101100110010111001110111111011001011111000001100000110010010011000100010010011101001000101010101101101001010110010000101001010010110011
1001011110011010010011000000011000001011011111101001101001100010011110100010101110101010101101100100000110001110011111110000100000100100010100011001011011010011001111000011101000011000000111011011111111010111111110010111010011010001101111000110001110111000110100000100110110001100
0000010010111101101000111011101101101010001010101000000101001001001011111000010111101001100000011110011100110110100000100101001011100111110000111000000011011011000010101000001011001100111111000101100110111100011011000000110000110000010101100001101101101010101100100100011111110100
0011111001100001111110001110110011000100010000101011100110100010100010101100000011010001100010101011101110000010000100000011101101100001000000010111000100010101010010111100000100100110000011010011000101001111110111010100000000000101100010011000101001001100101000001011011011001010
0000010101110100000010110001011001010000001001001111101000110010011001001001000111101000100100101010101010010010101101010010011101110101100101000001001110110000001110000011110000010010001001000001111010101000001000010010100010011011100111000011101100101101000000010110011010010011
1001111110000010110011000011001011001010100100101110100010100010010011101100111001010001000001111001011001100010110001000010000100100011111101001100100001010110011111110010010000010001001101010000010101001001100000101111010000010110000011111100101100101010010110101000110010001000
1001001010110000001100001110100111111101010010111110011110100100000110010001000001000001001101001010101010100111011000100111110110001100001110000100110110011100100001100110111011001011010110001000101010000110010000010011101110111111010100010000011001001010011001000100101001001000
1011011111001001100000000111110100010111010111000111111011011010000000001010010101111101010010100110111011010010000000100110010100011010001000000011001101001110010000111100101001010001100001100011111101000100000010000111011110010100011111000111110010110010010001000000000011100101
1100110100111011101000100001110101011101000000010110000111111100001101111111111100011110101100101011010101110101000111100100101000011011101100001000000100111010100010011000100110110110010011100001001100011000011010011111100101100001001111010100011001111110000111101100000110000100
0010000010010100001111101110010100000011000110011011101010001001010000101100011001110000100000110110001100100010100000001010100011111011100110001001000000010111101101100111100010110100110001110011011110010010010111011110010010001111010101001000111001101110000111111110100001100101
1110000110011000100111001110000011000000001011000111111010001001010010001100001101101100000001101001010001110101011100000110010100000101001111010100101101011100000010000010001110011110110000010000101110000111001101011000100000001011010110110100101111001000010001100010001011100100
1011001000111010000101100101000110011010100101100100111010010100101101000000000000001010001101011000110110110011100001001111000010100101100110110011101001000110111100011110001101100100011110011010110010010000000011001110110000110001100010000001001001000110110101010100001110110001
1001110010110000001111000001101000010010000000000111100100100111110010001011010010100010000000000110110111110000000101001001000000010101111010101101001000000111010100100101011000111100000100100001011001000110010010001110001011011000001010010011111101111100001010011101101010100101
0010111010011100001101100111011000010110011101010100011010011000100001110101101001000010000111001010011110000101000110101011011000011100011101110110010011110011100010100001000000111100100000110010101011110001101111000110011101101100101001111000100101111101011000010000111111001001
0010011000010111011010101110100000010110011001010000010011111011010101000001010100100001101110100110100110010101101100110010100001010101010100111001011111010001101000001001010101001111000100001101011100010000001111000000001100001101001010011010001010000010101000000000011100100000
1001010101000101100110000101100010000110001100101000110111000001010101111001100110010010000100111100101110010001111100001011110011111011110010100011111000000101100010000011100011110000010001000111001001000110110001100001001101111100010010000000000000111011100000111001100000010101
0010011111111100110010001010110100111000000100011000100101000011101100110100110010010101110111101100000111100100110011111011000100001101100101010011000010100011000100001000001101011000010010001110001100011110110000011100100110010111000011010010001100010000100000001001000101010000
1100100011111010101000010111001101001101111001001001101001010111011100110010000000101101010000101010110100101101010111001010000110000101110100110010001011110000010101110000000100110000111110111000010111111010010010111000110110011001110110000111011101100000010000110111000100000110
1001111010010101001000110000101010011001100101101010011100111001100011000000100010100010010010111100101001001110001100101111101001110111110001010001000010100111010010101011100000010001100011100000101101110011001011010111011010110010111101111100001110111010101011001010111010010001
1100100001001000000011100101000000000000101001011010100100000001010000100111011010100000111011111011011010000010101001000000110100100010000000111001100111000110000111001101001010110010100110111010101001000010001000100000110111010100110110000110110100011001100001100011001101110100
0010000111110100110000010001010111010011101110111001010000001010011000001011101111110100100000100000001001100010011101010001001011000011000011010001111101100101010001111110100000110101001010111101110110000111000011010010111100111001110110111101000111110100100100000001100100101011
1100011100000011010010100111011111110000010000110001111101011001011010101011010000001100100001100101000001100001100101110001001011111101010010101011100010101101010100001010101010010110011011001111110001111110101110000111111100111111000111000101000100101101011000100110001000000110
1101111110110110000100011100101101100111000111010010110110110000101110100000011001000001111110000100100010011110010100011001111011011100001000011101110011000111000100011001011110001001000000111101100110001010000000111001010110100000010000101110000001101011010001011001000001000001
1001111111000101000000110000101101000011111111100010101101001010111000110000100000000000001100011001000010000011100000001001101100111110001011100110110010101001011101111001010110010010001101110101000011111000100100000010010000100100000111000101001010100110011010101110110110010001
1000011100100100010111001011100100010110101000001111000001100010101111111111101001100110100001001010010111111011011111000101010001110000000100100000001100001101000011000100111100111100110000100100110101000011010101011001100110111101000001110010011001110010110000110001001101110100
0001110000110100000110100110011000000110000110001001010000001010000111010100000111110010101100001101010011001010101111011010000111000001001010100101100101001011010101000010000010101110011111000000100100110000001010000101011101011100011110000001100100110111111000010101010100111100
1100001001110111100000001101011010110001010100110000000101001011110111100011010111000011100000100011000010000001100000101100101000010001100101010010110001001010011111010110101000100000010100000010101111100111011110100101000001010011000101001011001110000100100100000001000011011011
0011100101100011010110011101100001111010111101010000011111010000101101001000111110001111110011010011100101110000000010101000000100001111011110100001101010100110011111000000101010110100110011011010010011000011010100110000101101101101001111100110010101101000001110010001100101110110
1001101011110000000110111000001011111000110011100001000110000101001010101010100001100000110000100011000010101011000011101000011101000110100001110000100000000000000100010000111101101011110110101101000000100110010101100001010100101001000101010001110000100111010000100100110001111000
1001011000011111010111100111101110000100010101101111001011100001100001100100001001000010011000000000011101100010110110001011100100011000001010010011001101011110101100110001110010110111111101011100111001000011110101100001110011011110111110101100011101100101101101100100000001101010
0010010100011010001000110111010000100100101101111111001010100101011000000110100111100010000000100001001001011100001101111010101111000000110001011011100001110110001110110100010100001000110111010111010101001000010001000010000100110000100000111110100101000110001110111110010100010000
0101110110111001110010000010110010010101110000000001000100111100110111000110011101010110010111011001000010100011111000101011000000010010010001010110010000000101100000110110010001100001100000001001000101100100010111001110011010000011010111011010010011001111110100111001111011011110
1110100000010110011111000000111000011000011010100111110001110001001010111010100010101000001100000011000100101000110000100110011010011001001010000010001010100100000101000101111000110011011101110010100001001110110011010010110011001001100100100011111000011111110001100111100100000011
1001001011111000010010110001110101000101100010010011111111010000001110111001110111101011001100111001001011100011111000011001010101000001010000101100111010110011100010111001011010100101101000000000100110000010101011100010001101000010110000110111001000110001000001110101000000110010
1011101100001010001010100010011000101001110111100111110101100110010000000001000001010101001111000100001100110101101100011001101111100110011001001101101001001010100001011111000010000001011010001110000001100111010111100110110110000001110111100000100001000101000011101111011110100101
0011001011111000110100110111001010011000011010011010101111000011001110110010100100100001100001101010010001000000000001001100101000100110101011101001001000000111000100000111011111001000000001100011000100010100001000100000000100010000100101001010001101010010001110011110011100110011
1010001101001111100001000111101001101000010110100101011001110011011111101001000111000001100010010100000101100100001011010101001111011010101000010011110000000010000001000111010000100001111011111111100000001101110001010000010001000100011101010110100011100011111111000001011110010000
0011110010100111000100000100001011100100110000010100101011001100010100110101111001110010001101100100100100111101111101000101011000010110000000001110000001000000101011000101000101011000010111100110111001100001010111110000010110010011011000010110010110000001111101000010010000111100
0011111110001110111101011001110101111011110001110110001011111101111000010010001000000100000100101110001001100010001011011000110100101101101110101011111000000010010100110001100111111110001010110110101110000010000100100001001111101010010110000101100101001000000011110101001011100010
0101001101000010001101000110111100101000001011010111111010010100001000111100011001011111100000100001011000000111101001111100110000101111100111101101010001000110001111001010001010101011101110011110101100011011110010110100011000011010011010100010101111000111001001100101111111010000
1101110111000110001110110100000110100110001001000111011010011001111001100111001010111000000111001110110001111110111101001100000010000001010100000001110001111000011111000110001001001100001011100010100000011100011001000000000000101001011000001111000100110010110010000001111100000101
1000101011100110111011100101111101000100010100100001000000101001000000011001101001100011001100011000010001001000100110111000010100110111010110000100010110110000000010001011011010111011111010000010001110110000001000101111010010101001000110000000011010110000011001010000011110010010
1001001001111100101001100001011000111000111110000100110111100111010100001111000100000111001010110001001011011010010010001110010000010100111111010011001111000000001111001101010111100001000000001000000110110110101110011100010001010111000110110101111000001101111001100000101101011000
1010011110100011010001100110001000000010110101011010000000001111111010100000000000111100010100010000100001000011000100000000011000111010111000010000110110011100001110111010011011010110100000010001001010111010010010100100001111000110000100101010110100001100011110110110101011100001
1010110101010001101101110011100110001110111101001110010100010000011101101111010011010111101110010110011001111000000010100011000110100010111111001011110000111001000101110010010001100111100001110111011010101001010001100011011111000001000010000100010000100000000000000110001100111010
0011001101111001111011010001001001000000000111000001010000011101011111101100000000000110001000010001110100011011001110000010101011010100101101011001000000011100110000101101001011000101110111110101011001001100001110000111100101010100101000111011100010010001111011111110101001011010
0100000110010011001111110110101110000000011111000000010010101001100001101011101111100111000101011000111011000111110000010101000110011000000010100001000111111111000111100001000111011010111000001101001010101111001100011010100011100010100001000000000011011000000001011101100000011001
0010001000101110101101000111101011111001000000000000101000001101010000101110000110111001111001110010101011100001010000111101100010100100010111001101010010100011011011010100001110011010011001010001000000100100001010000010110111001001100100010100101000000000101000101110111111010001
0010110010010000100001110010011100000100111100001101001010001011111111101010110000110111011011000010100011001100010101000011110000000000010000100100011001001101010001000010101100001010100000110001001001111000001001110110100111000011100000001000110011000000110110110101100010101000
0110100110010010101000010110100000010000000100101000011001100001000010100011100110000010100010001010111001110110010000101010001100000011101110000011100010110000110100000110110100001111101001010101000110110100101011001100000000000111110010110000010101110010001110000000111101010110
1110011100101100001110000000110001010100111100100000111001010000101001000110010010111111111010010101111111001100011101010111010011001010011100101010110100110011001101100100011110101000100101100010010011110000101001011101100111001101111100000100100000010000101010101111010000010101
1011110111011100111001000001010010000110111101000000010101110111101000101010000101010100110101111001011000111101110010001000001101001101010101001001001000100010000110001010101011011010011011000110011111011110110101011101110101001000100101001010001100100011110111010100111011100110
1000011101010111110000001010010011101000011111100011001110010011000000100001111000111111001011101111000101110110000100110111001011100000111100000110001000011101100101010111101001110001011101100000000011011110010100011110010100100110101011000010011011110011110011101101000111001010
0011010111101010001101000011010101101110000110101010110010010110100110001000001010011010001100001111010001001000110111100001111110100011000101110011111001100000010100001010110010100101100010010011101101010111110100000111110010000001101011011001101101111100100110011011000111000010
0011001101100101001111000000000111000101100011100001101001000100010001000100100110111010111000110110111010111111101100110100111101010111100101001000011010010000110001101001011111001110100110100110011011010111011010010111010101010011111101000111001101010101010110010101001000010010
0111000010100111000011110010111010000000110000101011010010001110100100111111111011010110010100001000100101100100110001001100010100011100110110110010100110010100110111011011100001100000010100010100111100000110100110010110101100101000000100000000010010111010000100000100010001101000
0000010000101110001100000001000101100111011110010101000000001000010110111101110110010000011001100000111010100100101011101001101010001001010110010010101010110011000100101110000110011000001111001000101011101110010000110000010000110101001100000110110110010000110000110010110100000010
1000011110000110100010100101011101110010100000011010111010010111010001101011000110001000100011000100000011010101001110011110101011100001100001000100010011101010010011101111001001000010110101010101000000110000010011010110111010100100011101100111110011011001010100111111001001000111
0011000111101100100111000110100111010011000011001101110010111010010010111110111000001001001100010111111010011001000001001000111101010100111011010110001000111011011010101110010110010011000100001101010100101101101000011010100001011100101111100100110101010001010010100001001101000000
1011000110000001011100001010000100100000000011011111010010011100011101001010101100011001001000010100100011011110111101110110111101111001111111100010011000111110010100010001001100110010110111001011000100101111101111100111001100100111110001010001100110001100000010111111110010001001
1100000111001001000110000100011101000000100000001001001000000001100010000001011110011010000011111100100111011100010001111101100001011100110110001011000011110000000111011100110111100000001010001011010101011000011001110010100000000000100010110100011011000010001110000011101100110111
1111001100010111000000011011011010111010001011110000011000011000001100001010000101011011000000010110101001000111011000110011000011000001010001011101010101110000000000110000111110101001000011110100010010101001110000001011101110110110011111100100010000110100010101000001101000100000
0100001000110000000100001011111100011110011110111011011101101000110101100011100001100000111011010010011110110011011001110101100001111101101000101000001011110110101111011001100011010100011001010001100001010000001010110011101100011011001111111010011010000110000011011010101000011110
0100010101100101101010111100101000110011010000100010011101101001010010001000100110010111100010100011001001111101100101010010011001001100111110101000010100101100000000000011010111101101100001111000011000001111010100000000010100100010101100001110100110110010010100010000000011101011
1111001100001111100010001000000000100000010001011000101100111010011111111000100000011001010010001000010100001001010100001010001111001101100100001010001100001100100100011111001001110111010000110001100100000110000100111001010111011001000000111111011000001010010110010000010110110100
0000000001110000000000100010000001110010000000000011010011110011000011100110001100000011001100100000011111110010001010100000110110010001010100110000000001001100110110110101100010000101110111111110100110101010011001101100100111000110011100001001110110101010111100111101100011100110
1011000101001001100100101010110011000100111000100111101011100001101111001011011000100111010001001000101001101111100100111110110100101010010010010110000000101011011100100110000101100101101100110001101110000100100000000110001010111101101001110110101000010000000011001101101000000000
1100101101001110110101000001011001100011101000000101110011001000111000011000110010000011101000001000101110101111110011001011100011011110101100100011100000000010010011001010101000111010100110010101000000001010001000110101011111111100100001000011001101001000100001011101011111011101
0100111000010011100110110100011110000000100010110000110100000011001110100101100000101101000111011010111001101001001011001011010111111100001100010001010111110110101000010000101001100100100101110000100011000001011110110101101000111110100110100101101101110011100111010110100000101010
1001000001100100001010010111011010001001110011010000010101011000100101000110101011010010000000011110011101100111010000101101111100011100100000101100000010000110000111111001000010111110101100111101111000010110001000011110101000010110101000011110110001100010001100101111000110101111
1011111101111011000100000111000000111001101011011010001110111011100100001000111101100000001001100111000011010101101000100101101101101111101011010001000101000001000010011110100001110001100011110111011000001001100100101110010110000010001101100000001100000110110010000101100001000000
0110010100001000010110100101100101010000001001100110110101100110110101001111000011000100000111110111011001011001100001010100000010110101111000100010000101010100110000001001111001001100000001001100110100010011010010111111111011000100111100011000011101110001100110110111101011101011
0100000111010100101000010000101111000101000001110111010011101100000101001101000000000011101010000011100011010101010110110110000000111001011010100110011000010110101001111100101010110001100101001010010111111001000011110000011100111001100001100111101000000101001001010000001000000000
1111110100011111010111010011110000100010010000111001110011011100000000000000001010100111011101100000010101001100001000001011011010100011000101011100110000110011010010101101111001010110011011011010100011101101011000100010110001100111001101111010110000011100100111010011001100100100
1000010110101010001101000011010011111001010010101100010000101000000100100100011111011010101000010001010001101011010111100010000100100011001000000000100000111001010000001000100001001100011001110110101010111010101110010001000101110100011000111010101000111111100010101010001111101011
1101000011010010001011100001010011110100101100011000110011001010000000010011000100001010101010000111010000000000000100011101011000110101010010111101010101000110001001111100100101000010011101011001010110001111010100000100010001000010001000100101000111010001011000111000000100010010
1010000110110000111111000110001011100100110011101000010101110001101011010010001101111100110110011101001000100011001000011001011101100000000101010000110000101110101001111010100101000101110000110000001001000011001111001011110110101100001001001001011110000100010111001110101110010100
1010001000001010000010001011101111100000000101111010100100001000000011100010111010110001000100001110011110110001111000010110001101001011010010110011111110100100011001100011010000110001101001111101100000110000010000011010101000000001010101111110110110001101100100001111000010110110
0011111001100100100000011110000011111001000000111011101101001110010001001000010001000100010110100101101010100000001000011011001100111011100101001101000011110101010011001100100010101011011010010111100101010001011000001001000110000011001001100101001101010110001000101010111010000110
0101001000100110100010000011000101010100111010000111110001010010111010101000010111111001011011100010110000011000000101001000001110011000010001001100001010110000110000011010001011010100001001000000000000101100110100101100000010011000100111011011101011111000110000010010101100101001
1110001100110011011001100000010111001111010000101001001100111110000011100011000110011000110110110110001011110010010101001010001001000000001111111011010001111000001100101110100110000101011001101110100101010001000111101110100111010110100000011010011011100000101111101101101101001011
1110011110100110011000111101011101111100100010111010100101100001010001000000000011101100100011110111110011011011000001001100001010111011110100100110000100000101100100010110111011010001001010010111100100111100010010110011100101011011101111111100001001110001110000100010111001000110
1011110100001110011100001000101110100010001010101110101100011010100001000110111110001101000010011001100011100000010111001100001010010000100011101000000001011110100111110011100000010111100100101110010110000111010010010001111101000111000110001111100100101000100100110110001000110011
0000100011011010010101111000111100000000111101110111000001000100111001010010010100100110000110100100001101100010110011100111000000101000010010111100000001111001000011000101000101110100010000110110101111110001101110010011001010000000011100000010110110100000001000010011110110011000
1011010110000110000001010001001011010100000001000010010101100100101001001101100100000001100110000111111111011110100010101101000110010010101111011010101100010110101010010011011101111110011000011110110110101010000110110000001101101011001110011100100010001100101101001101100001001001
0000100110101010000111110000101011001110111101001100011111100011010111110100000100100010001011010111101000010111111101000001000111000110001001001111111111100010000001111110010110001000001100010101000000111000001101111000100110110110000111001101000001011101010001011001001100100101
0000010000111100010100111110001100110110000100101000101110011110000011001000100010000100100010100010110000011011001001011001110010000111100100100101101001101111100110100110010110010111100000110011111110011111001100110000111110011000010111000000101011000000100001000110101011110011
1010001100010001000000100000110000000100000000011000101000011101100111000000100000001010001100001101000011110111001100000110100010001101100101101110111010001011100101111110111100111010110111011011100100000010101001110101010011100101101011110010010010110001011100000111001100010010
0100011010101011101110010101111111011000000110011000001110000010100011001001110101110010101001110100000111010100101100001000101111100101001010001100000101001010010010010010100010000000101000110101011000100101000001011100010000001111001101100100011111101011000101000001101011000010
0100000001100110000011011100100010011100000001110100001100011101100011011011011010100110010101101100001010110101110000001110000000010010100011100000100000101100001101000011000001100010100110100101001001101001001001011001101101100000011010011001010110010101110010000100000010010100
