000100001001011101100011011011010101001011011001101100010000110101000011111011001011110000111000000111101101000010110011
001010010011010111101110111100001110011000001100101101001010110000100001000100110110000010001000111000110100100101010110
011100001011100000100000100010110110011110110101001110111100101011111010010001101000010001100100101010011110110001110100
000001000101000011111001111010000010001000010101010000001110100010011110110000011110000000111011111111001110001100000001
011111100001001000000111000000000010000000011010111110111010011110011011010100110000000110000010100110101100011100001000
000100010110010101101000101110110010010011010111000000001000101101101001101100100000110000111101110001100111100011101100
011000011010110000110001101101100010011100000001100101010011101011000011100110010111001010101000000000111110001100001010
000101010100010001110001110001010001001101000100000111011011101010101100000000101011110001000000000011111001100111010000
000011001110101100101001010001111001010000101001101110010111010100000011110011100001011100001101010011001110010101111101
001111100101000000000000001001111000011001100110101100011000010100011111011100101000000010111000010101100101011100111000
010111110001110000000010011011000000011011011001100011110011000001000010100100101100001110001011110000111100100111111010
000011010100000110000100011100101000101100100110100100110010110010111110001101000110110001011101100111011100001011111011
001011100000010011001100110010010011101001101000110110001100100100011010010000100101100110100100011110100001100100011000
011001101101100101110111111100101110100100101011110010001100000101111010111000000001000111011001000100001011011011010000
000010010001100000011010011100111100011110110001001110111010011001100000011001010010000001000001000101111000001000101011
010011101010011010001110011000101110000011101110010111011101110011100001100100000000100000100001101010010110011010000011
111110100111111011001100110010110110100001100111100111010101000011000001100001010001001110000001010000111110101001110000
100001100010011010000110100010100100110000111000010100101000001101111000100100101001100111000111111101011000010011000000
100001010001001011100000000101001001010000100100110101001110101001001010000001100100000111110010011111100111110000100010
011000100000000100101110101010101010100111100111101111000010010110101010100111011001110010001101101001110001001010110110
110111000100010110001101010010100100011100000111001100110000010100001011100000010100101011100011111000111100100000011000
010110100010110010111001010111100100000011101100110010111001111100110011010010000011001110010000001100110111110001010101
010111000011111000100110010100110000010111001100011001100100011110001000111100101111110001110001001001000010011001011110
011000001011100100100001001111010010100111001110101110111111101011010101001000000000100001101000000101011001100111010100
100001011101000100001010100100010001001011011100111001001001010110001100000100010000010101000110111010110011111000000010
000011011110000001010000001011011011110000100000010010010011010001010111110100101111110101000110001101100100011010000110
100000000001100110111100010010000010111001100010001111100000010100001000011000000110101101101111100000111011101001011010
101000001111011001010011000010100111010101010110101001001011101010000001000000100100011000110001110011010101000111010001
100001011100010000010111000000101001100000011010001010111001010010100010111111100101000011000100011101100000111100101000
100011000110000011010000011101110000010100100101001111101110010100100011100101100011110000100001010010111010100101100000
001011001111000100100101100110011000110000101101100000001001000000001110100000100001001000000011001100011110110101110110
110111111101011100010010010010001101101000001001110000101000010011001101110101001100100110010111111110000100111000101001
110010001010000000010100010000000010011101100001100101001101111110110010010100110010001000110011011110001111000010000010
001001000110111110001001001111001001000101101100000011011101110010001000001011000100111001010101101110000101011100011111
010101001101010001110010011110110000101011100110000110100001011001001101010000001010101011110100101001101011101100000010
000010110001101110011011000000000000000111011011000011000011000101111000001111110010110000111110100000111000011010101100
100001001101111100010011001010101000111000101000010111010110010110001111001110100001000000011110000010110110100111111111
010000110111010001110110011001010010111101001111000101000100110101110100000011010110110101010001111010101000001000011010
111001011100010000111010000001111011001001000001010101001011010010111101001111110110110011001001110000001001001001100011
000110011010010000111100100011000000000110100001000001110100000111110010111100110010000100000010101110101100110100100010
110110000110001111101010000100000011101100110111000100101101110111110001000000011110100111011010010100010010111001000000
101111001111100110011101001001010110010001000110101111000001100001001001011100011010100100101010000111011010101111000110
110110010100111011111100100000011111000001001110111000000101000010010110010111100000100110000000100101101010101010000111
110000100111000110011001111111011100010010100100000100111001001010110010100100101000111011110101111101100101011110001000
001001001100100110010010000001000001010001001011111010011000100000100000010001001001101101100110010011111100101111111100
100011110000101110011100000101110101000011011110001111000011001010011001100001011101111000110100000010001100111001100000
100011100111110101100010010000111110111100010000010001000101100000101001000001010001111111100100000010000011011000110111
010011011100101101100011110010011001000001110000001000001010101000100110001110000011100001000010010111001010111000101011
010101011000010001010101111010001000110010000101000110101111000000111110101001011110010100000100100010010011000101000010
100101110110001001100010111001110101111100010100010010000100011101110000001000101011011101110011100100110000010111010001
110010001000010101001000001111011101111101101110010111011000110010110000000101101111000010010010010100011000101001010111
011111001100110001111000000000111100001010111101010111011111001110100000110000001011000010110110010000010010001011011110
000011011100011000010100000001110010000101000011110111000111010010000101000100000101010101100010101100010100011110110100
111100010111101101111110110011000011001010001010100110110110010001111000000011010001110101000010111100001110000000000010
110000001000011101000001101110001110111101001001000011010001011100010100010010001111010100001011100010001111100010010001
001011110111001100110111100011100101110011001000000100001111110011001010100001100100010101100101101100001011001000010000
110010011001110100000000000100111011010111011100010011001011011100111010101100101101000000100010000011010001110001010011
000100001101000101001111000100001000101010100100111001000110000001011001110100111011001111001110001001110111111010001110
011111001011100010010000111110001101001001100100000000100110010100001110101110100010000101110111001010010101111000000000
001001000001111000010110010011000100001100100000110000101000101101100101010010100000111111101110000111000100001110101111
010110000010010000011111111101011001111000011110011100010001011011101100101101110000100110011000100000000000010010000001
100001000001111010001000100010011101110001110010001100010011010010100111001001010011001101110110101011010100100000011110
100000001110001001011001100100010000111000110000001011001001010011100110100010101110000011110001111010010001011010010111
000111001011100111111110000000000001010010010010100010010101001001101110110011000100101000010010011101010011000000010001
100001000100010100111111101010010111110101110101001110001000110101001110010111001111001110100111000001000001100000000101
110000001110001010011010010110011010011000010100001001000110000100101110010100001000000111100100110001010000010110101011
100111100011010111001010100000101000100000010010110101100100110001111011001100000101100000011101010010110110101111010000
011000000111010011000000001101110011111001001101101100101111001001110100001100000000101111101001000110110001000010001000
000010001001000010100001010100100101101010000000010000010010101001010101010001111111101010111100000111110101011100100000
010000010101010000011010011011001111110001001110100110010010001101011110001111111000101000001100011101010111111111010000
001010100101011100101001011000000100001101000101100111001011101001100001000010000011010001110000101100101111101000011100
100111010010100001110101001001100001100011101000111100001101111000010000000100000010110000001110101100110000110011110111
000111010111010111001111101110101011011000011010101011000010001011101101010001110010100000111011001101010000000001011110
100001110000100010011100000111110110110000011000001010111100000001110000100010111100110001101101111010010101100101010100
100000100110100010110001100000000001010011101011110000000011001111001111000000011110000101100101010001100001001111111101
000011010101000001011010110110110100001100101101001001110101010111010001101011111010001011100000111100110100000010001010
011001000010111010011000000100101001001101101100100100010010101000110111101111010001000010111110110010100011010101101000
100000101100001001110000011010100011100101100101010000110110001000010110011101001001110000010100001001011101100010111001
111000110110101111010010101000011001000100101101101001001001000011000101000000100111011010010001001000010011110011010000
001001101000100101001110010000000001110010010111011001110101001010100010110111001100001100100001100100001001011010010110
001000000010101001000010100001001001001101010101010111000011111111011011100000000111100010010001000001100100001010110110
101100011101101011101011100001000010001000001101111101101101000100010111101111101101000011010000101001110001100001111000
010000000000110010010011001011001100101011011101111110100111000100110110011011010010101010001000001100001001010000111111
010100010100100110001001000101110010000100111110100101101011101000011000101100000011000000000100111011100111010100111001
001001010000110000100000110101010011110010100100010001111110001010010000000111110001101110010011111100110010110100010100
100100010000110100010110101100001001100001101111111110010100101100110110101011011101011011101110001001100100000111001001
010010100001000010000011100100011001111100111101010010110111011111100101011111011010000010110100000110000001110000111010
101111010010011010000011011101100110010111000111011001011010110100110100100001110111101111010010011100100010000001100100
110101011010000011101011111100110011111000000101100000100001000000010000000010000010010011101111111111010011001001001010
010000101010000111110000000110001010000101100001101000010101100010010001111101111001000110011000011001010001100100010001
011000001010000110101110100111001000110101011001100010000000110010001010101110010001100011010110011001110001011010001001
000101000101111010100011000101110011100001101010101111000000011000010011011010110000010011100010010001010110001111010000
001110100011110110110011111001011001111111100110000001111100001010010101110000000010000000010000100111001001001111011111
010111100110110000101001000010011101001100001001110110111010000011011100110101011101110000000101001010111111100001110001
010100110011011101100111011000010000000110100110101101001110010000011101010010100010011011001010011010011110010011011011
111011100011100000110011110011010000000011010111101001110010101100001010111101101000001000010011011001111000100101110010
010010101010010110110111010001110000001101001000111110000011110111000010000110100110010111111101101110000010011001001111
011001010100101001100100000011100100000001010111000101011001001011111011111111010110111100101010101000010000000001110111
011010001110010110100010100110000100110110101000001000011110011011011101001000100101001000000101010111011100110100001100
010000100011101110000000100001110111111111010000100101111100010110000000110101011010010001000100111010111111010101010000
