1010001110110001000010111000101000000100000011011000101111010101000100010011000111110110001000100100011011101001000010110000001100
0001000110100010001101010100000110101001000010111101100000010011010000010000010000110110001111001011010010111011100010011001010011
1010110101110000000111010111110010100010011001010100001010100010100010110011001000111111001100001011001101010011110000110000110110
1001110000010101001010101111101100010010100000101000100010011001010010110101100101001000101111001111000011000100011100100010111111
0010000010001000011011001011011010010111011111001011010110000010010011100100111101101001001101101011010000000110011001111010011011
0000111011010111001101010100110000011001001110000001010100110101010111100000101011100101000101111101111001100001010101100101001111
0111110101000111000010001101110001010000100001100000111100100011010100001110010101100011000000000011000101110011000101001010001111
0001100010111010101010100110000110000000101111000101101110011111101111100101100000011100100100010010001110100100001000001100110000
1010111001111100000010101010111001001010000001010000000100011110011010111010101100110110010001101101011010111001010110111010010010
1000000110100000101110001000010101110011110100000010101000010001001010101000001001000110011010110101001110111100000010101010110100
1010111110000100111110000001101110010001101001010000100100010001000001001011110010111100001111100010000100011001000111001011001001
0000000110110010100011111101001000110010011000011000011011110100010011101110000100011001001001110001101001101011110010101011111000
0010100100101111110111100000011001111000010111011100001111011001001001010000111000010001101001101111000010010011010000100001000111
0010010110101011010111100001011111000110000111111000011001010010011100100100000101000011011101010101010101010100010110001000000010
1100111101101010100100111011101101011000011100000010110001010000001001101000110001101000110100101011010110011110101010001100111110
0010001011001011110111111001101110010101000110010000011010000100100111110001110000011001000100000001001111100000100101001001100000
1110010111011101000101111101010000111110001100010001000100000010010000100111000011001010010010101011010110001100100101011001011111
1000111101010010100010000100110111001011001001001101001101111011010011100000011110000110111100000011000000000010101010100110110100
0010011000000100100011101100100110000110001101101010100101000011010111100100100010111110010111000001011010000000001110011001110001
1101001110110101001000000010100111110001010011001100101001001000110001101011110110101101100100000111110000111111111000001010101001
0010011011011000000010101100010101010011001100111010010101100011000000010110100110111100101111001100010101110100101011000001101001
1100100100010001001100001100101110001010101000111001001100111011100111010000001100000010011101011001101100101010000011010110001010
0011111001111011011100010101011101100001100000000001011101000111010000010111101010001100000100110010000101010001101110011101010110
1011111000101110011010100011110010111011001110001110110010000001111010001110001110001000101001100111000010000001100000111100111010
0000100110101000100101111011101001000101100001101110001010100110100101010000000111001100000010010001000100010010100100110101000011
0100011011101010101100000100111111100100110110110100110000000100111001101000111000010110010000010100100110001000000000011010001010
0010010101111000000001101100000001000010101010010011100000100100001000000110100001010100010111010111110011010110111001000010100101
1011101111101110001110100001101010001111110010110111101010110000010011110000100100000010000001101001010001111001110100101111010000
0111000000100001011111001001000101101001001001010000010011110100101110110000110100010101010101101111000000010011111011010000001000
1100001000111000100010001011001010010110110001110101001001100000010010010101100111000010111010011000001001101000000001110100101001
1101001000111010000001010010100101101101011100100001001111000011000111001110001000100111010001101100010011010111001100101001010000
1000110110010100100000110111000110101100010001100010011010001011001000010110111011101010110011011101111010101001010100100011001001
1101010110110001000001101100101011011010110010000111100101100100111010110010011100100001001110000010010001110000101000101000010000
0101101111010100111101101001001100010010111010010011111010001110001000001000000111110101011011111101001111000110010100101000100000
0010111001101110000011001100100010011010101100101011000011110001110010000110010010100101000000111000000011011100100001001011011100
0110100000100001111111110110000101011101000100000111110000001010011100101010010100101100011101110100000101001001101100111010111101
1001010010100010110110011111011101111001000001000000100010100101001011001000111011001000010011110000010001010011000011010101110011
0001010111001110001001100111010000100000001100101010000011011101010000101111011000000111001100010011011110011001010101010101100001
1101000011101110000011110001100001101100000011010000111011111001011110100011000010001101111100111111100001100100010110010100111000
1101110000010010100011000101011110010011100010100100001010101000001100001001000000011010011001111101110110011111001110010101010000
0100010000001010011110011100011111111100100001010010110111101010001010001101101011010000011101011000100001111111001100101100100010
1111101101101000010101001001100000010000100100000000001100011000010000100111011100011101100011101011001110000011000101101110100111
1110110110100000101000111001100010000010011100011100011011100001110000100010011010101000000000110001100010110010100110011000100011
0000111000010011000111010100100100000111111101000000100111001001011001110111100001111000000010000000001111010001100101111110100100
0011001101101010001010110001101001000100100011100110000111000100000101100100100000010000111111100111010001100111000101110110001010
0001100101110110111010001001001000100011001011100011100111001010110000010110000101001011110000100100011111000100100100101011001001
0100000111100100000001110101001110110010000101001001110100011100100011001111001100100000010010110011101111011100001010111101101011
0100010100011001011011111011101000010100110000110010000101011100010010100110011000110000110100101101000110101110011000000011100100
0101000111001001000111001111001110000001110110101111110101100111001101001100111010011100001100000111011001011000100100110100000001
0011110000010100011101100011110000100010101110000001110101100000100000100110100000001001111100010000101000001000111100101111000100
1001011110000011111011001010101010010001101100110111111110001111101010011010010110100000011010100100011000111101101000000101100000
0010011111000100011101001100000000011100111111111111010000001110101000110000110010001000001000110100100111111101000001111111011010
0100011101010000001001000000110011111010010000101111001000001110010111100110001000000101101101001001001100011000111011101011001000
1111101001001000101011101111111000010100110000001010011101101010000001111100010011100001100111001010101010000001100011101100011101
1101010000000000010000101111101111101110111010110101011011100010001010010000010000010010100011000010000110010000010111011000111011
0001000101010011001011001011010111100011011000100100000111111010111001101110000011100001101010000000111010011010100101110000011101
0110000101100101001000001011100100011011010111010100101010100001000101001011111100001111011101100101111101101001011101110100001100
0100000100011010100010111111100101111111011000011010011000110000000110000101101100000101001000011100100111111010100010010111110110
0110010101100011100100000000010010011011111110100010011000011010100010100000010111000011010110101011001010100001000100011100011101
1100000101111011101011101010010011000100011010100001011001011100110000110110010101000010110110010000010110011000100010000011010010
0010100011111010000010010011111011101110001001110110000101101011000000011010011101100001000101110000001100001100111011010000011011
0101000000011001001111001011001101100101110010010010101100011000101001001000100000110101100000010000100110000001110111001101111000
1110010011111101000001101011000100000111001000001000010010001011010111011100001001001001001100010101101001011000111101010011100001
0110100101011100000000011110010110100010101100011111100010101001010000010010111101100000011011000001010001011000100110010001001100
1111100010000101101101011100000101001001110010011110101101100011001011000000101100110011100010010100000011110000001110111111101000
1111000001010110111000001010110101110001100001011001011100101101000011101111110100101001100011101010110110001010001000010011111100
1001010111001100101011000011001000101001101001000000010011100010111111010110000011011100110011001000011111000001000110000101001110
0010000000111111101100111010010001101011010111100111100101100000000000010000101110101000110100000100011010101000010100010100001100
0000000011001010010001011100101000011001100111111000110000100011011100001010000000010011001011001011011110001010010111011111100011
1010000101110100010001101010111100000100010110000000001001101110011000001011011100011010001110001011010010000010001101000100101010
1000001011100000110011100010000100100000111011101100111100001000000000010000001010100001101101010101010001100111010100011001100110
0101100000110101000100011110001010000001101001001101001000100010100011000000101101111011010000011110111011001010000101000000000111
1001101010010100110000101001001010010010110001000010100000011110101101100001010000010011010000011110000100001010110011111001100010
1001000110110111111010100000011010001000111011000001011000001011100000101010001000010111001100111001000110000000110101010000000011
1010101001011100001011010001011000101001001001110011010110000101001110111110011001101010111000010100110010010001011110111101000011
1001100101110000000010100110100011101101101111011001000011111010010001100110110001000001110111010101000011001100101010011011101111
0011101000100011001110010101111010011110101000010000110000011011111100011100110101010100001111001100000100101100000110110101101001
1010011110011100110110110100001100001111011000000001011011101000001011001010011000001011011001110000111110001000100110010110111110
1101111100000111101000000011010010000010011110001011101011001000001100110100010010011011101000000100101010000001000000110010000011
0011000010101001110100111010100110001111101100011000001001111000100000011000110000011100010011111101000100001001011101000010111000
1000000000110010001001101000010001100110110110011101000011010011101110100011000100010001111000101101001011011001100100010000111000
0001111101000111100101000101101011010100101111111010110000011000011000101010000011010100010100000111100011100111111111110000110010
0100001111001010111101101001110001100100011101101111100101101001010010110011001010000010010011001010110110100000100011010110101011
0001110100011010111100110000001001010110100100000110011011110000010100000001100010001001110111110010000010100110010100100001101001
1110111101001111100000001001111110001000010100001000010001011110010110001101111011011111100000010011010000011100100000010011010011
0110000001000011001000010000100100110010100010100111100010001000110111011000110001001001111110101010000011000101111101000100010000
0000010111111010010000110010000100111110010000001010100001010110000010011101110010001011000111110100000110110001010110101101011101
0000100100000001100101000011101010110010110101110001100011001111110010000111100000111100111111100010101110011111000000111111010011
1101000100000000001101011001100001000100001101001010110010101101101011010110111001101000101111001101100000010010010010001101000000
0111001110100001101100000011011100101101000010110111000101001010010000101110110010111001010010100000010010101001011010001011100100
1111010010000010101111011000100010111001101101001100011100111110000010010101000011011001011101100100100100110101000000000100001100
1100101001000000011100101010010010001100101000010100001011001111011101101000100000011100010100000001001100100100110111001000111001
1111100111000001001111101110010101100000000001001000110011000101111100110011110101111001001111011001000000000100000000010000011111
1011100111011101011100011000000011111101001000000110110000111110100110100110011010111000010000110010001010110100100000101111110000
1100001010010010111011101000110101111101000101000000100111100001111110011010101000011100000011010011001110111001101010100111001101
0110101010111001100111100001111010010001110011011111011001101001110000001100100101111001010000110100110010011001100000001000111110
1101101101010000011101011001100100111000010000110010111110110011011001101001001101001110111010110001001010100010000111010011011000
0011101010100100101010011000101101011001100001100100101001110110001100010000011001010111011011000110001011000101101100111001110101
0110110101011100100110100011011001101111001011011000101100111010100010010010000100110110001010000000110001101101100110110110000101
0010101011011101011101101000000100010010000111001010100001100000001100011000100110010010011000101011100110101111100101010010001000
