01001011111100100111011000000110110110111111001100110000000000100110001101001010000010010000011100000010000101000111101111010000000000001000000000110010111010011101110100111000001101100000010010001001
10101101001100101001010000011110101110100010100000101011010100010100111100111000001001110111001100101000011001010000101010010000001000110000011010100110000010111000110101010110101001001001000001001000
10011100001111010011110000011111101110001001111010001001010010100001011110010010110001000000110001101110100101101011111010000110000011111000010100011011111101010100011011000011110001100100010010010111
11001100101011000000101011000110111101011100111010001100100111100100000100010000110001101111011000010110110001011000010100111000000100011100111010110110000011001100101001001001010100001100000011010000
11110101001001111101010001001101001000001001111111001110001101100001101101100110110001110100111011110010111001111101010001000010000011111001001000101100011001100011110010001100101000111000000110010101
00111000001010111100010011000001000100010001101111100111010110010010100110100000101000011010101011010110001110011000110001011000010000010001101010111101100010110011000111101010110001010000101010000111
00110010100000100000010010010101001110010111001111100001001011001100111110001000000010100000000100110010100000011101010011010011110100010110010000101101001110011111110000010111011010010011000100001001
11100001000100010101100100111100111111101100000011011110011101000110100100010000001000000100100100111111000001100100011000111101011111011110101100000001001110000100000110101001111011100100001111101111
00111001101100101001011100001011001100000101100110000000001111010010101000110110000000011101010000000010101000110101100001110110111001110001011010000100010001110100000100100111111001000111011101101000
10010101100100111101001011100011100000010001110110011101001111111000011010000000100101000111001100100111111010001001000010111110101101100010100010000000010011101001010010110001001001100011101010011100
00010010011001101010001010111011011011011000011000010010101100101010001000001010001010111001011011011000011111001000101111000010000101010101011100101100111010001000111111011011000001001010100100010011
10010000010010001010000111000011000011010001001101000100101101111101010100001010111111101111111110101000011000110000000010000000000000110001011110010101101100000010000100110110100110101100101000110000
11000110000110110001110000111010011000111001100101011001101001100000101010011111001110100100111011000111001010000100010011011001001000000001000001010001000111100010110100100000100000000110011010001010
00100000101100111010101001010000011100011011011000100111000111011001011111000010000110000000001110010011000000011010100010100100010110101100011010010100000001100001000000011010010101001100101000111001
11100010101100010010010101001110100000001011101000011000100000111100110101011100001101101100001110101001100011010100011111001110000001000111010011110011000110000011010011011011000000010101101100011101
00000111010011011001010000000000010101010101010010110011011111000001010011011101101010101100011100001010101101000111011010011001010101001110000010010110110011000100100100001000100010001111010001110110
10001111000010100010000110001001111000010101101000101010110001001110111011111000010001011011110010110100010001001110000110011001111111100000100100010000000010011100010000001010000100011011010100001011
00010000000100110110011100001101101100001001010010101110001111011110111110011111110010010001010111010010010000111000001000110010111100001010110100100000101111010000110100111110111010110101101001001100
00110100111010100101111001001010110100101010011101011100010100011111001101110111010001010001110100100110110011101000111000101110001100111001001000011110010001010111100000011001001011111010010100100100
01100101100010001111001011100101101100101000101010010101101110101010001010000100100000111111100100101011000110110000000000100001111001010001011001000000100100111000010110101000100100111010001101000101
00101001011111101010010000010100010101100011000010000110110000101011111001110101110010111001101111110000000010101110101001011010000000000001110001100011110000000100000110111000000101101110000011001100
01101000100011000000000011000111000110001100110011000011101011110101001000110010011000001011000010101011011010100010100100110011001001100100011000011101000001101000111001000001010000011111000100100001
01011000001110100010000010010000110100010110000000001001100111001110001010101101110001011011011100011101001100010001010000011001110011100011000000000111010111110001000001000101100101001100100001001001
10100000110011000111100010010011100100001010110100000111010001110001100010011011111111000010100101111000100101001011000011100010001010100000000100001110100000101101001000110110001111110110011001011010
11100001101111010010010000000001010110101000000011100110001101011010010111110010110001010101000000000001001010000001110010100000000001001100001101110001001111000110011100100100011001010100011001111000
11011011100100011011101001110001000000101100001011100000001000110100110000111001101000011110010101000101010100001001001110010111101101100010001000001000000010001101110011010000001100000110001100101000
01010011000001110000001100101011000000110001100000001010010010101100000111100001001100110001011011001000110001001011010100010100000111000000100010101000010111000100111011111011001010101010000000110110
11000010001110110100100010001001100001101010101101010111010000100000111110001110011110000110010111000111000010000000110100000101011000110000110001111101100100000000111100011001001110100100001111110001
10100011111111100001010100010000000010001000000001001011100100010010110000000001000001010011011110110010100111110100011011010110100011000011010101100111100110010011101111011011010110001101011010111000
11000010100100100011000011101000101000000011001010100000111100100001000101100111110001111101110000001111010010100001010111100010000101010010000010000001100000100111001101100101110110111000100001101100
11011011111011000010011110000111110001110101010111000000011010010111001011001110001011011000001011100100010110010101011001001101010111000100010010101001110000101011110000100001001100011110010011100001
10001111101000110010111110000001111101000001011000010101010100001101100110000010001010101011100111111110010101100111101001100111000001100101000010000101111110110100000111111000000001111100110010110100
10011001100110100000010011000000001011100001001111110110010000000110010101100111011100101011000011010110100010000100000100010010000010101100010101101111011001111101011110000000010011001100110000010100
10110001001111110111100011111010000011011100110101001100001010001101110001001000001111101011010011110001001100100000011110000000011100111101100110000111011011100100101000011010101010101001001110001100
00101000100100000010111011101010100010110001010000010010010101010001101000100110011110011000001001100101101110110100011110001000101000111101100100000000111010001011000100010000000000100100110011001100
10010001111001010010101000001001000010001000000111000100101110110000000111000110001110100111011001011101100100101101000100001000110000011000001000011110010001010101100001100101001100001000100110100110
00100101011100111000101111111001010110110101100100110111000101011110000101100010101011101001110000000001101011010101100110111110110100000100010000000010111101100000100100100111011111000011011000100010
00111000110001100101110101001000011101000100011111101101001110001110110000000101010110111000100010001001010110101100011111010000011110010001100110011001100010100100010000111000111011001000011001000110
10011110001010011000100011010010111001001011010001110000110010011100001101010010101001101100100110100100011111101101000101110000001010011110001101011101001101011111011100110010010011101011110000001100
11101100110100001110101011011001111110101001110001010110100010111011101000001000000000110100000000101000110001010101010100100101001011001011010111011111000100110010010010110111011101101000010000000010
00101111001010010111110101010100010110010000001100000001011110010101111110111100000011001001101001010001000110111101010010010000001101110110000000010101010110111101011100011100000101010100000101000010
11000100001111000100001110110000101001110010101010101101000001111111000101010000100000110000110111110100000000001111100001000111000101011010101100010000000010100001101000000010000101001010000111000101
11111010011011010100001110001001011001100100010100010101110011001000101110011100111100110000101001000100101000001001011001010001010111001000011000001001110110010100010010101110010010101101100000011001
00011100010101001011010011110100101111100111011001110111110100000101111000000101110000011010011100000111010000110101110011010001010000000010010011100010101100101110010100100100101010011100000100001110
00111101011000011000011000010001011010000111110011110010101100100011011011100100110011100111010000000010100101011001101101100001111000001011111010100111001001000111101100010010011010101010010000010010
00100011010101101010100001111011011110110100110101101010101100001110101011100000100111000001010010011100110110011110000101000001100000100111000100101011100100101000000000000001111100110011001101010100
01000001110100010001100101010101101010000110101110101110011010100000011001110000010110111011101111100101010001110101100000010010010010011010010010001000001000010011111000000110011010100111110100111101
00000000000101011010010001000100011001001110001001011000101011110100000110001110010011110101111000100110011100001010011000110001101001000001001001101110000101110101001000000001111010001100011100100000
00000110000010101000101101001111100000010100001001101100101000011011100111100100100100111001101101000001101001000110110011101001100110001110000101011010011101000111011110111111000100111101000000010100
00000000001011110101010111110001010000110110101001101100001011010110000010001000000000001010010011010011010001001001100100100101111001110010101000101110111000000110000111111010111111100100100110101000
10111110110010100001011011100001000101100101100111010100000100010100001110001110111100101001111110100100000011001000101100001110110100101100011010101100100011100001100100000100000110110000110000011000
01110000100101101111100010011100001000100011010000010110001001101101100111001100000000000101001010000000011100001111100110101100001000010001010100100010010001001111101110000010010100110010110011001100
11110001011101011100100001001010100100110100001000000011100010000011100100100000000001100101101110000010001100100010000001110001010111010110110110100000011100110101110110000011111100010001110010010100
10001100011000011010001010001100110111100000111110001001110110111100111111010111110000111001010010001001001001101101101110110000001111000110011111100010010000101110110101000100000000011010101110011111
10001101100111101111111100110101111100100111010001010110100110011000010110100101000000000011010010111000110101100101101011100000100001101101111000111101000100100110100111000100001001100001000010101110
10111000110010101110010010011010111100100100111010001111000001000101110100100101111000110000011100000111000100001110010100000100100110110000000001111111101110001001100100010011000000001101010000110010
00001000000101001010000100110111000101110001011010001100000100101001001011011010010100000110010010010001001111011010110000101110101010110010010001010011001111001010001001010010101101011011100000010101
10000001101000110010110100100000001001010000001001011111010100010010101110000000001000010110100010111011101101100010110001100011101000101110000101111111001000011100010110010100011010111101011011111110
00100000000000010110111100111111011100111001100011101000100100111101011110010010001001001011101001111000111101100010011010110000110111010000110001000011110010010111010000111000100100111111110010111100
10111000111111000010000010001000011110100001000011001000111001011111111010110110111111010110100000011101010000001000110001101000000011000101111100001010101100001010100100101111011101100101111100110011
00111100000000011011110000001001000110001000111001110011100100010111001100100010100000001100010101000000101001100110101100011001110101001100010011110101011010000010001100101100010010010011010100000100
11011000001110010011001000101000111001000101010011010111000011101001100100111011000110111011011111000000111000110010100000100111001010000110111110001111000001001010110011101011101111001011110100000010
11010000110110010110011110000110011000100000111111001111001010110010000110001000001101000100010101001111110110100000000101100101001101111010100111000000011101010101000001110100010001000011000111100111
01010101001110011110100001110001000100100111011111101100010100010000010111000000010001010100100011110111100100101111011000000110111010101001010110010100001010001010001100010110100000001010010010100001
10010000100101010110111001011001101010001110110001101000011110111110111010110001101000000011011010011000100010111110001110001001111110001000001110100100010101110010110001010110101110010001000100010000
10100110101001011111101100010011100010000111110010100001111001011001000100010110110010100111001000101010010101011001110101011001111011100100011001000110000100010010101101100001110001111011010011100100
11000010101010100000000101000001010111100001110100100101011000100000110010010110000100011010001010000111110000001000101100110000110100110001110110111111010100100100110110100000100100011110100110000000
00100010111101011000111000110000110011101001010110101010000000000100100000001100100010001100000001110010010110110101110100001001011001101111010111000010001110001110000110010100010100001111101010001100
11111110101011001010001101010001100000110110111000001011011110111001001000000000010000110001111001001000000111101111101110010000000000001010011101100011011111110110110101010110010010000110000000000100
01101101110111111010110110110111101111011011010000011100010000000001000000100111110000111001000101100110010100101111110011010011011010000100001000110010011000111010110011111000001111111011000100000100
11100111111001010010000000110000010001000001110010001001101010010001000010000000000101101001111010101110001111110101100100100000011111100100010010001001000001011011100111110110001011011010011110111111
11000000010110001001000000011011100010111010001000110100000010011001110100001110101010011010101100111100011101101000011100010001010011100000001111110100011101110001100101111111001000010100110110000100
01011100000001010110111011000100001011010010010001110001001100010100111110111000000010000110001100101110010010011100001101000011110000111101001101100101110010001010000101010010000000001000111100101110
10101001010000110100010111111011101000010110011100001000111000111110010111000100111110011001010010001001111010000101010000001101100111000010000110100001011010111011011101000100000011010100111001001011
00110001010101011001001100000111101010001101011001111100010010101101010010111010100101001011100100000001011110011100011010101110100110101000010001101111011110000010011110101000001000001000000011110010
00001010110100111000000101001101010000010010010110010010001101001010011011000010110011001100010001011010100011000000110101100010001011010001110010101100000010100110110001001000000001100101000110111010
00111110000101101000100011100000101110011100010111101000100010110000111000010010010011001110111000110001110000001100101010000001000010001111000010000010111111011000010000110101100011010001001001010100
00001010001001110011101010001101001100000001111000001111000111001101100101110110100010001001111000110100111010000100000000000110110110111100000001010010101011001101100000000101100000000110010100011010
00010010101001100110111100110110001111101000110010011011111100010000100110000001001101101011101000011110001000010000111011010011100100010011010111000111110110001000000101011100001100001011010011100101
00001001000101110110101000101110011111011110010011111011110110011110101100111010010111000100010110001010010000000000011010100000110010011001111101111010011111011001000011011101100000010100001110001100
01100000100110000100011001000101001101101001010111111000000000110000000001011010000101010110100110100100101100010110011111000100000101011110001111000000001000011101100100100110000001100010101101000110
00010101111101110100110010001101001110101110010001001101101111101111010110000100101100000111000001010001001100100101101101000000001101110011100111001100111000100110001001010011000100101010001010001110
11011110011011011010100101011010111010010000111000011010001110011010110010010101011000010110001111100000110101010011101110100111011011001100010010111100001111001011010011010000010010011010110000100000
00000000010000000010001111011111000111001100100100100001110010010110000010101110110001000001100111001001100010010011001101101000101000100100000111001110000111001010010010000100100111110001101010000011
11000111100000001000010110111101110011100101000010111101000011011011101110100000110001111000110100101100000101010010000000011010000000100000110000101110110011011111111101100100010011010101000010101000
11011101110110100011010001100100000001110101001100110101000111101011100111110101110000011001001100000100011111111011110000001010000011000010000110001111001011001110010001001100011001001110011110000101
11111000010001001000000001111000001000110100111110101000100001110110011100010110000100000101000000100100001101001000100100110011101100011111000110000100110000110001001100100111011011110010010010110111
00010011010001000011111011010010101111110110001001001010010010000110011001001100001100000000001101000011101000000011011001111100000001001010100110001111000110001000111011110001010011101011001111111101
10001110110000001000000001000001011111010101100100000111100001101010000101111100011000100001010010100001000100110101101101100001001111000011010101010000000011100011101010000011010111010001100101011000
01100000111110110111101100111111101001111011100111101001101100100101000100000100111011000000111000110001101011001101100100011010010001100010001101000110000000110000011100100011011100101010111010100010
01100100100100000101100000001111000000000010001101011011100000010101011100100101000100110111100111000001100011000101000110001001110010011111110001011101101110111001111100011011001011000001110110110011
00000101001000101100010000101000100101001101110000111010111100000100001001010010100101010100001100010111000101001001111101000010001011100010110110000101100001110000110001111100001001100011011110001000
11000100111001010101100011100111001001011111011001100001110100100100100000100000010111001000001000001000000001000100001001000011011101010110001100110001110010101011011001000011100010010010111101011001
01000010011101001110110001011111111010010011000011010011101001110101010100101101010010010111110001001100101101011011011011111010000011000011100101111001111001000100111010101001001010011000000001000010
01000000011000011000011000110100111111100110010101110000000001100000101000101001100000001101010101000100100000110001101001010100001101011010000000100011100111101001111000001001100010110110110110000101
11111011100010111001000110011101011000111000100000011100101110000011001011000110110000101111100011011100101101100111111000101000000000111111101110001111000011101001010000010000001000000011010111011011
11111101011100111100011001010001011111000110000011011000100100001010001101010010100100000100001001110000110000010001000000001101011001000001100111111111000110110010110111100101100010101100000001110000
10010100011010101100110010001000100110100010010110110000111111010111111100101110000000010011000011011001110010001010100110110100000100110101100101010000110110101000100100011101000000010001010001111110
00101001010101010101100010100111000011000000000000110001010010001001000110100100011100111101111111000000101010111101000010001100010000010000001001001110100100110111000100001101111100000100011001100011
01100100010010010110001110011110011001000100000000000001100011110101000101110111001010000100111001110000101111000101100000011111010011000111111001001010110110111100110001011000000100110010100011111000
