0001110000101110000100010000101000101011001000101111110101011110111010110101111101110000101110100010001110111110111011110001000001101000000101110011001000100001100000101100101001100000110001010000100111101110100111011100
0110111101110110000101100000000101000110011000110110010110100011010100100101101100001001001110000111000000111100110011111111011001011000100101011100001010000000101101110101101100001011101101000000010110010110011110100110
1001111001001100000000100011001100100010100111001011010010001100100000010101000100011010001010100111100001100110010010100100010111000100011000010000011010000101100111000011100100100110110011001001010000100100010011010011
0010100011000110001100100111110111011110010000000001001111101001101001101010111111001101000111001110000100101111100100110000001000000100110111011011001111000010010111011001000000000100011100001011110101110101001001111100
0000000110001100000010100010010000010110110010101100001010000101101010010001000000110010010110010000100100000011001010110000011101100000111010101110100101010101010001110001100110010010101101111110010011011011000000111101
0011110101010010100101001000010010010100100000101100111010110111101001110111000101100101000001110111011000010011101110000010011101000011001100111000101110100100010011010011110101100010001100010100000000100100010101001001
1101100010010100101010010000100010000011110001111011100101001011001101010000101000111000011011001101011100111111111111110000100000011100001101011000100001001111010100110000111110000001100000110100100001001000111100110010
0100101011001001010010101010100100001001011000010010101100100100100011001010101010101110000100101100110100001011101000101100101011001101010001100000000100000010101000000110100110011100000000110001101100010100011111010000
1100001000001000100100110101010011000110011111111000111010010000011000111011001111101111101100111101000000111110001110001100101000001111110110000000001100001101100010111110000011001010101010110010111100000110100101000011
0001111001011110001000111100101001000100110100001000011100010000000110010010000100100010000111101000011010101100011100100001001010110110001111100001100100100000001000010101101100110010110100011111011001000001011100100011
0011000010000101100100100010001101011000001011000010001000001001011010000011000110111100010010101101011110000111110011100001000111101101011011000001011010001001111001000000100001000000111110110101110100111000100000000001
0111001010101001010111100101111101000111000101000000000101101010101001101001100101111001001100001011000001100100100011101100010001011110101001011010110001111100101000111010110011111110000010011001001100011000000111101010
1001001100000000100100010111101111000011100100101001000000100110000110100001111011100011110000011011111001101100100000011001111010100010111010001100101000100010101101001000011011001101010011100011000010000100100000010010
1010111001010010010001011110100001000111001000100001111010010000110001011011100000010100000101000100010101001111001110011100110000101110100101011111001111011011010010110110100011100011010100000000111010000011110011100111
1100011001111000010101111100001110010000100110010010000111111111110001011101010010100001101101010100000110100100001100000101001111010110000000011111001010001110011101010010101111011010101101001000011000110101010000101000
0000000100111011000011001010101001000011001100011101011000110011000111111111010111111011001000100100111101000110001001010111100110111100100001001011100110100001100111010010010000000100111111000010111001110100111111100001
1001000100010010101001010001010110111010011100001011000001110100010100011010000111001000010110000010100100000110001100010001011111001000110101000010011110011001001000110011001100101101010111100000111011100100001011011001
0010111100111010010010001100111010011101000010110001111001010100000010101111110010010101011000111101100001001011010010101000010110011100100011000110101001001111101100011001110000101011101111000010100010010100111100110001
0110011010100010111110000101111110011101101111000001100100011100001001010001111001100000000000100110101000101001100111011000110100101010000111011010100001110000100010111000100010011001010011110111010100011111010101010000
0100010010000111111001000001100000111111110010101011101010110011110001010101000000110010101101101111010100111000000110110100100000101110000110110111100011001101000100101000010000010100010110010110110101100010000101111011
0011000111011100110110001110111000111010000010000011010010000101100100000011000011000111010011101100010111011111000001001011011001101011001101001001111000101010110000001011010101010000110110010110001011111100000000111000
0101101110000010011100000010011111100100001010000000111100010010100000100000001101001010000101001011010010110110101011011000110110111111101111111100001111101111011100001011011001110010001011100011111110110011000000001111
1001000110011000100001101111101111000100110111101011110010001100100111000010100111110100000111101110111111001011000110010000011101100000100100101001100000001001100010100011010100101010101101000010010111110010111111000110
0010110001110010000010000110011110001001100010111010101001001110110100000000101100101010000010100001011101011100000111111111000111101000101110011101110110111011010110111001110000011111000100001011100010101011001110001010
0100010111101010001110001111000111110011110000101001100010111000010101001001010000001111100000011110011001010000101011011001111100000001110001010001100000110010101001011110000001001001100100101000001101001110010010110000
0000011111011010101000010001011000001011111101010110000010111101010101100000000011101101110000101101000001011000000101010101000000000011000000110000001000101101101000000101010101000011000100110010111000001100010100101101
1100010101000011001110101010001101010101101111010101101110101010111100010001010001101001111000100000001000000001110111001100100011101110011001001101001000000010101000010111101000101011100001000010010110011011110111100110
1010000010011000100010100001001010010000100010000010110001100100000100000011110010110000111010000111001001100100011101010111110000000111001000111000110110101001111000000010011011111011100000010010010111000101010001000110
1010110100000101001001101001010010001101110011001100111010000001010000111001101000010000011000110001011100001011010111100000010011110111111100101110000001010010111101100101010010011010010100111001010011000011101000001100
0101101011000101000010111111111010110001101011011010010110010111010111000000010110110000001100000110101011011001100001100011001010110111100101000010010000111110100001001010110001011000100000110010000101110001001000100111
0101111001010010111010110110010010011111101000100110000001101011100001110011011010111000001101001000000101000101100000000011011110010000100110110011011010011100010001110111010101111011000101011111000110000001101111010111
0100010101101110110101011111010001010011100000010100010010001011010110110010100111110000011000111001000110001110111111000010000101111000101011011011010111111010010100001000000000010000000100001110001101001110010110010001
0110110011000010100110001110001000111101100101000111111001001010000111101011001011111100011110110010010100000100000000101111010111011110001101000011010000111101101001100110011111001100101111011100100101110000010001001101
1001010000111111100001101011000000000000010101111101010010001011010110110001000110101111110110111100011000100101111100110001100001101101111011100101100110010000110000010101110000110001111001100001011110000100111001010110
0101011100011001101111000010101010010001001110011110101010111110001111101000000101101100011100100110000000111110010000111000110001101000100010101000010110101111111101001101001101100110010001101110000110001011100101100001
1110110000000111011101010101100111011010000000001001000100101001000111100000110111011001110111011001110010001001010101101100010001101010010001001111100011010000011001001001111100110011000101110101101010011101101001101101
0010010000101101101111110110001100100110011100001101000010000000000111111011111100000111000010011000101000100100010111110010000100010010000110010000001110111011110001011001110001101000001011101110000011100111001010110001
0000001100000010101000110000100101000000000001111000101111111111110110001011101101001100001100010001100111001101100000000000011011111100010000110000010100010100101010110010110001010011010000011110011110010000110001011010
0010000000011101110101110000000001110001100001001100100111110100110000000010011110111010010000010000101100010100110011000000011001110000000100011000011100000110101010001000110000100010100100110100110000101110111111000111
1011000001110100111001011000100111111011000010000001110010011011101001001110001011000011111010110000000001001111101101000010001100000011111001101101010010100100010100010000100110110001011011100001110000101001101111110010
0110000011101100000110101101100100000110011111101110000000110010000100100001101010000001001111010100001011101110010001010101001010111001000000101001111011110011001000100100001011100100100011101001000010010011101010001000
1100100010010010111010100001010010111000101010101011111001010001011001101100011100110001001001100100111000011000111100011001000110101010110011111111100000101100100010110011001010011010101101001111001101001011100100100101
0100100000100011011001001000111010101101000001001010101011000000100001101111001100111010110011111101001010000101000010001000101111110110100110001001100101101111000010100111100011000010001000010011100110101110111101000011
0011011010110000010110110100110100111000111100110100001001111100000011000110010101010111000010010100011000010010100100000111001000110101010101111101110011100001001000100101100001111011000000111000000100001101000100010001
0100100111110000111010111001010000100000010100001011000110000111010001001111001110011001001001010100010111100101001100100100001100111101011000111110101101101000001010001110101101000011000000011100011010001100000000010000
1100001101100001001001100011111111110100110000111011011101001001000110001011110110101001010001100001001100100010100010110000101100010011001100001100101011001000110111001110010011111011011010000101110001111101110000011011
0010101010000100001110110000111110100010110000110001101001000000111000000101000001001100011001111100011010000000010110100110100110001000101100111011111111001011000010000001010111101000101010100100000110010110000100110000
1010101111001010000001101011111000111000000010010111101010000100110010011110010001000000000101000011010101011000100000010000000110001111011100100000101111000000000110010011001011100110001111000100101110010111000000101101
0000110000011000101111011011100010010110101011101011000000110100111011000111100110111011011001111010001110111001011001100101010100001001111000000000110000000100111001001001000010101011110110011100110101101011001110000101
1000010000101111100001100101000100001111000011000111010101111000100000110111110000000110010001001100101101101100110100010100001110001011000001011110100011100100000010000010000100000000110011100011101000011000101100001001
0001100100000101000110011110001011010001010101100001010010010010001100101000100011010101000011101111010101111100101001101100011100001111000000011000000010010010111010110000000110110001100001010100000010000110100100000111
1011000101000101011100100001000110000010000000001100001100000000000000010000111101110001010010000101111001010100011011001100000101110010110001111001010111101100011100111100110000010011111100111001001101010010010101011111
0010010000011101110010111001000101010001110001010100010001110100001101011011011111001000010011000101111010000100111100000101011110000111100010110101010110000001001001100011101000011100100011011100100100001111111001001011
1100110000111001101000111010000001111100111111100111101101001101100000101001111001100000010110101000010010000110101010101101011100000110000010000001110110111111001100100010110100010000000001101011100100101111000001011001
0100011101101000111011110110111011010111000001111110011011001001100101100100010110101011001100001110000000001110010011010001111001101000110111101101101000110000011001001010001111101100101010100011001010001010101010010001
1010010001101010010100001000100010011011100000110101110100010110101100010110110100011100000100111001110000111010010000010011101001110110000101110110100010000100111111001101000000001101011101101111000011010000001101001101
0010000111000110010110010100100000001001110110110101010101100000100110100010000100010111000001110000000001000011001110011010110100000010110111000101101010011001001001011000001001111001101000011100000001101010101011101000
1001000111100100101101111111011011000011110101011101111011011110010100001010011000101110010011001110000000000000110001011001111001000010011000110011111011111000010010000010110111101101000100010110001000101110000110001010
1101000010001001011011100101100000111001100010011111111001010110111001010111111110001000011001010111110010101001001000100001111100001110101011110111001000001001001001001100111010100010001010110110111000100111001000001001
0111110000010001010001100110011101000101111111100101100010100011011111000101010111100010101100110010011000000101000010001011110100011010101011001110000000000101001100001001101101110011101100111111010110000100100000100000
0100010010000000100011000101001100100001110001000000110110111000010010001111100010001110010110100111010001100101010001010010011010000101011000100001100011101011101100010100101001110111110110111000001000011011000110000101
0110100001010000001010111111000010000001010110101001101000000010001000011011101110001110001001011011000100011000100011110110001011100011111000000111000100010000011010001101011011010011010001111010111101100101110101001101
1111110011111000110100011011100000101111000000101001010111001001100010010000101010010100111000000110010000011110011001111010000001100000100001111100100100101000110010110001001000010010010100011000010000110101011001010100
1101010011111011011000010000010101000100100101101111001000100001101001011000100110010001101010100011010001111000001010000100001001111000000000101000000100011000001111100100100010110100011100000011001110000001011000110011
1010011101011001110111001011101100011000001110101111101001011000001111011001000101100000100001101000100100110100011000011010100111100000100010101010010110001000000100110000000010100011100100000000000011010111011000101000
0011111011110000110011101000100110111101101100111110111101100010111101010100000010001001111011100110011111110110000001100111000010000000000010101010001100100100100111100110000010010010110111111011011001110110000101001100
1100000011100011100100011010100011101001000000011000110010100001011011000000011100011111111111001001100001011100110100100000001110001110001101011111011110110000010111000010101100100011010000000000010100101001101000001010
1111010110010010001000101100001001011010111010110001001010000000010000101000110100110111110011011101011111001110110000011101101100101111101100100111101101001101100010000100100111000001110100010111110010011101000010110000
0010101001001010011010000010010111101000010101110100101110000100100001100110101010000000011000101100011000100100111100100110011000010010110000000111001010001101101000000110001110001011000010001011110011000100101100000100
0111101001010001011001000011011111000010111001100000001100010010100001100111000101011011100010110100010101111001011010100010100011101001101100011001110101000010010010101000110111000101011010001011101010111111101000001000
0101010000101001001001001100101001010100101101011000010101000001110110011100000011000001000000010100110101000111000111111001100000100100101101110001000111101110101001100001101110110001010100101011000001010111011101100001
1011100110110010100101000011011011001100111110101010100010000111000001100110000101000000011101101100010101111001000100011001100100110001011101100011110101010011000001001101000010100011100100000000010100010110010000111100
1010100010000100111001001000000101110100111001100011000000001011101000101000110011100100110000111000110011001110111000010000000001001000010010100110100111011101100010100001001000110010011010000111100100001110111010100100
1101000000001100111101110110001010101000101100000000100011011011011001100010000011100011100000111011100110101101001111001111000101011110001001111011111110000010100001110011100000001110000110101100111001011000001101011001
1111011000000001010101111010010101010000100111001010011000101000101010000010010000011100011001010100000010000011011001110101110001100110111001100100001100001010001110011011001110000110011001100100101010010001001110000101
0111111100001010100010001111101011100101010000011001010011000101001001000100100000011101000110000000100111001101101101110011100101110111110111100100010000110001010101010110000000110010000110111111101111111001111000101010
0001101110100101001010011000100011101000010111000111101011110010110111001001000000000001110110000011000100011000000000000011110010100100010001110011000111001110101111111001101000110010000110010000100100010001000000100000
1100011000001010001011100111000101000100000010110000010010101110010110001001000101110011010001110000000110001011101110011000011001110001001100000110000101001010101000000010010110011010000000101001001010101101100001101010
1001100010111111011000000000001100111111000101000011101001100010000010111101111010001100011011001001001001100100110101000110101101110110001111000000100000111000010000010001011010001101101000010111010100111011011000100101
0000011010010101000011100010001010001001011010000111100011110011011011110011101011010101000101100001110100110001101101000000001110011001010101101011000111010101000111000110001111110110001100011011001000001000000000000010
0010000101100101010010010011000001100000110000100101101001100001000010000111110001000000111000000111011111100110101011000100001001010010101111110001110000001000011110110011100100011011011001000001001110100101110000010011
1111000111100010111111111000110101000001011000100011110001010001001011101010110000000100110110100110011101110111101010001010101001000110100110101010100110011001001000110101011101100001000100101110001101101100100000100011
1000111000100000011101001001010001000110110000100111010000010100001010101001010001010111111100001110111101101001001111001111101010111100101011110000000101110010011100101100010110001101101110000100001011000011111011111010
0111010000010000110101100100100110100001010001010111110010010011111100010011110101011111001000100001111100010000101011101111000100011001000100000011010101000000010001001100000100000000000000111111001101001111000010111010
1011101000110010100101101110111010011000110011110100001010111000010001010110110011110000111001100100110100100011100011101111010010000101011111011000001000001110110101101101000011111110011100010000101000001001000100101100
1100100111110000101110011101001100001011010000100011000001010100111011011101100011000101010100111100100001000110011111000000100000011011011001100110010110111000001001110000101101100111101000010100001011101000101111001100
0110111011100101001111101110101000101000000010011001001010100001010000001101000011110000010000110001011010110001101111101100011011110110111011001001011111000010100101011000101001111110010100100100101101001101000011010001
1010111100000001011000100011100100101100111100000110001111100100111100011110100000011101010101001111100110000101010010010001000101010000011110111000000010100100000010101000101001111110010101011001010000100010100110101110
0100011101101000100000110011001110011001001111010011010001001011111011001011000011010100100010110110110001100110101011111011110000100000101011001011110011001101000111000001000111011110000001010000000100010110010000011110
1011011101100011000001000001000110011000110000100011100111001101001011101010100000100110001100100101010111101010000010001000011011100010000010101011010110101110000100001011110100001010011100110011001000110001100001100101
1100111101010000000010000100100111001010001111000110100111010101000000101111011110100010000000110010101001000101010100111000000111000001100010101011000000011111000100111001100101000001011001011000010110101010000111011011
0111110101101100110000010000001100110000000111101000001100000000010001100111111011001001111100000000100001010000001001100011011100001011100110110010000000001001111110011101100010100000000011001111110001100001100111110000
1111011101011110101100000101100110110101010010000000100001000010100000010101011000110000111101000001000000111000110110001011010010101000100000011000001011010100110101100010101000011100110011100100100101010100011001001001
0000001110001001000111000111001100000000000011000101001000010000110101000110001001001110011111011110011011000010001100011001101010001101011010011001101011100000110101110110001101011010100011000011011000110110011010110110
1011001010011001011000101000000000010000000100100111101010100001001100011110101110100010110111011001100100011010111001101100011011100101000110011000000110110100101101110011110101010100010010011011100010010101010110010100
1110100000111100001100111011110010100001101101111010111111100010110011110110100010000000001000101011011110001010000001001111011001000000101011111000011010100100010000111111110011111111010010101000011111100010011001010100
0111101011110101001010110100011000010110101001100011100011000000000000111100010111000000011110010001100110001001001000011101000000110010110110101111111000110111010010111100100000101111011100100000101001011011010101101000
1000101010000001100000011000110001111000011110101011110000010001011100100000000100000101101000001101100001111000011011111101101111001100000010100110001110000000101010111001010101000100001000010100010001111010101010010100
0000010100100000011011011010111001001100111101000010101100000000110101000011111011111000001001011011100100111100011010110110000101100001010111000100110011111101000011010000101000010001100110111010001011001001010100110010
1100110010001100010011100101111000101000110101000101110011011001101110110010111101100101011111110001001100011010010110101001110110001010011001101101110100001010100011001100000111010101100000001011111010001001001100101001
