111001000010110101010100001011000101000110010010011100100000000000001100000100010110100001000001101110000011101010011011101010010100111010010111001001
010101100111110011100000100100001111001111010111100100010101101100100100001110110101001000111001010111011100110111011010100101000000010110101101100000
101111011000001101001111101010001110101010001011110010000011010001001101011100011000010110001010011111010010100010010000100011111001011111000110010111
011000111110000100010010001010100001101110001001101101100100110000110111001101100010001101000011010000000000100110010000101101011100011101111100110011
010000001010011001000100000000010011011000001101100100000000000011010011110001101011111100010110000001100011111000110111100010111010010011100011110001
100101110001110100111110100010101110001000000000000011011000100111100001100101001100011000110000011111110110010110110111011111101001010001110110100101
001011100100010000000010111010111101111100011101000111100101000011000010011110110001110100000001011110010101111010111110000101100110001111110111100000
010010010010010010001000001101011011101101001111001111111110000000000010111011100001010010010111000000011001000011111101110010000000001011001110011011
111010100110110000101110010100011010100010000011101001000001001011000110011000010100100010000010010100001010011000010011101000101000101111011100011110
110111001001010001011101000001100000100000000110001100011001101110001100101100000010001011110111010100000010111111110100011011100110000101011011011110
001101001100010010100000011101010010001000000111001000000010110000001110011111001000000000100111110000011110001001100111000101111010000010101011001001
000010000100000100110010110000011000100010010110011010111010101111011110000101110101001000001010111100100111100011001000111001010011011010001101000101
110111000001000011001100111011010100100110000101001101100000111000010101100000010000010000010101000110110110100100010000010011101001100111111100110101
011110001100000111000110111000000010100101010010101000010010010010010010101100011100110001001010001110000110010000001010011001000100111010100100100011
110111001110100101110010011110000001010010110100100010101001000111110101111011011100100100001101101011110110000100000000011010001000101101000000010001
100100011111000000100010010101100100110111100001101100011000001001110110011100010000000011101100001100000110101000110110010001011010110110000111001001
000100011000110100100100000110011010111000001110100001001111011110101000010001101101101101111111110111000000110111001011010010000111000000010101110111
100011110000010101101000101011000111101010001001100111100100010100110011111110110101000001001011000000100101100100010101100100111110000001000100001110
001100100100100011110000111000000101000110101001100101100111011000001111011000111011001001001000001111000011001010100001011101111100001001010111000111
011000101000101001011000001000101010001010011100001011111111111101100101001001100001011001010100010101111110111000010101000110000101001111011010000110
110001000001000101100111101000001101001110111100011011100010010001101010010001001111111000111101010000101100010010100101001001101100001110100100110100
000100110100000100100000100101001010111001100000110010100101101001101101000100010100011000001011000010001100110001110001010000001011111000100110111110
111101101000001111001010101000111000110111010010000101010100011101011100100111001000101000001010001011101101110011001001100100001011110001010100001100
010001101100010100111100000000110111111111011100001010100001110010010101100111010100000010011000000000101110001100111000010000000011011100111010110110
101101000100000011010001011001110010010110001000010111110000000100001101100111111110100001010101110010000001100001111001000100100110010000010100111110
000110011011001001001101100000100110100100000000001001111001111100100000001100001111000001000010100001101101010010101111010000110011011010101001000011
000000011010101001010010100000010011101100011110000001100011111001110101000001101111100010111010111000010110101110010000010001000110001100011011100000
001100100101111101101000001110000111110111000110011101010110000101111110110010011000010110000000100111110000111000111000110101000100000010101000010010
100001101000111111001011111011010010110101111110001001101100110100011110000001111000000110011100100011000100000001000111101001111010110000011010001000
000000110110011000010110000010110001110001000110110100001010001000111101011001000100010101111100110111010110100110001110010111010001110010001101110101
101011010000000110010000000011010111100101100011010100001010101010100111110001100001110010110010010111010011101001100000011010001100100110100011111010
101110111111001000000001110000110010100001000110111000000001001111010100001100001100010001111111101001011011010001000111000000010101100100000000110110
111000101111001000011000111000011100000100110101001000000111001011000011001110000011100101001110101101010101101100000001100111101110010101001101101100
111110100010101111010100100100011000110100100101000101110101101010110000111000001001010100100000010100010000000101000110011000111111000101101110001010
111000010001000011000001000111001111010111101110010111101000010111001011101000000001010010001010001011100001100011011011100101100000100000110011010101
101011110111000001000011100101110000100010100001001011100011110010011011011101111000010111001001101100101010000000100100101010110001100010000000001110
011111100101000101101001001100001001010110010100110010100001000101000000001010101100110010100110110100010111010111101001001101101010010101110110001110
000100001001100010111000100010100101011100000111010110010110011011010011000000110011010000100010110100110010010100101000110010011101010100001000001011
010110100101010001000110100111101001000101011100001001101001000001000011001010101000001111000101000111110100100000100010100101011000000110100100110010
101101010110000000110110110110010100100000010010111100000100101000010010001100000001111110000011100010100111001001010011000111011010000111100010100100
111000010101101110010100000011000110010000110010010000100011001001010001010100001010011001001111110100011001100101110000011100101100111000010001011000
101010011111111110100100110100000101011100100000101000010100100011000110100000010010000001000101001100100110111010000100110111001010110000000101101000
000001010000101000000000110100011011111010110100101001001111001110000010101000110011110001111010101001000000001111110001101000011100110100101011100111
110111010011110000000000000000001000100111001110100100110101101000001010110001010000000100011001001010100000111010111000011101010001111111011001110000
110000001001101001111010000000110111100010011100100001010101010101000000101001000100000001111101011100000000110001100010101101111001100110001010111011
010011010000110100110001111001000011010000000111100000001110000111011110000111011101011011011111010100001010101001001010000110001110010110110001001101
110011001100001001100100011111100000110001111101001011011001100111100011000000100101010101111100100000010001011000101110001000101011001111101110001011
110011100110000001001101010000010011001010001111100101000100110011000110011110101101000000101110101000011110000001100001001011010100000000011001000001
001000011111010010101110011010010111010000000011011000100100111101000000010100100010001110000010111000110010101111111110101011100111010011101110111110
100110000101101110001100111011011000011011100010011010111100010011011000000010100000100001010011001010000001100111111110010110101000010101110100111101
101110010011001010101010100100100100100001100100010011110101110111010010001001100001001111000001000111101000010101000111101100000100010100000011000010
110011011101000000101001110100101100011101111101000011000111111110100111110000010101110110000101011100000100111000101001010101000000101101100011010011
000110100100101010010111000001111000100111111001111010110101001011011110010110101000000110100001110101010001110100001000110000001001100000110000100000
101010010110110110100010000101111100000011111001100011101100011000010110100010010000100100011100010110001100011000101110000110010100101000001011010110
101000111111010000000000011111110111000000001011001110101011111100001101010001010010111110000100111101001000010101100100001001010000100001011001010100
101101000110100001010011010000110001101000011001010101110111111100101010010000000111100001111010111110011111001110101001111101000000110100000011010000
001100100110101110010000010110000010100000001001111110100011000010110110010011100011100010001011101111110110011010101101100011101101110010000001001100
001000011001101111101010111101010110100101001100001000110001111100100100100000101010110010100101101010010011100000101000111100110011000111001100001111
000000100000111000001100100100110100100000101110111010101100000010110001011010110000001111001101110000001111010100100001001100010000101100001011101000
110101001011101011111000110101110100101100110001011001010011100001000110000101101011010001001010011101010100001110000101001100110101111000000110101010
100010110000001110011011111101000001010010010000100000111010101011000010101010001101101101010000100100100010001110010011001001100011101011110000000001
000001001000100010000000000110011001010011111100110011111000001100011011011001111010011010111010010101001101010101111100001000000101010010110010000010
100001000110101010010000001010100010010101001110011010111000010111101101010111100111000000010001111001010100100010001101011000000010101000011011000100
011000110110001110101111000010000100100001100010010001001000011100001000011110000001001001101001100110111110000101001011000001010000001010111000100011
001101100111010000110011111000101000101001101000111101110010010110101011000000001101111011001110110001010000001100010100110111101000001010001111010011
111100011101000110010001101001010110011010001000000000111010000111000100000111001101100001000000111010110101101000011100001101110011010001010011000100
000100101000100101100000101110010110001110101000010010110110101100001000000011010100100111011111111111011001100110110101101110111011010011110100000011
101010010000100011000010100000000000101011011111011110111100100110110000010011001100000011011110110100010000111000101011001100001001011000110110000010
010001111101000110010010001110100000110011101101010000111111010101111110100101010101101111101001001111010101010000111101010010101010100010000010000110
000110010101011010110100101000111100001011001010111100000101100000010010010101000101001000010111011101001010011100100000101100001111010100100010100000
100111001001100100001001110100001001110111101101100010000111001101001010000000010010111010110011100011110000000011110000111001101010010100001010001000
000101100111100110100110101010010001001010101010011001011011001110111101010100111110011011101000000111011100001101001000001000001000100111010101100011
100011000100011101101111000011100000000110011001010111000110101110001100011111101001011000010100110100010110100010101000010001110110011011000000001001
000001001000111011010010011011111101011000101000010100000000001010111000100110010110011001010000010001011110011010101100011010010010101000010111000010
001010000000110011101110111110101000100000100011011100010000001100100001001001011001000010101100011001110111111100001110100001001001010000111011001001
001001000010001000010010010101100100000001100010110010110101100010111011000100000111111011000100010011000010010000100100110101011001110011001010111011
110011001010111000111100000001000110101010101101010010110000010001010101100110101001000000010110010100000010111110000111000010110010100100110010000001
000101010000110011110100010010010001010010000011110110011011000100001010010101100000111110110011010110110110011001000111000001100001001010000101111001
001010010100110001011000110100101010101011111010001100010010000010110000001010111010110001111011111010010011111110001010001110001111001001101001000110
001100000001101100000000011000110110010010101001101110000001100011010110001101010100000000101011001110110111010010000101010111011100101100100110110101
111011000000000000001011010011011000000110010110100110000110101001010000001001110010001111110010001110010001100011010001001100001000100101111000101101
001000100110100111010111101101000111001111101110011100000101001011010001100100000111000100100000111000000010100001101010111000011000010010101010100101
111011011101000000100111000101001111101010001100011011011001000010010000000001001000000100010111001000100110101101100101111001100100010010001001100000
010111001100010001001100011111100100010011001100000111000000000010001001101001111100101110100000100000010110001011110001010011010011010000000100101111
110000101110010001100011001011001110101010111000010111000010101100101001011011001110110101000000101100101001001100000100011100100111110010101111000001
100010100011110110000001111010101001100100001000111111100110001001100000101001111000010110010100000011010110100000011001001011011101100001100010100000
110000010000010100010000000110001110010001101111100001010100000001000100010111011010010010001110011100111011110100001101101011101100010110001111000110
110100001101011000010001111110101111110101001010100000001010000101100100011101001010001100000011011100111010011001100000000010110001001110110000000010
000110111010101001100000101100110000010011011001101000001001001000101100101111000000000111101000011111111000100111110001000000100001000011110101101011
011100000010000110011011100000110100111101110001100111111101011100001010110111000011011001100011100111110101100001110010001000011010010110111100000110
011011001000111001011000100101000101000000110010010100111010100100010100000100000011111110101110110100111010110100010000001000101000100100110110101110
111001111000100011010000101001100000000010011001011000000111001001101001100001000001110010010001011101001111001111101000111101010010001000100001111000
010101101000101010111000001011100001011100011111010011110001000100100111001110101110110110111110110010111000100001101110001011110010000000001010010100
111000000011101011011000111010100001111001010001100010110010000110001011101100001111001000100011010010011100011001000100011100001001101001000100011100
001011111101110010100010000100000001011110001000100101110101101000011110111110110100001011101010111000101001101001000100100001010101011111100001010111
011100101101111100101011000111010100001001100101111000000000001001110101101000011101110101000101010110011000001000011100000110011100111101111110010101
000001100111000001010110011101000001011010010001000100111110010110110000101001101110000101110010011100001011110001000101110000011110011111010001000110
000010001001100001110000010001001101001000100001100000010111110100111011001011100010111110101011011100111001110111110000000110111011011111100110001011
010011101111110011010100110010011111111000010011000110000010000010101000110110100010000000100010001000000000100101110001101011010100100011110010001010
001001110001010100011110011001110100011100011010101010001010000110101010111010111000010000100100100001010010000101110010111010011110111111000101101000
