11110001001110100100011000000010010011101011111101011111001001110100010001000111011100100001110011001100100100001101010111100000010010100101111110100001101100010001000011001011111100100011001001110010110000010111011001010100101010110111011101000110101110011000
01111100110011110100100010000000000000001111001101101000011111001100111101000001101011111101001010100001011000010011001101110111100110101000001011101010100101000100110011100010010111101101010101000110100000011111111100100010010011001000000011001001110011111100
10001010000111001111010100010011111000000011000100010010110010001001000011000011100010100100000011001111001011110101000110000011111000100101000101110001101011100010101001001111100111010111111010010111100011000000001101000010100110000000001100100110000110010111
11010111001000100010100001101000100001110101010100100101011101001001001011110010100001111100001100110110010011101010100101101000011100101110001000100001101011010101110101000110001000101101011100010100000000010010010011011010101110011100100000011000100011000100
01110110111000101110010011110110100001000110111010111100101110011000011110101100100100111100110000101111001000001011111000100100000001011000000110110100000000010110000000011010001110100101010000000111101111111101010001100100010010110110100110101101010101000110
00101010001100111000101001011001100100110010001001001001010000000100001001110001010100001111000001100000001110011010110110111000101011001011000111100100101011010001010100111110111000100100100101010100101000100001011000000101000100000001100101111100111001000011
00111010111001001101001110001011110111010110110010010011000111110101011001011110000111001011000010011001100000010011011101010110100011000101010011101110001110001011001110111011011001010000101100010101010100010010100001100001101101101001011011000110010001011010
11000100001111001011111000101001110110011110101010010110100000010000011101100010101010010010000010100010010001100011000011001110000010000110110010000010110111000001110101110101000101010111010000001111110100110011000011010000011010110100011100110011101011001110
01011000011110010001011010001000010001001110010100011000100001001010111000010001111110011110010001100001000000101111010101010001010110000111010010100101001100101010110011101011000101011101101001010001000111111000101010110110001010011111100100001110110100110111
01000110011001110100110000100011000011000101111100100111010011001101010111111001111111010011001101110001111011101011010000110100110100110001101011001110110000110001000010100000000100111001101010110111100010110100000111011010011001101010100110000100000011111110
00111000100000001100000000100011101000110000010111011100011110010101101011010100010000111111011100101001100100010100110110100010001000000100110010010001100111111101111000100101011100000101110001001101101011101000100101101100000011110011101110001001010000010101
11100110100100010000000001100000100110110110000011001010010001000101011101001010001010001100110001001000011101010010011111011010010001011110101000011001000010001111100001011000000011011011101011011000011001011100100001001010111001011111001111101001100001010110
11101101101110011101001010000100011000111011101010000110001001010110100101110010101001010011011110101100111000010100001010010110101011010110011010100011100010100111101111001011100001011110101011101000110111000111010001001110111111100000101000101000000110100100
11001100010101010000101110101101001011001111101110010100000101101001100110011111000100100001111010000101010101010101010010110010111110101110110000100100110001010011000110000010110000100011111000100000110011110100101110100100000010010011001000011010000111001111
00000010001001100101111000111000100100110111001010101001000011011011100100001110000010111011110110001111100010001111111110111111100011100000010000110110000110010001110101110001000011000100101110010011011000001010101011100111001110001000010101011000011101011010
00111010111001011000011000111001001101101100010101011001001110100011110111011101110011000100111111000000100110111111100011001111100100010011111101011001101010001101110110011001010100111001000010001001000100010000001011000000101110110000100111010101111101000100
00001010010100111001100001101110001100010000000111100011010001011101001010001001101010001100000110010011111000001000100100111001010011101111000000000011111001010011010110100000001000110010100100000101011110011001110000011000101010100010000100110100000000111100
10010001001010011100100010100111110111011100001011011100000000011000000101010001010001101110100100100000010100101101010100100000101111110011110001001010100001000001001010100000101000011101011100100010101000001111100000001110101001010010111000011111001100011000
00101110010101010011111110000011001000110011100010010100100011000111101010110000011011001110011111101111111100000100001100111010111111001010110111110000111010001001101110010001011011100000010101110010101101101111000001010001011000010010110000000000000111111110
10111100010011001011110010011110110001110101011010100100111111111000010000010100110010011110001111100100001010101010100001110001001000001101000000101100001010011111001000011011110000110001001000110100011001100001001010110000000001001000011001001111101011111001
00100101000010001001110001101001001111110101110101010011010011101010110100111110101000100101011100110100000010101011110110110000101000010011000000110100111110000010001110010110100001011000011011011100000000000001010110011111010101110101110111101101010000111001
01100011000111001101100100100000000101011010100011001011010111000101000100010001010111110111000000011000000100100001000110011001111011011110100000000110011101001111111100100100010101100100010011010100111001110010011010111011010110111101110011101101100001010101
00001000100010000111010010000001000000110010011010100101011001100001001001101001101010011010011001101111100010000100110000011011011100110011110010100100000000010111101000000011001000010011000010100101101100001110001101100111010011110000111000001001010110011010
11010101110100001001110101101000110101000001110011000010000110110000011010100101100111000000010000010100110110010111101101101111010010101011011111101111011001011001001010111011101001011111011010000111110000101100110101001010101110000001000000011001101110100001
00000010010100110011001111100100011110111110001110101011001001010000110100000010000100111111001101100101000100101111000001010111111100010110101110011110110011101100011110100011110011101010001010010110011110100001011111100100010110110001000011101001100001010101
01010110111101100110100110010100101101000001001110000001111000111110100100101100001100101100000000011000000001100011001110001010000110000100100001000101111011010010010100010111111011000101100101010000000010101110001100001010000000110001100001001000110001000111
10000010011000010010111010010000110110110111101000100001111000100001100111100111001000001010111010011011100100011111111011001111010001110101010100100100111110111010010010100011110000010010010111000001010100000001000111000111011110111101100001001011110100010001
01011001101000011101000000011110111100001111010011110100001111101000001010000000100000010111010001000111101001100101000000110110100110111010110100101101010010100000011111000010011100001010000110010100100110001010010100101111011010110011111010010000010101010000
10000011100110110100111001010001001000010101111110011110011101010101001011011110000010100010000001100000011001100011010011010000111110101001100100010010110100100111000010100101001101011100101010001010010000000100000001001001110101100000000000101100011110110101
00110111011010000101010101000000111001110110011011100010110001101110010101101111110001000000001111100101010101110001010011010010110000101100001101010101101111100110100000110000001000000010101010111101010101000110011000011110001001000101101000110110100010001000
10011001110100000110001010110010010010010010011010111101001010101100100000001100100000001110111010001100101101110000000111110000000110011010101001011001010010101001000000011000000001010010010101110100001001010101000011011010010000111100000000010001101100110001
10000000011100011000000111010011010101010011111110010110010101110101110001100001100110100011010000100001011011011010001110000101010000111101000000001000111000101101000000010010000001100101010001100100110111000100000010100111000100100101110000100000000101001001
00011001110010110001111000100010100001000101100101000111101000010010001100011000010101101000010010000111101010110001100000001101001000010101011101111111110001001001100110111011000011110000011001011110110100000101100100000100101010010001110000101101010111000101
10100001010100110111011111110010110001010000101111100001110010111000000100110000110111001011100000100110101101010000100101111100001000011100000101100100111010000100010001001110111110011001111100001001011101010111001101001101010001110100101111100111101011000100
01011011010111000000101010000110000011000000100010011011101011100001111101010110001011100100100010000101001101011111001001011010001010101110010100011000011000011011100011011001110110011010000000111001010111000000101011010101100111000100110001011011100100110001
00110101001111010000011010101100110001001011001101000101001011001011000010001001010100000010001000001010111000110000011101000001011011100010100010001011001110000010001101011101000001100101000011101001010101100001001111000000110011111111100001000000010001000111
10111001000000100010111011010111000011110010100101111110011100000111001111101000001010100101011110000011011100010001010011111110010000001000001101110111100001001000010010010010010010010111001110000100110000100101001111000000000000000001100100001101001101000001
10000111000001001011010101011000000110000100011011101100101101100001110111011001101110101001010011010000111111011111010000111011010000000100101001101111101010001000000101011010101000100100001100000011011101010101110111111001000101000100000101011001001110011101
10101010100100010101101010001100110011110100100010000010001100011000001000011100011011000001110000011000100110000001000011000001010100110100111100000000010111001000010110000101000101101011000011110111100011001000010101000101000100000111111000100001011001110010
11001100000000000001110010000110111100000001000011111011001010110110001111101100011010111011100001001111010011001011000101100111001000110010110100001001010011000110010101000100100100100010100001000110010110100001010101001010100010101010100110100000111000001010
11011010001000100100100000011010101111110111111001101101000010100011110100111010010110110101000111111101101110010010001111100001001100110000010110010001001000101101110000100000111000000111001000110111010111100110000100100001001101011110010001000010011101010011
01001010100001110011100000001111000110100100001010011010001111101111101101011101011100110101110011111100010010101101010110010100111011111000100100011110000001101101100000100100000010100001000110101110001111011010110001001100000110000010100111111000010110011001
01100000110111000101000100101001000100101001100001000000010001000000110111001010100001011000100110000001110100000111010111011000010100000110000011100100000000010100011101101010111110100100000011100111100101010100111000011110110011000101011111000101001101100100
10101010011000101000010101010010110110101010101001101111110010000011000001100100001001111110001111000010010000001110110111110010001101110011101000011111000001111100001100000010111001101111100100101100101111010100011101100010111011100010111110001000111001110100
10010101110101101111001001010110111011010110010010011000101000110001110110101010101111000110011000011100000110100000001011000010001000100001011101010100011000010110000000100001000110101100100100101000101001110010010101111001100111001001110101000000000011010101
10101111001001000100000110010101101110110010010000110100111010101100100100000110110100010010100011000101001000001100111111111110000000100010100010001001011000001100011001010100000100000000111110010100101110010100011000110111110110101101111100001000101100111001
10010100100010000010000001101001101101010100001001011100010000101000110001101010000101101000100001001011000111100000010101011000011110001100010101011110011110000111010101011010001001001011110100111111110110001110001001111110000110001000100101101111011000001000
00011010101001110100000110111000000000100000011000011111011000001101110110100001100010101111110010100111010010000101001011010111110100110000000111111100100001000001010001001100000010010000000101100010011111011001101110000110001100010011010010101010100100000101
01001011010000011000010110100010011001111111011001010010110000010100001101101000000100010010111100001010000101001110010100011000110001000100110010000111110011111101110101001100101101011000100100100010101001010111011000010011111000110000101000011001001010011010
00101011010010100011101000000001101000001000100110101010111001010101000010111001110000011110101001001110010100111100000000000011100010001011111000011110000110000111000010010000100001001110101111000101101100111001110010110110101110100010001100010011001000101001
01100100101000000110010001011101111111111110000110011111011010011100000001110001010101001101111100100100000100011111100001000101110010000010001101111100000011101000001010101101001111011101000001011110111100100001010110100001100010001110110000001001010010011011
01000111000111111001110001100100011101101010101001111111000011001000111010000110010100100100011011110001101010010001111110011010100100010000100100100010101101100000001111000100011010010011000000111101100000000011110110010001111000010100000010001010100000101111
00111001111010000001100110101111010011011100001111001110110110110000001000000101010111110000110010100010101100110110101100111010111101100010100101011101000110001011100001100010010100101011101011111000010000000010111100101110001111110100001111100100100010101101
01111110001001100000001001011011001011010000110001001101000111010000000001111001100011011100011001100110100110101001011110110001001011110101101111000001110000110000110001000111100111110100000000111001100000011100010111011000000111100101111111000110010110011001
00010100011010100110001001000111110011111000001101000000110000011001111010011110110000101000101000111110001000100000101101101100010000100001001000110000011011101100001110100000100100000111001011001101100001111001001000101000110100110100011110110100100110111000
11011010100101110010010000110100110000100011100110010110010010001110110101011001000110011010111000101110011111001010011001000000001001100010010001110001000101011100100010000011001111010000011001001010110110101001110010110001001010000101100110100100111100110010
10000100101000010101000111010101100100110000010110010111000010001010001110101100000111100110101110011010111111001110101111100101000111100110100001001111000101101000000000000100011011110111011100100001101100011111001001011000000101010101010100100111011101000100
01001100000011011000110101100000000101000100010101010101110111000100001001010010011001010011000011000000101011011101001100101000111000111100110101011010000010111011110001100110100101110001101101100111001011110010000110011001101000000011001100000001010000011010
11101000100111100001000000111101100110001110111111111001010011000001000000111110100000010010001000100000011001110001000001000110000001010000001000100001000101100100100011001111111000001010001011010100101111000000110101111010001011000110010001101001111000011001
01010110010010001001001001101111100110000001100000100110001111101111100001011000001111100110101110000101010101101111010011110111010000001110011100010110101110001000010100111001011000100111100001000000100000101100010100000101000110111111000001110000000111111000
00100001101101101110111100100111000000011011000000110000101110110011010011001111000001000010101001001001010000011001100010101000101010001011011000010100101110011110111000011100110001010010101101010111001101000001011000100001010000011010100001000100001100010011
01101001111001001010100101010100100000100101111111100000110011110001110101010110100001110001000110100100010110011001001101010000111000001000000111111101001110001011001010000101100001100001101110110010010101100001111111000100011011000011100111000010100010111111
00001110001001011010010100110001010101011100011001111101000110110000100101111001111100011101100110111100110111111011110111001000111111000010111010011100001100000000110010001100000100101100001111000001000110000100000110000100001110101010010101110111110110001001
01100111100101001100101110001000011010010100100111000101000110000111011011110101000101010101110101001000100011010011101100011001001011010101111010100001011101101110011000101100010000001111010011000100001111000100110101010110110100010101111000100010011010111101
01101010010101101100110101001000001011011001001001010100000011010100001111001101101101011110110001100001111010001111000010100010011010010111000100010110100000100101001001110000101000010001100110101001000111110000011001110010011000000011011010110101001010011111
10001101011011000000110010000110011110010001000011000101000110101010000000101111010000010000011101000110111000110001011000011000111010010001001010111110000000111111010010011000000001100010101000110000110100100001100110100001110001101001001000000101101001101110
11101111000001110010001011100100111001000011000000101010010100011001000000101001111010000110001110000011000111111010101101010111010100010011110010011001000000111001011000011000101100000100000101010001000111111110001110110001111001100000000001110110111111001000
00001001011010011010010111110110100101110010111101000010110000100100111110010000111101010100010000000101110001010000100101111010100001010001111011110110001100001001100110010011101000011000101100000000100001000101001111100000010100110110000010100001110010001001
01010111110101001011000000011110100010001001001010111110010101111111110100101011101100000111100110001001011000001010101100101111000110111001001010011101001111110000100000010000010110100101010011000011000111101000001000000000001011010111000111000000111101001011
01001000001111111110100110010010101010001010100001001011101010000000111101000000100111100111001010000010101001010010101001111111011111010110010010100110110100010110101010100010110000001000100110101000100101100010100001010111110100010000101111000100101010010101
10010010001100110111010111001010000000100110101001010011011101111101011110011000010101010011110110000101100001100111001101100101111000001011000001111100010000111111011101101000010000101001010001111100000110010011011101100000000010010011000001001110011000110100
00100101101100011111000000111000111000101100010010010000011011010111100010000111101011110010101100100000110010110011011001100100000010110111001100010101011011011110100110101101000001101000100111010111011110011110101001010001010111110100111100000010000111100110
00111110011000110000111111000010110101011110100001010110011000000101111001110101001111011100010001011000001000101101001000011010010100000001100010111100011000111011101110110101001100100011001100001001000111100110000010111110010001110111111100011110111010010110
00011001000011101000100000000100101010100011100100101101000010010110110011110000001000001010101101001111010010000001001000001110001100110111010000010100010010000101101000101110011001001101001000010100010100001001001000101100011111111000000011110100100011100001
00010101101101011011100111000101001000110011011111000000000011000001110001010010011100100110111111111110100110000110100110001111110011101101010011010110010110111111101011010001000100000010010000100100000000110000110001111100010101000011100010011011110001000000
11011100100011110010111100100000011110001100110000000101011100100110001000101010000000011000101100000100100000000000111011010010000000100110000010100001100110101101010101100101100110011111110110011100011011001101100001101010110010000001100100110000001000100001
01010101111100110000011100111010100010110100011000100111101100010110001010001110000000100011001000010001001110000011011001100000000111000000100110000111011000001001010100101010001010001111101000011110000011000001010011010001000100001011110010010000000110101110
10010100000001000110000100011010110001000001010110000110110111001100110000100011011000000000100101001000011011110011000101000111100011111111111001101110011101101010001100000001000001101001110100010001110010001000101110000000010110110010000000101110111101000100
10111001001001100111010000010110000110000110001011010110000110110001000010110001111011011010100011000010101110100010110010011000011110000011101111000011110110010001100000010011010001011101011000001010011000100001010100101001100001011001111001001000101100101111
11110001100011011111000001010001101001010100100010110100011001011000010011010110000001110110000001010101101100101010100001000011010111001000101000100010101110001000011001111001111110000000010001110011001110110100011100001000100000101111011100101001000111000001
00101001001100100110100001110111101111100100001000001010001000011100110101010011100111000101101000001110000110101100101101110000010000111000111001000100101101001110110010001011101000010101010111101111010011101000111100001100101111011110111001011110101001100110
10101011110001011100101001000100011000000011101100011110011110011000100000001000111010010111110111101000100101110001110000100011111000001111100100111000101000110110010110011011010100110011000100101001001001100111100001100111000001110111101111110110100010000000
11110001001110011111111011010110010101100010111000000010101000001001001110110101100010000011000010110111100100101010000011001101111000000001010011100111100100100010111101010101011000101001110001101100000101111000110110111000101101011100000001111000110101100010
10000011101100110001001001001100110000100101110100011001000000111011100010101010100001000110100111111101011000000110101000000111011110100010100010011001000110010101111000100100010010011110011000010100011001011000101100001011100110101011100110110111010011111000
11100101110010110100110010011001000111011000110101110100011011000010111100110010011000110010101111100000111010010010011001100111001000100111010000111101001000110101101110001111001011001001010000110111000110000100010100110110110110101101101011100100010001100100
01011001110101001001110011010001100001001100001101110001101000011111111110100000000111111011011100110001010000000010010000111100100111111101100101001000100010100000010100000101110001001011011101001101010111110101100010100001010000001111010101101001101001001101
00011001111110000001000010101000000000000000011110010110001001111001101001100101111010110100010011001000100110010111100100100000110000000011110000000010001000001001000000110100101011010010011011000010100110100001100011100111011000110101110101100100110001000101
01110011010001101000111001111000101011001101101010100001110000110110010111110001110100100100001100001110000000100010111111101010110010001100000010100110100110010110010110100111111010010110001101000001100010001101000110011011000100011100010010100011101110111001
00011010001000010000000010000000001010001100111011101010000001110000100000001010101011111000010011100101001100110010001100000000101110111000111000001000000110001000001101001011000000111011000011101010011110110100110110000010001111101100001111110011101101111010
10100110111010110100000011111101011001010001111011001010000010100100000110000100111000110101010011101111001100011010110001100001010011000011100000001011001111001101011111111100100100011010101010110000100010101010111100100111000010010010010101100000010101001110
00001100001001001110001111110101101011101000010000000111010011111001101101101100000110000001010001000011010111100000011110101010110111110101001000010111010110101100001010000100000000010100111110101101110000010100101001001000001000011100010110001100110001110101
01101111010110111101000010000000001100100010000001011001101001010001010110001111011110110111111100101000110011100100000110100001000001110100011010011111011110100001100000010001011000000101100000010100101100001010010001011110000110000000000011001101010000000000
11010111110000000100100001001111010010101100100000010110111001010000011011000000000110101000101111001110000100011001010100110110010101111000100111010010001001101001001011101000110000001001110100010101000011010100111110010001010100110010000001011001010111011010
00001101110000110000101100011011000001100010110110101101100001011110011100110110001101000010011001000111011010101100110101001000000010100000101000110100101001101010110010001110110000010111000101100011101010011100001001111000000110101111001000010001001001000101
11000001011010100000110110001110111100010000011001011000011100001001010110100010010100111010100001110100101010001001010101101100001000110100010110000111100010000101111001000001100101100010100000000101100110000100011101000001100110011000000010110111110011000001
11100010011000111001100001101000000010100011010100100101100010110010101101100001110100111000110010010011001100000111101010101101000110110000011100110111110100000100011010110011111000110010000000100100001000111011100001111011001011111101010101011001001100110111
00011011101111001000110100100100101001110001100110000110110010000000101100011000011110101100001110110101110111001010110000110110101011000110000001011011001000001010000000011001011001100011100110010111010010000011110000000010010100101010010100001001010100000110
00011011001111101101011101110110110001100000001011110010011111000000000000101010011110011010000100001101001100010001111011001010111100010010100010010011001010100010101010101011100110110000111001011100110101101001001001101101000010001010000110110001111110110101
10010111101000111000000110101001101010001100001101010000010011000000011010010001000000111001011101000100111000110100000010000010011100001111101011001010010011000110000110000110010010011100101011000011101100000011000000111110100010101011100010011110101011010000
01010001100000000110001110000000101110101101011000011110101011001010010000100100000000100010001101101000101101110011111010101000010011111011001100101110111100001000010011111100101000000001110000000101011010001101000010101010001001000011100110011000000100011101
