001011100011000010100001110010111110110001101111011110000101001100110110110100110010010100010010001101001011010111111000100100100010010001100001001111000100110001001101100010100101110101000000000100000010010101010011010111110010111001100000001101010100011101000001001000101000001000110101100000110000011000110010100011101001000000000010101001110000011001101001000000001101010010101000000100010010001000101010100011110110100001011000000000110100000100001111100100100110001001010000
011100010011101001100100010111011101001000111101011011101000101110011100001010001001001000011000111101000010010100010101011110001100101100100010101001000100000100000001001101001100100100100100111101011101110001101010010010010001100000100010000111011000101100001001010101101111110011011011010101010010111011011010100100001010101100011111110001000110101011010011111000010010100011000110110001011100111110111111110001100000000000011001010000000110111010100100011101010101001110010101
011011100010110011010001111011100011100000101111110001110000100110010010000111111011001110100111111000111001000000010110110111000010000000011000100010110010010010000000011001000001110100001000111001110111000001011010010101001100011111111110101100011001011011001010110010100001111100000101100101110011000010101000111111001110010000110010000011000011010101100100111110101000001110100111111100100111101110000000110101001101000010100100000011000110100101110111111111100011101100101111
000010000111111000100010010111010111110010100110110011100000101000101001111110001101101101110001011100001001101100101010010100101010111111110101001010011000010010000001010000000100101100000101000000010011011011110000101110010000101001001001010010000011010111100000010001100100110010000000000100000011100000000000111010111000000101011111111110111001010011000011011000111010000001110110101010100000100010100010110100000011101111010011000100011000101001110011001101111001001100010111
111101110101101100100100000011100001100000001000001010010111001100010111100100011001000100000110000001000100101010000010100111000000010101011101001101010100010000011010110010001001011100010000000001010111000000010100100011010101110000000101001001010001010010000110011010001001110000011000011010011011100010000010010001011110101110010010101011101111100010011010011111110101000101000010111000110111110000011100110100100000001010011001110110001000010011010000001111101011001000000101
101110010110110001001100010010110001011110001010110101010010001001010000011010111100100000011001010010011001010011000101000001011010101100110101000101000101001100000100101001101011100001110110011111001101110000101100000101100011000010010100001111011100101001100000010111111011010011111101110111101101010010010000101011000101100111011101000000001001101000111010100100010001000100001001010110110011011101001000001010000110100011010001110000100001100100000011010100111010110111011000
100101101001001100100011111000001000101101110010100110111011110101000000011100101100010111110001011110000010000101000110011000001001000001111001111010111100110001001000100010011110000000100000101100100001010101011100100110100010000000010100011110000010101100110111111011000101000110011010001010011011001110010010010000000101010101111010100010110101001001110011011100010101101100100001101010001000000100111011111111110110001001011101010101111001101101001110000000111101101110011111
100000001100010110000010000111001110000111111100111000011111011101100101101010011000000111011000100010110100000011110111101111000100101101101000110100100101101000000101000000000011001100011010101110101111100001101011111011011010101011011011001101010010101000001100110101100110101101100001010001100010111100111100000010101101100001000110000000000000110100001100000111000110111110010011000000011110100111011101010001101011011100000000001110000100001101010100001100111111000011010101
110100011001000010110101000010000110101100111000010100000101111000100111011000011011101100000101001111001011101010100010000111101100000011100110001111000010001010101010000000101011101010110010110110111100110101000000110111100100010100011110011110100110001101100010000010011111011001001101001111010100011110000010100000000101100011000001010001011001011011000001001010011101110101110000001000110100100100010010000111000110001000000100101100110000111100010010111100000010011111101100
000111001110000010000100011101001101010100000000101010100110011011111100101001111101000101100000000000001101001110110111101000000101000100100000001110000101001100110011001111000101101111110011110111110010001101110010110001001100010011001100100101011000111010011110111001011010011101111110101010101001101101111000110111111110011001101101000000011100110000101111111100111100101000111100110110001010011101101001010110001101000000101110110111100111000011010111000001100111000100111001
011111000110101000001000100101000001000111001010000100100001110000001011010011111100000010110001000010010000000011001111011100000100010001111111011101111110110100000001010000101100000100110111110100100000010100010010000000100001001000001100000000000010110100101001111010100100100100101001001000110110110000111110000000000110000001110010110000010001111001000010010001110101101110110010001001101000011001100011011101111000000100000011111110101011001010001111111010111010000100110101
000011010010100110001010110110101111100010011110001010000001000100010011010011101010000000100101101010100101111010001000101111101110011001000001010000111001011001110010101001110010000100110000010001010011001000111001011010100101001101100100100000101010110000100000000000001001011011110101010100001111100000011101100001101100010110100100010010110110000000100011010100011111010111101001111110110011010110000001010100011001110011111000100100000010101011010010100001000000110111101101
100101001111001000001000001100001101011001011101000110011100101001110110010011101111000100011111101011101000010010100101000111101110000000011101000110110111110001111110101111010011101000011000000111000010000001110011010011000010111011010001100000001000001000111111010001111100011000001000101111001111110100010001001001101011000001111011011110011000000011101111111111110100100010011010111101000001101111011000101100001101111100011100001000000110001101101100111011001101110010010001
001110000101010010001100001011101001101111100000011101111101010001001000000010110111100011111101011100011000000000010011001001001000000100111000110110000000111011010010100000110110010100011010010001000101000010101000100001010000001000010010101001011111100100101111001001011010111001010001101000101000110100101010100010000100000001100110110001100000010000000011010001101110010110100110011000000110101001011011010000011101100001010100001100010001101010110100100011101101010100010100
100000011011011101001010001001101110000110001011000010101000011111001100110010000010101011001000010101000011010110000100110111010111100100101000011100111000000000001010110111101011110011011000111010111010100010011011100110100011011001110100011101011100111101010001110001101000111110011010001110100001001011100110101010010010010111010010000100101010011000000001111010101111001010010001101011101100010010001000011000110101000001100110010011101000100100110011111001010100000101010011
111000011001000011001111001010101000100010101100101010010100000110110001110011010010010011111000101110100000000010101110110011100001011011000100010111110100000010110111000011100101001101001000000111001010010100010111011101011010011100100000011001011001000000010001100010001110101100000011111100011101101000010001101011001010000101101000110110100100001100101000110000001001100010001001101000110000010110001001000000101000101110001001111011110110001110001010001011001001010001001111
000101001001101001101011000011110000101001001001000001000011010001000010100000110001101100011010010011010111000101010111011000001010010011101000100010010000000111101011010001010001011001110000010001010001100110110101111000101011000010111101100110010000100000000101101110000101110001110010011010110011000101110010000010010101111010000000100000101011101110011011001000010010100110111100101000000101100011110001111000100011101101010000100101100011011000100001001111010011010001011010
001101111010101100011001000100100101000010010000100011011011000011111000011001100010010010110110000110101011110001100100000001000101000010111101111101001010001111010111011101111000101011101001010000111110011101010110100011001000001111101011001110001011111100010100011010001101000001000101010111001111110001110110011101110111101101001111010001110001000001010010100010010110101100110010000010010101110101100110100100100111110011110101001111110110110100110010100001110011010010011101
001001010010100000001100101010010000101001001101000101101011110011001111010001001101000101001100001100111111000010000001000010000000001100001100001001001100000010100011100100100100101001000011110001101111001100011110011000001100000010001001110101000000101111110010111101110100000011010011001100001100100001010101010100110010011010100100010100001010010011000110100111100101010010000000000100010100110010011111000000001000000100100110011101101110100111111100011000001011010010001101
100111101111001011001111000111101001100100101010111101110110111000000000011111000100010011110001110111011111100010001001101011111011001101101101101011010010110110000101111111101100100110111100110101101001010000010010011000001111010010000111101100001111110101000010000110101011000101100000101010001100011011100110011101010010001010010001100001011000110010100001000000000101000011010001100100011101010001100000010001010110100010100010100110000000100010000000000100100010011010101000
001011011110111101101001011110111100110100000111100100111111000010111001010101011110010101000001100100111101100101000001000111100100011100011000101100101001100101010101000100101101000100001100000001101000100100011000110001100110111101011011000001110001001110001000101110010010100000100101001101010110010111110100100011111100001100110011001111001110101011101010110110001101000111011000111000101110100101101000010010110100110011000010101011001100111000010011110011001000101110010100
111001001001110001000001000011100110100100000000000111001001100100011001101101101100110011011011000000000001110110000001001101100011010100101001110010110000011010000110011000110111000010101001110100110000101100101110000111101001110001100000000010101011111111100000101111101001111000111100000111111001000000000010011110000010000101110000100010011010101000101100110101101011101000100000101011000100011010011000100000110010000010100101111010000010001010011101001001100001011101001000
100101001110011110111000000001100100001010101001001111011101000110111100010100100001111101101110100101000000101001100100010001010111000101010101111001101001100010010111011110010000010011110001101001110010010001001010111110011110110110000110101010001101111011010000001101001000001100111110001011101000011010110110110100010010000011110011001001011001011011001010000110101101101000010001111000110000000000111111110001001111110101011011110000110110010001111101110001110010110011000100
110001000011101100011010111110000000001101110010110000100010101010010001110101001010110010110000100101111101000101111001111101001001000000011111011000101100001110110011100001000001001101111110111101001000111000000111000011101001100000011000110010000100100000110100010010101001101001111000011001000111101110011010100010001111000110110101111110001000100100000101110100001101000000101100010100010110111111000100011100101010101100001011011110110100111100101110100100010100110000011001
101000110011010100100110000010000101001000001010101010111000100000000110101100011010011111001000111100001101100010100011010000101100101100110001010010110111001011001001001111010010110010111010101100000110001000010000011001000001010110011100111110001111011101010000010100010101100010110001001100001101001100001111110011111111000100010010101101101100001100000001111001101010010010110101101011001101100100000100110100001000000000001100010000011010100100111000110100010000000100111010
000011101101100000010001111110001011101010010111011010011010011101011100000111010001000100110000001110001010010100101001110010000110111011110101111100000001010111101101011011000101101100011001100001001011111001100001001110101110100000001101000011101110101001110100111010111010111110100100010010001100010100000010110110000100111100100101000100011010011010011101101110011111110010010010001100110010001111110010110000111000011011000100101010111111110111010101000011000001000001010000
010100011101110111010001011100100010111001100011100110101110111101100110010010010101110101000100101010000000001000100000011000101000100010000010110000001100101001001110011100001100011000001001001000011111011010110010010011101001000100100110001010101001110001000100111000011100010010000010001111111011010001100001011010011000100101010110111001001100000001010010100000111110100010010111100100011010010111111011011110111000010011110111001001100101001111011000110000011010101001100001
100001010110010010010101000000010110001000010010100011000101010111111000010110000010000110000000101010010010010101101100001011001100101100010100000100010010100011110111100010110001100100000010100001001001011101101001000101101110101110100011110011001110111001111000000110010100011111001101001111001000001110110111001001100110100100101010110110011010000011010101110010111100101100010110010011100001011100000101011110001110100100011110010011000000110101100110100000100000011110011100
110000010011001001001000000101001000010110001010001001000100010010011100000010101110001110110000001011100101110100011000001000000111110111101101100011100100011010001011010000100000000100010001110010101011001010000001100000001101110110000001010110100110001011010110011001010001000100011000001111000101110000100101101001101010000111111001000111000110010010000011010001011010000001000011101010010001111100110000001110110101000000000001000011100000010000111100111110010010001010000101
110010100010100111100110101001111000001010111000010010010101010000001001111001011001100011110101011000000000000100000111011001010001001010001010001111010001111010010000110111000010000100010111100100101011100010001110111100100000111101101010111101000000101011101110001011100100000100111000111011100101010001111011000111111010010101111111000000111001111111101110001000010100111000010101100111010000011110001000101001101011000111110000111101001111010001011111011110001011001110110001
000010000100101100101001001001000100110110101011001100000101010101100010001000100010111111110010100010110110111001011011000011000010111010001000111011010100000111110010101000110011100011110101000100000000000111100000000000001001011011000000111010010111101000111001111010011011010001110000111000100011101000011111100010101110111010111111000100011100010000010010001110000111100000011001010010010101110111110011101101001100010110100110001111010110101111010011001111100110100111101001
001110000001111000010010010101010111001101100001111100101010010011100100000011001010001011110101110110110101100011010010110000110011111000111111101000000011011001110011111010111110100100101100101010001100001011111111000010011010000011000100111000100011111001110010110001011000011011010000100011000000101000000000010110101001001110010101110011110111011100110011011010011000001101010010011111011000001110110100010001001101100101111100011010011001000011100000001011111100100100011110
101010110100100100110011001010011010010101100011001010100001110010001000001011011000101100010000101101011011110011101110010011000100000001111100000101011011000000000100101111100001001001000010001100110000010001101111001001101011111100011010111000001000100010010001010010111100010110001011101110011100110111001010100100110000100110000101100110001101101101101101001100000101101000011101000011011111100100101001011011001100110010011110001111010001000010011000111010011111010110011111
011011111111100101001101001011101001111110111000100000001110001001010110000000111000001101100111100001010110100010011010011101001110101001011010011110110110111000011111000000101010010100000111110111100010101000100000111101010100010000111010110100010110100011111011001000001010001011100001111110010111000101101111111110101111011011101001010001011010110001001000110101101111000011101010110000011011100000011100011010001001010010010101110100000010111010010100001100010111001111101100
110000011000010001001101100101111011011011110000101011011000000111011010001000011111000001101001000000000000100000010001100100100000011101011011001010100000000000100010011111001100001000011110101100001010000000010110111010111011101001010100100011001000000001001010100101101011100100101011001001011000100001100101101000000100011000101010001110011001000101111000000011100101010000101011110100010110000011010101111001101001110001110100100101111000100110010101000111011110101000010000
010001000111010101001100110110010000010010000001101001000101000101010000010001110101010100011101000000011100011101010100000000100101100001000110101100100010011100100001001100011011000110001111011110010100001010001110000110001010011011010000010001101011001100111001001001011000001000101000000010010010101110100111001101011001010010101000010010000011111100111000100110100010010010100010001010000000101111010101110010000100010011010110001110110111001010010000000110010001101010000101
111001011111111011100001000010010010011000011000010100110011000111111010010101100011011010100011010000111001000101001110000000011001010000111011011111100010110000100001011101010111101000111010010001010000011101110111101101110001011001001100111100001001110100111100001000110111001110001110011001001011010010010101010100101000110010110101001100101101010110101111111001110101001010001001101000111011010111011010010000001101110101100100110000010100111110011011111111000000110010100100
000000001110110000100000001101101010001100010001010000010101100101101011000101100101000010011000101001101000010101001110111001010110011000110111001111010010101111000101001011001111001001000001001011110101110000001000100001100011100100101001000000000111000110010010101110010111100000010010011111100010101000000000110011010010010011011100000001010000010001010011100011100100110000111100100010010001100110000110110010100011001101000100000111000001111000110101101101110000001001100000
000111100011100100101000100000110101100110010000110100000110100011101100110001101101110010000110100110000100100010110011011110101101001111001100100101000011011111010010100100000010000101011110101100100000101101110010011001011100011101100010000000010111001011100011110001001000101001110100010011101111110001011010011100110010100100000000011101110011000110110010110101001100011000001100101011101111110011010010100001111100000110110001010000000111000001110101000110011100110011101100
100101011010010110000101000101000101011010010010100010000100001111101000010000000001111100000010000001001000011100110100010010100110001000010001001111011001111001110000111001010100010100010001011101100100011110110100101110001001010110001011001010001010101011001010101100001110000001010100011011110010110111001100101110100111111010110001110001110000110011010100110111010011001001000001111110000100001100001100001101101110011011000100000010010001111010111010011001100101111010001010
010111110101010010011110010101101100110010111110100101110011001110000111000100110110011100011101010101100111111000110101110001010100011010110100110000011111010000101000011000011000100100001110010001011110000110100000011001110111011011111111110010100000000000001000000100011001111011010000011111110000011101011000101100110111110001000000110000111000000100010111010011010000011000111101000011010111010101010110100001100100100111100101101110000001001111001001110100000011111100000000
000101110000011100010011000100000010100001100001101010001011101010010100000001100000001010110101011111001010101011111101111001011100101101001110010101000010101000110001100000010000010001011001110100101100000101001111001001101010101011010111000010010010101000101101011101001001000101111010010000000001111010000010011010101011010000011010101011100100001000100110101010011110100100000011010001101001011010110000011101001111100111011010000000000100001000000001001000101000010001010000
100101100101010001111001001100001000001000010100011110100000000001111010000000000000001111011110001101001011011111100011010100011110001000001111010110001110100011100000010100101000011110000010101001001001110111010111110010111101001001100101010111011101010010010110011011111101101001010010000110100100010010101111001000100100100110110001110100111010011111110110100111101100011110100000100101011100001110010100100000111101101001111101000010111000000001101010111010101111011101110111
001100010110110000001111110101110000101001100100000101001000111011010111000101000101011000001100010000010000100100110111001000001101011001100100100011010011001001000101000011001000000011010010100111001110110001111111000010001111010000111001001010100110100001000001000100001101010101010001100110011010001000000011011001100111000000101101000001010100000110001100110111001000001010000000000000000101011110010001001111101000010010000101001000001101111101101110100001001110000000111000
100000100000001011100111110010010001100100000000001100000011101001100100011010110100100001101110001000001111011101101010100100100001011111101110010011111011101000000100000111000001100001110000010001100000011100101101001101010011011010000000111011110000001000011000100011110000010000011010111000100001100101010001001110001101111100111111101000001000111111001111011011000010001111100010000000000111001001110010010010011101100000010111110000001010000011101111000101010011010000100010
101110001010100000111000011001011011000110110011100100100101010111100110010110010110000010010101011000000000110100000100110000011001111000110001110110011111001010000000010110011000100000101000000110010110100000101010110000101001000000110010011010100010011010110010010010000110001011111001010110110101100011010101000101100011100000010001000111000000100010011011010111000001101011011011000100000110011010101001011111001010000101000010110001110001000111000110101101010101010100100001
100110110100111111100010000011100101100110010101000100100001101010010101010110010010111100100001000010000010010110010010000000001100011010100100110011010100000110010011001001010010100111001110101111100000000011001110000101100011100100000101101000100011000111010001011011101011000011110110001110100010001100101101010101011000001010101010110001101100100100011010000010101110111111001001010110011011011110000000100001010110001000100111111111100000100010011100000000110100100111101100
011001100010100010010100100110000111110000011010010101100110101110101111000010010010101001000010000100110011001111000010010110000110110011000100000101000001001101101111101000001011011101011011000101110111010101110011001110001001100000010101111110111110110111001000010110101110100100010101100100000011000011011000001100000110100111010010011110000001011101110011100010010001001111011101101100110111000001100111000111000000000100101010011110011010000000000110111011101000100100000100
001100000100111011100101111100000010000011101000011101010001101000100101111101011111011000110010000010100010010100010101101001100000000001010000010101000100011001111010000110010100000100111100111000100000000011001010001010010011100010010100000001010111010010000000011110000111000000101000000001111111110010000000000011000010001110100101100111010001110000110100100110010011100001000011100100010100001011100100101011001000001100001001110101001010001011011001000100101110000101011001
100011000001010000100100111110100110010011001010101001010110010001100111111001000111010010100000010000111110100001110100010010011001100111110111101100100100010111001111001110000011010011111110100110100000010101011101100010101010101011001010101000000011100101101011111110100000101010110100010100101010101000110100000000111100100110110101101101001011001001101101111101100101011000101010100001011111100110001000100001001011101000001000111011010000101011110000100111010011101110101010
100110010000010001110101011000000001000000111000101111001111100001000111010000111000011011111001100000101111011111111001100010010001011110000111110110101011010001101011110111110110101100100111101011001111000110011100011101111111111110010010110111101010110111010100000000011000101011001000010000110010001000100000000101101110000100100101101011001001101010110001111100010000010010101111010110110011000011000100111111111110000111111010000101100011010001010010101000011001100000101100
101001000000100110111011011110000100100100000011100101001111000001011001000110011100000110100110001100001111110010111001011100101110101001100101101000100011110011001101100100000011101000110101110101011100000010111111011101000000001011000100101011011110010110110101101111010010011110001010110011000000001010010011110110000000111110110001110010100010111000110000111001111111111010110000000001110101111001001111111000110001000011001011011011000111010011010100001011010001011110010011
111001000000010110100110100000011000000001011001011100111001110001000100001110100010000000010000100001110010000000100010111101110100000000111001001100100010100100011101000011011010101100001111010100001001110010110111010010000000000110100001100010010001110100110100101010110010101010101010010000001000110110110000000001000110111101110100111011010100011001110010011001001010000001010000110110101000011001001110110110111001100100000100001101001100100100001010100100100110010011110100
111111010111100010101110010110000001101101100000111011110011000000011001010001110101001011011010000111001110110100010001110101110010101001111100000101101000001101101000011000110101100000101111110100110001100110010000011101100000101011100101100001110001001111011101101110001111001011000011010011010011011100011001001110010011110001000010101100001101001001110001101101110110010001101011100000101010111100010010011110000001001001101010001100011111010110010010001111011111010010001001
010100101010000111001100101011001000000011100011110010010101000000001101000000011100111010111100001011010110100000011001011100010011011000110100110010001111110011001100100000101100100000000101001000110101101110101010101110001000111000110111011100100100110100110010101101110100011110001000001001100111110000100000011000011111011010100001101101100011000100001001101111111001000100101000011000100011101001010101101000001110110110110000111001011101101101011001011101011001010000111100
000111001011010001000111010110001101000011001001001001011000110110101100010100100000011010001001110011010001001101000001000001010100101000101011110010101010010000000000000100101010100100110001001101011001010100001000110010100100001010100000000100110011000000001111010011010010001100110111110101001011001001110010000110101101000010111101011010100111010010011000111001100000011000000111011110110100100101010101100110001111011011100100010100011101111000000000100101100101101100000111
010101011111001111000000100101000000010110101000100100010100010011101000110111011011100100110101000101001110010101001000000100100100101110111000000101110010001010001000010100010101011100010010000010000000000011000110001010000100111100111001110010001011100011101000001010100110000110111111000000111110001101111101011001100011000001011001011001100000110100111111101110101100111010010010001111000111110010010111000010001000001111001001001100000101000001110000101111110101000101110010
110001001010011110000001111000110101011100100000011001010000100000110000000000010011000100001011001010001101110011000101100100100110011000000000000100111111100010001000000110110111010000110101100110011101000001001011111011100100010111100010001011011001001000011100100001110000000110100100010100111101011101000001111001010100010001100100000100110000111101001010100100000100100100011110101001011011100001101100000110000100011010101100110000010000100111100110111100101001000100100011
101101010110110111010111011000101000110001000000010001000010010110000110010000001000110010100100011010101111100101011011101011111000100100010011010011000011000011011101000111011101000000100101110001011010111101001001101101100001111001110010001110111001010011001010010110000001001101011011110001110101111001010000101001001101010101011001100001001110011001101101011010010110111100010010010010000100110111110101001000000010010000100001011100111011110001100100100101001100011101010111
000111100000111000001000011010001001110111000010100101010001101100000100110101011101011011010111000011010100011001001100000101001010111010000110100100101001000110001011111110101111000001000011111101000100001100011101110000001110010101011011001001111001101110001000111000100100100001010111100001001100011111010011001001100011101110010010011100111100100000010001100011011000110010110001010000011000011000100110110101110011000000000011101010000010000001010110110000110110111010100001
111100011011101101110110010010011010001010111010101101001110111100101100110011000101010001101111001001011110001101100000000001001100001010000111111001111011110110101000000001011000100011101111110100010011111001000010000010001101000000101101000111101101110101000101101011101010001011010101110101000001111110011011001101100111101010010100000101000111110001101000000111110101010111011000011001101011100000101000010010001000010101001111010011110010000001101100001100100111001100001010
001001001101000111011101001110011100100100111011100001011011110000111001000010000101110000010100111100001110010100000010000100110001011101111100101111000000001010100001100100001111111101011010011100101001011011010110001111010000000100110010001000110000110011111100110011010000010011111100000010001000111101000000111111001111010000000000111000101110001000110011110001110100111111010011010100100110111100001111000101101101110001001011000101001001100110111010110100001111000100010001
110101101110101010101111000000010101111101101001010000010001010000100000011100100100010010100101011001010011010001001010110101100001011110010000100101000111000011111001110010000011110010000111100000000000101001111010010100100001111001100001110111010000011111100000000101110011110101000110010000001100111110101000101101100010110111100100010100011111001101100000101111101111011101001110011101000110011010100011000101000101101100001001101011011100001100111000111011110010111101100011
000000110000110101010100101000011001011000001001001100101000101100110011011001101001000110001101110100101110001100100000110111011000000110011000000000100010010101000011011000101100111111000111111001011000110100000010001010101100100000010011100000101101110100110000000000110011000111000001110000100101110001111110000000100001011000101001010010001000000000101111000100100011100000100101011111011100000011111110001011101000011010101101010101110110101101000100100100011000010111001111
011110000010000001110000110010100110011011100011000110010100010000010110000101001010001000100100000101000011100010101101110010010110111110000011100001010001010001010010100000101011110000000000000101010000000111101111111100111100100000010110001111101101000010000110100000011010111100000000001101000011010000000101100100111010110110001000000010101001011110111000101001111111100001100100010001110001011100010010101011110100000000110000111010011101011110101111000111110110100001111011
000011011000100010010000011101010011111100011100001100000101100100110101011011000001010000100001001101010110110110100000000011111011000010111001000011100100000011110100000100001101001111000000010100010010111010010111001011100010010011011000101001000000101100100111000100111011011101000000000110101011010110111110000110001101100101101001101101101011010101110001111101010010011010110001000000000001101000001100010010100110100000001100000000100001011000101100001011100001000100111110
000101100111110111010001011110001100101000111001101001101100010100110101101101001101100011101011000101110101011010100010110010010000001000101110100101001000001111100000010011011000000010111101011000000000001001010000101110001010001100110111000100100111100001011100111001100010110010100001010000100101011101001000101100001001111000100001101010110000000101101000001000100100001011000010011010010111101000111000101011111001100011101010010100011100000100011000110110100111001110111101
010001010101000100000100001110001100001111111001110000000101101011000010011100010010100011100010100000101011101000110000111010111000000110001101000011100111110001101010001110100011110111011111000011010011010011000011101011010100110011101001101000001100001001100010010000101100100110000001111001000111010010001001100011000101110001000110001010100011000101001010110010011000010101110110000010010100101101001001110100100111101100001011001010101100001011010001110100100000001001000000
100011010110000010011100010110010101000100000110001100001101110011111000010110000101101100001101100101010000000100010001000000110100110011110111101010000111000100000101010101001110100111000001010000100011010000101101010011001011000111010001011001001101010101010101000000000011001010100010001100110100010100100100100011000110001010011101100001011011000001100111000100000010100101101010101000011000100001000100100010010010011100100100011000100111010100001011001000100010001110110100
001100100110000000010110010101101100000001010000000010110001000111000010110111101001110111100000000011101100000111010010001111110001101101000001100000010110000011111110011100101101101001000110001100101001110111111111010101010000100111111000010011010000010010100001110110011100100110010010011111100110110110011010010111000110111110000000010100110110000001011000101011010001000100100100010100101001100111000111001000100110001110000111100101011001010001110101000100011001110010000101
100000000010011000100011001100001100100000101010000001111101001000001001100010110010000011110010001011001010001100011110001111011010010001010000110110101110110110001101000000000100001000000110001101001110110111011011001100001111000010100001011000111001000111010001011100000000101100100010111010000000000100000111011011110110011111100010101001000001101100100011001100001000100100001000010010110001100000010111010111100100100011010100001011110010110001010100101100110111000010000001
100010111111100100111000100010001110111111111000111010010101100000101101001100100100011000001100101001111001101111111000100100101001000100011010100000110011000011110011110100111101001111111000000001000000000011100110101010000001000101101111101011010010000100011100000000111001110011000101001000011011001010011101111101000000111011111111101101001000110000010101111101010110110001111001000110100000111000101101001110111111011011101100000000011111010011011011001110111001111010101110
100110101110010100001101100001110001001000100101100100010011110000011110110110100000000001100101101011001000000010100101111000110011011101101101101001100100000010110000011100011001000011111100110110001110110110110011111001111011001111100101110100010110011001000001010010011100111111011011011100110101010001101110111101000111000100000100100010110000101010111001110010101000000100011001111001000001110010001100110001000100110101010101110111000001010001110110100111101001101101100111
110000011011011011111111010010101011000110100011101011001000100110000100100100000000100111110111011000001010001001010011011011010110000111001000000010010000000100100000001110111101010010100000000100011011000111100001010110111010000100110101001110010000001111010100001100100101110001100101100001100000010100010111011100101101010100001101110100111110100010001101000001100010101011111000101010011000010010100010000001110010001001000011010100011110001010101001100000100101110111010100
101011001000000000111000100010001000011001000000010010000001110100000011101001101001001000000110100111010001111100111101110010100100100010010001100000011110111000001011100010110101110000001000010110010100100100101101110100111011100101001110010011101010010100000110110000111011110100010101001101001000001101010011000011110000011101101110101000010010011010100011010001100110110001010101100100110100010010000000010000111000011010100001000101101110000101010100010000010001000011110110
011110000101000111000100111000000011100000010001001011011101101110010011111110101111101100110110000101100110011000010010010011111010100010000011001011001011011001110001011101101110100111101000011100001100001001011111011000000001011111111110001110100001101000010000001111100100001101011100100110010010000010011111001010111100111111011011001001000111111111000101000011101101000101000000100011001101001100000010000001101111010110110011110010100111111001110010100110111010101100010111
111110111000000100010010110010000110011000000110100110100010011110100101001100101001100010011001110011100110011000010000010001111010011110100000000010100110100010100001100000000000010010000011010010010101111010010010100001000101100001011010010000001000011011001100110111010000010101000001001110110000000001001101101101100000100110110001110010011010010100101100100000000001110011100000001000010001110101000100100010100000001111111000100001000010100100111011001011010001011100011101
001100111001000010100010000110001010101101100000101010000101001110101011011101100011011000110100100111111110001000110111101011101110011100101110100100000101011011110010110110000010000011011011000101101001110101100010101011001111011000011000101000101001000100011111111010101111010101001001011111011100110001110111011111110110001110010000011110111100100000010000010000111110100010010000010010101100010000111001101111110000011010111011110000011011011100100010011001011110010000100011
110111011011110010001110001010001110110111101111001110101100010001011010110010000111101010000000110001010010000111111110011100100110001011011001010101000100000100100101001011101101011000000010101000110000110010100000010000001100000010110000010000001100011000111001100001110010000000101010011111110001100110000001001101111110001111011010101100101001101000101101011011001111110000100000111000000011110001101010101101101100110100110010101000010101000011011000000001101100010100001101
101011001101100111111000000110100111100000001101111110101100100110011011111111011100000000111011101111100100110111100010001110110100010110111000000100000110101110110011110000001000000101101011010010100100010011011111110100000110001000010011111010111001101001110110010100000000010001111110001111001101001110110000000000100000110001110100101101101101100101110101111001110101010111110011110001101010011000011011100011101000000111001011001010001000010000110111011100011010100001010111
000010001010010100001000001101101010000110011111100110000100111001100011011111011011100010000110111111010001100001010010000101101011110001100010110111011001000100001000011000011001001011110000011101110000010000010010010011110111111100000100001101100111000011000100100001111111011001101101010010100010010011011001110000101111000110111100100110001101101000100110111010010001010011100000010011100100010101010010011000111111100111101010010010011010000110000000000010100101100001101111
000010001001000001011111001010101000011011001011010100000011110001101110011010111010110111111101100011001111000101100111111000001100010101100001100001001010001011101001010101111011000000001100011100000101010010111000010101101100110110010000101101101100000010011011000111000010111001110010000001100001100011011100001000010111010000101101011000110100000001001010001101001101101001000000100110001001010100100100000001111000101010001001110011000011000001000110000000100100100111001010
100010010110101010001111011010101000110010001000000110100001011010010011011110111011111001001001011101111011011000000100011000100101110001110010101011001001000011011001110101110000000000011111111001000100000010000001010000111000100001100011111110110101100010110101000010101101000001011101000101000010000111000110011001000011110111101111010100010100011101110110011100100101100101110010100000001011111101111001011011101010100100111101101000111111111001110010110011011101011101110110
010001111111011101100111000001001101001001110010011111001010011001011100010110011100110011010000110110111111100000011100100101110001100000011010000101010111100111001101000010110000100011000011101100101100100011100010011011001100011001111101010101010111010110110111110000001001011000110011110010000101011100111111001001101000000111100011000010010111101111100100001110001000111011010000010001100100100110100100001110011111010001110011000000000010000101000010011011100000110111101101
001000101000111000000101000110100010111000100101111100010000010001001010101011000010111101011100001011101111010000110011011001001010111010010000000000000011010001000101000101111101011001010110001010110110100111110100000000001000110001011000100010000010111000011011001000101101101000110001100011000110001000010011100001010000100011110000101000001001000001100110011001001110000111000000110111110010111100000111000101000001111100010010101000010101100111100110100110000001100001010000
111000010001100101000110000010110100101111100101000010001011011010110101000111000100100000111100010001001111011111000000100111010010111010010010110101101110010001010100010011100000110001110101001001011011110000111101100110100100100001001111100001000100001101100010100010001010101001101010100000000001010101111110010000010000011100011001000011011110011000001000010000001111101011110111110001010100111010100001001001101100001100111110001011111000010110011111100110010101000110101010
000010010111110000010000110001001001100010011001101101010011110010001001100011000101001000000000100010000100100010000000100000110011111011001000100100011100101000010110110110111010101101100001001101100100110000100001000111100011000010100000010001110100101111000101100011000011101011000100001010110010001000000010110101110000001001111000010000100000110010101000110110010010100110001001101001001101000101111001101001101001101001101100000110010010000011000111001111001000101000001010
001011000100000101111000110011100000001010001011011001010000101111110001001100111100000000110100000101011101101010101101011101000101010000010011000010011000101010010001100100111010110010001001000001101000000101011111000000000010100100111101001010100000001110001001001100100100011010111000101011010001110010101000110011000011100001110010011100001100111001100000011010110010111110000111010010001100000001010011100110010110111001001010001110111001011100010011000001001101100101101110
100000001000101000000000110011011110011000001000010100010100101100110001000110110100110000000010000010010101000100011011001010001001000100011111101110001010000010110101000101110110110011010010101100110101010100111100101010010011110010000110001000011110111001010110110111010111001000000000100010011001101000101110000110100000011001010100000111001000010001111001000010110000110011110110001001100000101101011111001010100000011111101101000000101100011101100000001000111000100100011110
111100000000001000001100010100110000110111010000101110100100111011001000010111110001010001101101100001101011111010010100000101100000000011000000100110000110111101101111100000101000111000010110010101010110010100110101001001100101101011101101001000010001110011011000011000011110010111000111100010010000100001001011010001000000011010100000100010010011001010000111000110100001011010011000111100001000111111111011000100101100101010101100111101000010111000011010110010100101011100111100
010011010111000010000111101000001111111011100000111010000111001110110111110001100110010010100101011111010001001001111001011100001100101011001110011011010111111001110001000000000011110010010110100100100110001011110011001000000010010011000101000110001001100010011010011001100100000100100101001100001001001000001100000011110011010011100001000001000000111000000110010101000110001010011001100110001110001011011011111001000001111100100101111001010110010010001001000010010101101001001011
101111110000100101110011001101010011001011101100110000101100001011010110010011000000000101100111101010101110110011111010010100000100010001001100100001010000010010000100001001100010000010010010000110011000001001000011111000010101000011000101000000010101001110001000011100111100111110010110110011010010001100110011001101110000101101101111001001100110011010010011000010110000010011011111110111000010000100000011110000101010111101110100000100100001010011010000100111010010001010010010
110011110100101011101011111100011111011000001100011010110011011000110101000011101001101100010100110001011000000010011001111100110010111010111000001001110001100010101010011101111000000101001101100000010000000011010011101100100101011010101010011110001111000011001100011100110001001111110010110100011110101100001000010111000001011000101111100001010000111111110110110000101110111101101000111100110001100000110100010011110101111000100001011011000001101010100101001110011010111010100101
100001110110010100111110111000011110110010110001110000000000000010011111000101001010111110000101000001000100101000010100011010000010111010101011001101010010110000010111010001011001011110001000000010110111111101100001110111001101011001001101101000001011000001100101011001101010011000110011111000100100110010000101011101110000001010011101100110110011111010101100001001000001001000110011011100010110000111000000000010010100110000001001010110000101101001100100001000111100100100000010
000001010001000101111000010100010001010010001111001111000000101111001101000001000011010001010001011000111001011001111110001010111110101000100100110101111011011000011110110000100110000000000100100010010001011001000100000110011011101000100101000111011100011001001000101001101101110011000000000010000001000011111010000000110011101010000010110100100001101111011100100111010111110000100010010011001000101000100000001011110100000011011010000100110101011010100001111011100010000001100001
000111010010001001111100001110101011010101001111010110010000011011000100010000101101000100010110101011000100101011110110010010111010110011011010111010001110100111101010000001010100010000100110000010111001110100111001111001011100110001101101000011110111111101011001010010011010010110011010000100100100010111110000000010111110001010101011000000100100000011100111000000001010011000010001110100110010000100000111100110000100100100110000010101010101001101010101100001111010001001000001
010100110100001001100011001001011010111110111000000001100100001101010010001111111100110010000010001111110110011110010100101111101001000010101011111000101011010100100000000001100001110000011110000001100000011110000011101111000110001111000010101101100111100001010000110101111100000110011110101001111100100101111010100100110000011111011110101100110010111101100110011100001101100001000100000000101000011111000000110101000010010111101000111010000101001100110001101110001100010011110101
011111111100110000011101110000100000010010111011100100001101011111000000000000010000111000111000011000110100000001101000111000111011101000011100101010011011011000101000011001001110000110111000111001000000110110001000100111101110000001111111100101001101100010100110110101000011001001000000101110011010110010111111011110100010110101111011001100000001011010010101010101001010110101011101111100100110111001110101111000000011011001000011110111110101011111101001000000111011001100110001
000000000110011011111100001000110001001000001001010101000000110000000111000000110110001010110001110000111010000100000110000000011000111000010101111101101101011110100111000110110000011011011010110011110000101011000101000000101101100001110000100011001001101001101000000010100010000100011001100100011100001010100001011111010110001110010101001011001101000010011101100110011010111110110001001010011011111011110110101100000110111100011101100101000011010100000100111001011000000011001010
001100000100100010001101000111011010000101110000111000101100000000001101000011010110001010000011001000001101110001111000110100010100110100010110100100001110000010000010011011010110010000111000011110111010111111111100100100011010111011010101010011000000001110000101111011010010001011110110000010000100100101110001101000100110010010000011000000101110000010010001001101010000100010000011010010010100110100101010011001011010111001001011111110000010100110010001000000111100101011001000
