110011011010010111011101100010100010100100001100100111010010
000000100010100010011011101011001000111000000111111000011110
110000011100100001100110000110001101000100101001111001101010
101000111011010000000101010001000110110001001101101101110101
101000111010111101000110001000010000100000111101100001001110
011101111100011101001110011000010001010100000110110000101000
011111001110100000100000000100101000100110011101100001001111
001111011010111010000011101001100101100101100001010000111001
010001111111000101010110101000100000011110100000100001110110
110010100011001011100010000011100001100101001100100011000110
111100001101001001010111000111010100001100000111011001001110
000111011011110011100000001011101010111001000111010101000101
101001000111100111101100010011111011100101000000100000101001
011010101100010010111010001100100001001001111101001010000011
001001100111011110001001001000000011101101001011001101111011
110110101000001011101110010010011100001100000001010110010110
010111111100111001101100010010000000100000100111110001100111
010110111101010001000101110010111100100000101010011101100110
010101011000011101000011001111101000010011000110001111011010
011010101100000100100010111001010000110101111110010011110110
101111100000100111000100100100001111000101001100101000000010
100100001100110001011110010110000100100101011100010101000010
010000110001111011010100110101000010011111000000001111001001
011101011001000011010001101010010001100110101101101000101001
000100100111101101010000000000100011110101000110010001001110
000011100110101111001001000111010100100011011001000100100100
101010000000100001110111010010101001111110010000100011000010
010000000111110111100100001111000010000010110011010010000001
101110001011011001101101100001011101110000010001110000100111
101000010100000011110001111011111101000000110010101000010011
001101011100111001100100110100100001001100000010111001101111
111111111011001011100011010000000000111000110101110100000100
000101010011101101001101010011100100100000100011011101111110
000010000000110010000111111101111110110011110101111100001000
100011010010110101110000100001011011001100111101001100101100
010111101011011001100101100000100010101100100000000010010100
001100011101100010010100010001000111110101110010101010010000
101001110000001000000100001010110110111111101100101010001110
101000010011110000101100101001000110010010101000000101011111
000001000000011111100101101110100000100010110111100100011010
001110010101011110000010001111010101110010010000100101111011
010110000011000010000100100001011101011001111010101101101100
100100100101111001100000000101111010011110010010101110010101
010111000010001001010000101100000111100111000000010101011101
010001011011011000000001111000011100000011011001110100010001
001000111100101010011001000001011100100011110011000101001100
010001101011100010011110111111110001000110010001011100010100
001000110111001100000110101010011000010000101111000110101110
010010011011000011111101010000010000110110001000101000111011
111000111110001000100001110001101000010011101100011101011010
001101111110000110010000000110010001010100110011110001010001
001001100001000111101000001101000011110101100100111010010010
110000111010100001000101100111111001000110101010000100000110
000101101000001010001101100010001001001001001110111101110110
101100101101110101101000001011110000110000011001100101001111
110011101011001111010011010001010000011011000010000010100000
101110100100101110100001001100110101110010100011100100001101
111010001101100000110011010110011000101110001010010001011010
001000000011100110111110101100010011000010111100101111010000
001000010001110111100001000110110010111010111010111000001111
000100100000000010010101101011001101100111010100110110011101
101110001100111010000101100011100011101100100000001100100001
011100100100010001011001101010101000000111001101000000110100
001100110011101100100001000010110111000001001101100010110100
101000011100010100011001110110011010011100101001110011101100
101010001000100100010011000000100011110011100100001110010011
011101110001000111110111010110000010001101000100010010010000
100000100010001101000100010110100111101010100000101111010110
010110000110111010001011100000100110001011011110101011100011
111111000000000001010110100111000110101100110011100010010000
111000101000101101110010111010110010100000001111000011110001
100100011110000011111111100000101010110000111010001000100101
111100100110101100000100001011011110001001010001010001000010
100001010100100011100101101100110000101010000110111100010001
000001000110110010011010000011001001010100110110010011100101
101111100101100100100001101011110010111110100100000000010110
011110001101001001000110010000001000101001011101000101110110
111001101001100001110000101110000010010000110011111000100001
000011000010011000111010111110111011111000110100010000101100
101001110101101000001000111001000001000110011110100110011011
000110011001101001010110000011110100101011111110100011000110
111000111101111101000000010001001010001000010011010110110111
101100000001111000011000000100101110101100001100110001001111
100111010000010110011110110000001011000110100010100110110111
000100011010100000100000111100000010100100111010001011011110
001000101000000000010101101100010110111010001100000110111001
100000100100111000000011101100100010100000101101111100001100
001010000111110101010000111000011111100101111010000100011011
010000100010010101001011000001110111111111010110000000100101
000110011000100100100101111100100001110110100110010000111001
000110101000000100111011111101111110010001001001111010100001
101111000000011011101000110101001001000001101000001010001001
110101010110100000100001011000100011001001000011111100001111
110010101010011001010111010100001111000100000001010110000101
010111111100011110000100000101101000000000010010010011010111
011001000001100000001011001001000111000011000100011111110001
100000000001101010000101010000011110111011101101101010101100
010101110110100101011000100111101001011100011010000000011101
100101101011110001001101110110000001110110000101101000011010
111100100010011011011011010001001101001001101110100001101000
