1011100001011001001010101010101001000010011111110001101101011010010110011111111110010000101010111110011011000100011111100001100011110111111010010111010110110101001101011111010111100110110010010101010010011010100100000101111000011111111101001000000011111111100000001110100110101010011011101110101000001000111111
0111111111110000010110110110000101111110011110010101011111100110101010001100001101100111101000100111100101000101011101100101000100110111100100110111001000001101010101010101010111011110101011110111011111001000101101010000110011000100110101111000101001101001111111100011000110000111010110010000001000010100000101
1100010011101101111000010010011101111111110111000001000011000100010011101011100001010100100011100111101110110100001111010111000011100101100101100000001000011010001110101010101001101001000010101010100110101010100000101101110100100110111111000100001010001101011000100111101000011011110110011110010111101110101101
1111111011011001101000000010111110101100000000010111010101001110010110001110010111011111010100101001110010101010011000111110110101111010100101011100000011101000111001111110010000110010101000100110010001110100011000100110101010111001000110110110100110001110110110011101111101011011011100011110110000110111010101
0101110100010111101110100110110100110100101110110011010100100111110100000101100010101110011011101001101110111011100001001110111111110101010110001011001110001101011110111100010110111011110101111100110011101100111011000010110100011011001110001110101111001110100100101011001000101010001110111010100000110101110011
0111101110001110110110011101110111100100111101111010000001110100001011001111000111111010100000111111001111100010100100001000011111101101101001000111001001011001000111010001010011010110111110001011100001101111110001001000100101110101110010010001110010110110100011100010010111101010111101010011101011101001001000
1111001001011101111101101011000011011110110100011001100111001010010111111100011010001011101110110100101101100110110011110110011111111001111100010100110100011011000111110111110011111010100001110010000001111011011011111010001001111010011010011111111011011101001011101110001011001101111101101010101110111010011110
0111100010110101100111011100011110001011111101000001001000101001101100011110011001010111101110100101000110100100101000110101100011110111011110001101010100101011011000110010110001001100111110000000001110100111000010000111011011011000111111111000110101010000111011101000010101111100000011111100101110001011110110
1101110110000010001011000100001101001111000011100111111111011001000001111101110100011110100111111010101110011111111010101010110000011010111111111100110111101100100111101010100010000000000101011101001100011011001111100011110101010011000101010011011001010001101110001001111101101000100101100001111011100000101100
0100011110110011001100110010100000111101110110111110000100001101111110110111101111011111011000111011001001000101101001010001110010100000101110100000110110110110101000110011001000010100100011100101111001010011001111011101001101110011110000011001001001101101011110011100011001011111000100100100011011011101011001
1110111010000101100001011010101100010011111101010110001111010111101101011000100110011100111100111110011011000111010111001010110101001101111100101001110011110000111111111011010110100000100010010100010100110101111000110110101001100100110000111011010110111110101110000010100001110111000110000101111101001010000110
1011100111000111011100011001110101001111111111101011011011110000100111001111010000100100100101011101111110011010111110110101111100001100011110110010011111110001001101101010011110100010110101001101111000111110110010111010110001110100101111101100111010001011011010001110010101110010011101110111010010000111001111
0111001100001000000010111000001110010111101010011000011101111000001000010110010011100011101111010111000101110001000101010011110000111101110110111010101101001100001010111001101000110110011001010101111110010111010000110101001100111100010001011100000100111010100000110111110011101000011001100011110111011101101101
1011111001111101011111111111110111000001101011001101011011011001011101100111111011100111010111111111100011111010001000111001101001111111100101110001100010011111000111101100111010000000000101111001111110111111011110001101100101101100110111100100100011000010110011011110001001010011101010001110110101101011001100
0111110011000000100110111101101111101111101100111011001011111000101011000110111011011010010000011001110110100000100001011011100010011011111010110010111101010111001011010111110111100111001010111111111100001010110111111110011001100111100101001000010011101101100001001001011100110111111111100111111000101111100111
0110010001011010011001111111101101010001100010011100100001010110011111010011110110100100000100101111111101110010011111110111101011000111110100011101010110101101010111101010011000011011111100101110011011100011111001110100001110100101100100100010011110011011111011011111110011101101101010100011001001000000111111
1110110011110011100010010010110011111110110001010110101110110110011111100101100010101110011001000110010010110111001110111010101011001101101100001100001000111101100011000010111000101111010111111111010101111101111110110000101000110011011001011001111100001110110011000010111101111111100111100001111111001110101111
0110100001101101100000111111011011111101100111011011100100010011011000101111001011001000001001111011001110110001100111111111010111111101100110111001011001010101001110111010000110010101010110101011100100110110000101101111010001101011000000101110110001011110100100100010011111001000111100001100110001111101101101
1101011010111010100001110101000011101110110111101111100101100101001111101111000000111100100001101011110111110010111111000100000110011101110100000101111010011100100111011100110000110111011111111010101101110111101110011011101010111101111111101001000011111011111110010111000100010000110001101100110111010010101011
0011111101100011111001100111110111001111011100000110111010100111001010111100000011101101111110101100111111011101100000110000111101011101101100110110001010110001110000101001001111111111011101000110110000011111101011110110111100001110011011110100111110100100000001010011110111000101111101101001111100101111011101
1001100000011011110101000000000010011101111101101011110100100111101111010011010100100001001000011001110010011111111100010010110110100011111101111111000100110011001110100000000010101011100100001100111000111010110011001100111010011111000100011011011011000100110011011000000100011100111011001110100111001000110110
0000000111111001110010010111011001110011110101111011010010111100101000101100100001001000110001000111011010000000111000101011000000100010010111011011101111000000111000000111101101100101111101101001101111111101111001110101011100000010111001010001001101110110100100101101000101101111001010111010010011011010001001
0000110100101000110110101010001010010101010001100110111111001010011001101100010101101011000111000010011100010001111011000011101111101010010111100100100000011101001010110101000110101010001010101111110101001110111111111101111001110001011010101000101110111001010111101010010000100011001101010110101101110010100101
1001001011001011100010000111000000000011001001010000100011011011011101110001011111011011101111011111111000100111000011111011111111110110001101110010000010101100010001100011011100001010101111110000111001010111011011100010100111011100101101110100011111110100100001111010101111000101010011010101011111011100010001
0011110100101111110001111111010110001011101100111100100001111111111111110111100100110001101000100101000101110000110111010001111001111011010110010011011010011000010100011000111100110001011101111010010111101010101001001011011100100110101101110010101100010001111010000111100111100011101011011111011110010111001001
1110110010010101111110000011111100010100100000110010111111111101011101000011101011000111100100100111000011111111010100110011111101101010101111110010011111100100100110011011101000011110110011110011010000111111110000101110101001111110111100011011011001110110000010111111101100100011011111011111110110001110101111
0101011000111001010011001110100110011011110110101000010110110110101111111110110000010001000011000011001001011011110000111110110010110001001011111001111111101100100100100001101111000000000011101101110001111111011010100001000010011011100110011010100001111111101011010000111000011110111000011101001111111100010001
0111000001100011011110000101101011011011101101111101100010100010010110110100100111110110111100111101100001001110011101011011001111011000000101011110011000101111100010010110101101000110000101111011111000001100011111110110111000110101000001000000111011001101010001111011011001001101000111010011000010010111110110
0111010001101011101100101101001111001100110101101011110111000010111111000111111001001111101100111101100101010110100111110110111110010100000011100001110001001111111111011001110111010101101000100100010110111110000101010000110010111000111011101101110100101110111011111101001110100110110000111101011001101111110110
1100010111110100011100011010110101100110101110100101010110111000101111001111011111001001110101101001111111000111111001101001100011011110110101011100101111011000000101010111011110101111100000100010111110100111100001100011001001001101110011001101111001001101001111111001111110011011001111000001110001111111101111
1111010100100000100001101101100100101101000001001010110011100100100110101011101000111110111101110101011001100011110000111001101100111100001011111011010110101000001110111101111100010100111001101001111000010111111101010011000100111010101000001110111110001111110101100111010101001011110101101100010110001111111011
0111011110110010001011011101101101100111001001011101000000000111100110000011100111001111110111001011011010101101100111100101001101001010110011110111111101101111110010101101011001001011101111001000101110001111011001110111001001111010110111010000101011110110110111101110111110011111001011000110111010010101011010
1010101100010101100110011110011111110001101110101010010001001111100111111111001100111011110101101000001110110011010010001110011110000001101001100100010011000111000010001111010100001010010111101100010101111001100111110101011101110101111001110111010101000101110101010001111111001001110011100010000000111110100111
1101101111001010110101111010001101100101110111110110100000001010110010111110001110110001101010010101111110111101110000101110111111010101100110111100000010001101010111101011110010001011110110101011111100010111001101111011010110110111011011110111110010101101100100111101011000011000111110001101101101001101100110
0011011001011011010000011111110101110010010001111010110111100111110110001111101011000111000110111011111010111001111011010101011111101101011101111111011101110010110110010101110100011011100011011011011100101001000101001101111010111011011110001110100110100101101010101111001001100000011110010101011010111001101100
1010111011100111110100110001111101111000110010010110010110011011111000100010101001101001010110000110101110111101100110111110000101011110001010100011101000000110000111010101101001001001000110101111001110100101110001011010111000111111010000111001110110111100100011111001010011000010010000011100100011111010110101
1101010011101110011011000000000010100111110101111101010001111100010001101110110000100110111100101111010011010010010111011011110101110010010110101101011111101101010111100000110110011010000111001101011100010010000111011100001111111000010111000110011010101100110001101111110010001001100010001011100000111111110011
1000011101000110011111000100001000001000110111010101100100100000111001000111100011011011101101001010010101011011101010101000001110101110111101000110111111011001100110101100100101110100001110001110111000011010011011110000101010101001100011100011101101010000111100110011111101110011100001110001111100001101110100
0111001111101101100100111001000011000111010100111100000101110101010100100001101011100011010110111001110010111111010011100100000010111100100100111101110111111010101100101010100101100011001010100111100010010011001100011011001110000110010010101110111010110110100111110110010100101001101110010111110000110011110100
0111001111001010011011010001011101000100000001101111000111111101110011011101111100110100010010010010010011001001001011101101000101110011010011000110111011100101011110100111101000100011101111101110110001010111011110000110101010110010111011101100110100111100100001110100001110000011111101110100011101100000100101
0010111000111000101011101010001100001101011111001111110011110011101101101010111111000111111111101100100111100111100001001010101101110101111011001110010101000110110000011111100101001100000011011111100111001011101101110111110010000001101110001001100110001110111001101100011011110110111100100010101110000011110011
1001000101001101001010001110101010110111011111000101011001111100101111100111001110110101011011111111101011110100101011001100001110101111110110100111110111110000111111100010111010110110011010101101011001010001100001111101111110101101101110110110010100010111011011011110010010110001110000110100000100101000100001
0111010101111100100011110000000001100110101101111011101101111110110111110001010001101111110100001100001111001011101101001100111100110100001101010101010110010001111011100111010111101111110101111110101010111111001111100011011110100110111101101011011111101110110100100101110010000011011111110111110010010100111100
0100000011100011000101100101011011100101100001111100111011110001001011011011010100110001100100111100100001000000111111011001000101111010101111101011110011001010111011000110101100010110111110011101101100011101010000101001001111010100101010101011010000010110111111100110011010001001001010110001011010000111001001
1101110101010100000111001001110111000011110101011100011000101000101010101110011111101111010000010000110101110111111010101010101110111101111011101011101011011111001100010010000110001110111111100011111101000100011000010111000001010001000101100111011101001110011110000010110011001001111000010010111111100001111100
1001101110100101011111010111011101111011110000111010111010001101111110001110000111000010101100110001111000100111011000110010101001100111011101100101011011101001101110110110101010011101100011010011011011101001100110010000010101010011111110101110111101101001010000100111110011111110010101011001101110111011011101
1111111110010111101011101000011111001110011011100100011111011110011110011011110010101110111100010101001011111101010011111110100111100111100100001011111111010110101001001110101111000001000100000101110010100111100001100011101010011101111010100010110101100110100101101100111011010110111101110011001111011000110010
1000001101001100111010101010001110001011110111100011000100011101000000110001111001100111000101111101000010110110101111000100110101111010100111110000111111101101111100101001111011100011110001100110111000110101111000111011101100101011001110000010000100101101100111110100110111101011100011010101111011001010010001
1001011111011110111011100010000111110110101010000010101011010000000011100110001001101101111110101001111000110101100111000011010101110000100100011111000011011000011100111001100101111111000011000001010111001101001111111011011010111010010101111011101101110001001100110110111001101011111100110000111001111111100101
1011100000111110010101110001110111110010001000010111010010011000100011111001001010001011011101011001001011101011111100000001010110001000101101001101110101000100000001101100010100110011100001111111100011111101011111110111101011111111110001111110101111100111101110101111010110111111001011101111111011010001100001
1001010100010111100110010111011111010001111001001111000001010111100001101100111111101100100110100010011100100100111111101111101111101110110011011101010010011010001100001111111010101010111110011111000001000110111001110100011110000101010000110010000111001010110110111110110110001110000110101111100011011010001010
0100001111001100101000111000111000111101101111001001010100010100011111000010011100111000111101010101011000010011000111100000100101100000111100111000001101101111111010001000101001000011010100001110110011001100111111000010111100110001100101111100000110100011111111100011010111000011101110100111100100011101101011
1101010101110011101010010001111111000111001100111101111010001111001110111000011110001001001110110110100001001110101000011111011101001101110101010111101110001010110110111000110111111111000000000000101101100101111000111111011110100101111101010010011010111110100010111111101101000111001110100101111011111110011101
0110000011100011001111100010111011000001111000010011100111000101011011110110110101011001001111001001100100110010101100111110110000011110000110010000000011010111111101001110100001010100100010011001111111101110010111000110111010100011001100101001100000011000000010011011001010101111100111001011101101000110000110
1010010011110101110000011011111000010100110100101000110000110010110011010010000010001010010100000011000111010100111000011010111000111111011111001100010110011011110011110011110111001000011001101000100110111010001111000011111101100111110000001100111110110010001111100110011010000001001100001000101111011110110111
1011101001011001100010111001111011101000111111100110011010110010000100000011011010110101110111001010010011101111001000001000011100010101011100010111000101011000111110111101011111111001101011110111111101000001001101010110010010011001001100010111010111110101110111000010010101010010011011101101111110010110111111
1011110000101100101010110111100011111010110111101110011100100111100111110010111000011001110100111010011100011100100011111010100111010100010001100111111000101001111001000101010100111010100001011100111111101011111001110010100010000100101010011101111001011100000001101000101001010110010001110001000110111010111010
0101011001111000011010101110111101001110100101001000000111010101101111001011011001011001011001110000111111100001011010111110000101111011011110001111011100111000011000111010101100011000011001101100010010101011111110011000011011110001111001010011100110011001100101000101110010101111100110111101010011001101110101
1011011110001001110101010110100100110101100101100111101111111111000110110111101010101011010011111100101110100111100010011100101101110010101101011111001001000101100001110100111011101101001110101110001000111011000010100111111100110111111110101101101111011111111111110000110111110100010001101011010111100010111001
1100100100010101101110110001011001110101110011000111011010000000010110111000111101110110111010100001010001001101101001101100111000001000110010100010111100010010010100010010110001001001111111010000111000011101011011110110100010010101111011001110111001010111001111011011010011110111110101100101011101101001101011
1000111111001101111001111101000000111010101110000111010101011101011101011101101111110111001101010110111111000110111010101011110101111011000100000010000111111101101100110000111101001111011011011101111011111100110111010100101010011111010010010001001110111100010001001101101000110001100000101111111101000011101111
0110000110000010001000011001101011101100000101011011100100001001001110101001100110101001011101000110011000011110011010100011010101101101011110011111100111011111101010111101001101000011011100111000010011110001110101011011100011001011101110000011101100011011111110101000001111001011110011001101111100111111110000
0111111110011011111001001110001110010110011111011010111101111000101110111111101111010000001110110101100101111100111101010000110001111111011000101011011110111000010000100101111001101111111000001000110000011111101110011110111111000001101101011110101110101000100110000011010110110011111010111100101111011110010111
0010000101010111011110010111011000010110010001001110111011111111110001011111011001111001000011011011101000101111001010011010001011111000011110000011100110110101101100011011100111100101011111101100001101100111111010001101101001010001111110000000011111011111110100110100000100010101011100001000001110010100001111
0010010010000001110001011101010000110011110101010111110101010111100010101110000110110110101100111110100001111110100111010100001110100110011001010101011111100101011001001101110110011100010110010110001111001001011001100111011110110110110100110010011110110110110011001000110100000001000100111010111001000110110000
1010110001101111101011101011101000011001011001010000111110101000001100110011011110101001100110111010011011010001001001110011110000110100010001011000011101000110110110010001001011110101001101000111000100001101100011011101011000001010111101110111110010111111011101011011001110011100101000000011000011100000100111
1001011011100001001101101100010111010000011101000000100000011111100011100011001111000001111011010011001011001111100010101011010101000000110111110011001000110011111110010101110011111111101110100001011101110100001101110101110001110111010111010001101110000100100000000100010010110110001000010000001110010111011100
1001000100011110110110010111100111010001100111111110010101100010100100110100100111101110101100010100011111011111011010010110010011000001001011111000100101110001000100101010100001110101010111111110101110111110110110101111101010111000111110101011110011011011101100011110100000100110101000101100001100101110011010
0110111111110101011100110110111101101101110000100100011111001101011110010111101100000100111111001000010001011110100110001011100101111110000010111101001110010011111011011100110100101001100111010001011110100010110111010110111000111010001011110111011010011101001101111111000011110100011110110100111101101111110011
0101111101000011101001111100111100110111100100101110001100110100001101110011101001010011100110011110111101111001100101001011110100110101101001111111011010001111100001001011111001001100110011111111011000011111001100110110011010100011111101011111010000001001101101101011011010111101011111101111010011000011100001
1010001011111111111010001000001101000110100101010011001110000110001001111010000110100110010100111100001101000110001100111100001010001110010010001111011110001100001011010001010101100101011000111101100110110010000000101101010011110111110000010101000101011010000110111111011100101101111101110100000111110011101110
0110010111010111000010011100000101001110011110001011011101001011001110011111110111010111111101111010001100111010010110101010000110001110101111101011001110111100111010111100110000110111001110101110110111111110111101111111010010000001100000100111111011110011101101110100110101011101100110000111111010010001100110
0010101010001000000011101101111100110001101101110110001101111100000110111101111101001010111011001100110110001110000111111001001100111111011111011101011101101000011101111000100011100100101101100111011110100111110000101011001111110001101011111110010110110000011101110011111111010001001111000110001000001101111111
1111101000100110001111001101011011110000111110010110101110111100100101111001001001111101000100100111010111011111010001110100001001000001001100011111011010101101011001110111011101000111101101111001000010101010111100011111101111110110000001011011001000010011010000001000101101110101110111011000001011110010111000
0010001101010100111001110001101001001000010011001101000010100010010110011101000010010010000001111100111000010101100101000000101110001011111001111111111111001000001001111111010100111110011100010101110000001100110101101111011111110111100111001000011011110101001111001100001100101001011011011111011111001000101011
1011011011111101101010111011000011111001101101010101111001001111010101100101000001110101101011011100100110100110111011010001111010101101001110010101011110110111000111100001110010101001100011110111001111011110011111000000100010110101101011100010100111001111111110001110100100110111101111111100110100001101011011
1110010010111000100110100111100110110100000111101000100001000111011010110011110011111011011111110001100100001011000011101111100101111001111010011110011010100010101110100101110111000010100110110111111001001010011011011100010010101111100000001000011000010011101100010110011101000111000111011110100111100100001111
0101101101101110100111010110111010000000010011101001011100000000110100001011011110111111111000011100111111011110010011111100111010110111001001001011011101100110101110011010111111011111011110110011000001101110001010011110111110110000101001000111101011100011111101010110101011010010001110100111000111001101100101
1110100010101100111110010011011110110110100010000011100111110111100011111111001101111100001110100001001111100101111101011111111011011011110001101010010011011010001100010111000010110010100010000110110010000000101101011110110111001101001011010011001011011010110011000100011011000111000000110000011000110100110110
0111111111000100100101111111101111000001111010011110001111100111010010101111111110011111000100001100010000101111011000111010010101001111110111100111110110111111001000111110100011000111110101111101101110111100010001001111000011100011111001001000001001011111110111011011111011101101001101100100100110100010110100
0001110110001001101000111010101100000111100101100001110100111011011110010111101111010010110010000111111010011100101110010101001011000001000110110001100101000101001010100010110011100111010010000010111010000110011110011011111101101011000011001001110101011010100000000010011111111011101011000100101011010001101011
0011101110111000111101101100111000111111111101000101101011101101000010100011101010001011111110010101110101011110101111000111110100000000010101000100111011100010111110110110110111111110101110111011101011000011101110001010100111010111010100100110110010111101110011001110011111101101101110111001001111010011111101
1001110011101011011001001111000010110101000010101000010000010111111001110101110000111111011011110100111000110010101101010110010101001011111011001011100111110110010110111011001011101001101001011100011011111001100011101111011101111011000101010111101110110000111101101101101101100011010111011100110001000111110110
1111001001100011001101111001110100100100111110011001011000011000110000011000101000101111110010110010101110011001111111110100011100011111100111001110010000101110100010010010011011001111011001101110001100001011010101101110111100100000001111010001100010110001111010001110010101110000100111010111101110101111011110
1100111111011011100010110111111100010011000011000110100000110101000100110011110100000110101111111110000100111011111001000100011011011011000100101101101011100100010011111111100010010111010100001110101010010111101111001100011111000101111011010010111110100111110011101010101100001111100100110000001110100011010101
1001101110101001111010100100011111100001000001011011101000110010110110111100000100101010001010111100111101111011100000100111111001110101011001010100001100111000100011110010011111001101010101111011001111011110110010111011110010001110000001100100100011110010101011111100010110011000001011011111011001111010000101
1001111010100111011010000010110001111000100111101000110101110101010101010000111011001101010111101010100000001010110111101100001101011100101000011111101111110110011001000110100111100101000110110100101011011011111000000000011110001111010011110111000101011000110010110000101010110111000101110111111110111010111011
0100111111100011110011011000011001010001001000111100111100001001100110111111110010010100111010011101010010101001101000000101110101101000111000010100100100011010011010010000010000110000001110010010011010000001001010011111100110110001100101111011110111110100110000101010010010110110010111011010001110001111111111
1111100111001111001101101011110001110101010100110111100011001110100100101111001110001100111110000010101110101110100111110101101010010111110000000111111001011001100101010101110110001101111100000011101110011011110011110000100100100101000111100011110100111101000100000010000110010100101010000001001010000010011111
1100011011110101000100011001011110001111011011111010010010011110000110100000011001110101000101100100010000010110011100101110100011110111110111000001111110011111100101110001000101110111000011010001100101001111001001011111010010110111101001000110110101101100110010100100011001101011111011110001111000011111001010
1011011100001011111101110101101111100000110111111101111100001010110001101010100110110100101111110010111000011000000001010101101000110010110000000011100001000111110100011011000000100110011100110000111010010100011000100000101110101110101111100011101101110100110011011010011010100000010010001110001000101011100111
1101111011101001101111010010100001101101001010100100111111000101010101001101001101110011010111000000111010010101111110000000100001010101011111100111101101000101000010110010001101111110101011100010110110000111010110010011010011100011011110011011101100101100011110000010011111110100100101000010010110000011010101
1101100011010111111111011011100101001110110111000011101101100011000101011011011111110111100111111110010111101111011101100111101001100001101000000100111111011010100000000101011010000101110010000111000111101110110011111101010010110010101011111101110111110011011001101101101001101000111110100000110000101011011010
1100100011010010100011100010101110110111110000011010100010010111101111011001000111010011011100101010011100011100011101011101000100010000101111001101011100010001001001011110101110010010001110000000101011111000100001011101110011011011111011110110000010010100000111100101101101110011011011010110111110101011110111
1100111111110001011111111101001101100100010010011101100011100010111111110101101011111110101001000111110111101111110010110011100001000110011100000101111010001011001110111101010111100011011011100111110010001010111011101011001000000110011110110111011111110110010101100010001001100011010000010011011001111100101000
0111001100000010100101101110111001111001101100001101110110010010011101110111111010001101101000000011101110110111101000111001110011011110001000100111110001111011111010111001010110010101001110111110111101010011000110111111110001111010110101001000110110111101010011101101100000100110111101000001111010111010101101
1010100100011000101100111000110110100100010010010100111100001000000111101101111110111110111110000111011100000010011010111100001010001011011010000111111001001010101100011000110011010111010000110100110111011110111111111011111110010111100100100011111100010100101111100111011111010101000110011000010101110111111001
0000101001010111000100011101110100011101101010101101111001101101011110010111111100101111111110111100101111011111010001110010111101101010110111110110000011110110001010001111011010101101111101100000100001001011001011110110100000110110111101111000100111111000001101000110101110000011111100101110100110110011001011
1100011100100011111011011101011111000001110010011110111000101000001001011010001101100101001100101001011101101101110111011000011001010110110111111110001011110110001000000110101011001111111011000010011011010011100001100011011001100101111111010110110100111100000100010110011100001100010001110110010110010110111111
1001110011011011110100001011111011000011000011101011010011111110011111001111011010111011010001111000010000101001011110111011010111011100100101000000101011001110111111101011010010111001011001011101101010001110110101001011110110001110011011001011011010011010010100001001001101111101010111000110011110100010101001
