11011100100101100111101111010010110001010011101000011010010100001111101011111110100101111100011111010100001000100001101100110100001011111010010100101101010001001010001111100110101100000010000100100011011001001101011110001110101101000000111111011101110010111101100100011001001000010100101100101011010110001011110100110100111011100001010000001100110111010001011110100011101111000101
11111110011111111111100101111110011100011111001110100100011110011111101000011000100011000110001010110100101001100110100011010110011011111111000111001111100110011100111110001011110011010000001101010011111001110011011110111110111110000010101011110000100000001010110010100110000000100100110010000110111111110101101100011110111010010011111110001110101010011111001111001111011100000010
10100001110001100101101011010111101000110001111010111100101010111101000010101001110010111101101110111111101011010110110100011101000111100111100111111001001110101010101001101110010111100100111111110100011110110100110101111110011111000011001010000111110101100111110110011011010101101110011011011110010011100010010111011010001011111111100111101011010111101001011001010101010111110010
10010001110111011101101110001010100011110110001110011100000010100011110000110001010110111110011011111000011110110001010111100101110100111011111011110010001111011001111001100111001100111101000100011000011011001000111011000111110011111011101001101101110111110001111101000000011010101100100000000000010111110011100000010011111010100011111001110101011100010001101100001101101110001111
01001001001101101101011100001011111010101000111010100111001010010010110011011110011110110101001111111110100111111001011001001111101100001101100000010101111010100101010101100011010111001101101010110101001100111111101111101101101111011110111001100111110010000111101011000001110100111001000011001100101111100100110111100010100100111001000111101110110111110110100111010011100111100111
10101101100010010011110111110110010100010011011100011101111111100111111100010100001100110110011001011110011000010001101101011101101101111001010101111001010011111100110101101011010111111011010000111110101100011110110101010010010101010101111000101011110111010011111101010000111110110111111111110010001000100101101110000111011001011111100101110010101011100011110011111111111010101111
10011010110011111110001111101000010110001001101010010110101000010101111100011011110000101110010111001110011000011011001100001011000101111111111101110010001110110111100000011110010101011001110111001000010011010001100100100010011010111010000110110010111001010101110101100100011101101101101000111011101011010011111110001111001111101010000110111101001110000001010101011011101100100010
01111001100000111110101110110100011011100000111111101100100100010110000001011010010011001111011111111000010011001100100101111010101101101001111110100101100011101011010011001001010110111011011101100101111110101010110010101111011010001010111111101111001101001001101000010011111101100010010011111111111011111101101011111011111110111110000110001110100101011101110010111111101010001011
11111110110101101001111000001101011111010101010001010111111100110001101100101100011100011111100011111111011100010101011101010011100100001111111001101101101001111111100011111010100000110101110111110010010111100111110010010101110001010011110011100001001100011111110001010111011111100101111010100101110101001100001001101100111010010100100011110110111001110010010101011000011110101101
01100010010100010101001001111000100000000101100011010100111011100110101011101100000001010010000111100010010010010110011000111011101111000010110101101111000111010100100110010110111101100011001111000111000110100010011001110001000001101111111001010110111010111011111110101101000000011111011100110010101010001111011101101011011001011011001011011111111110100011110101111110011100010101
00101010110111010110011101110110111101000101010001101111110101101101011000110101101110101100110101010000110011100111001001000000011001000100011111101111111100010101000000010001011101111101111000110000000111100111101110100011010001110011011100101001110100001111001011011011100111000111111010001011011011111111001011100011010110101101110010110101010111011100000011001101100101011111
10101101000110111111011111101001000010011101001000001111111101101101010101110111010011100010010100110101010001000111110001101111111000111001100010011110101111010101111101001111011100000001111111110101010101100110111111010111011011110110111010101110011100100001010110011111010110101101100101000011100110101111010000011111011111111101001010101111101101110110011010101111110110010010
10011001100011111111111011011000101010100010001000110011001110010010111001111011101001111011101100010010101001111011101110110100101111001111011111111110100100110011001110011001011110100110111010100111110101101100111101010010111011001100111011010011111101101100010100110011001110011100101111010000000110110001110110010101011010010110101000000111101001010011101011000110010011111110
00010111100001111101000111101111100011100000101001101011010111110111100110011011000001011001111011011100010010001101011000111001001111110110011011011011110110100110110001110010111001100010011111111100000101101011110100111110100010001100001100010011101110111000111100011110010111100101111101011001100111110110110011011010101010101111110001111010110100100100111100100001100000110001
01111101111001100111110110000111111001111110110000111011110011011101111001001111101001001111110010110001101011010011110101010000111011111000110000010110100011001111010111111001010011001100011111001011010001000111010101110101100100000100100001010000111011011001010100100110000010000001001101010001100000010011000011101110000100100011010011011010100111111110111001001110011100110101
10110101000000110101111101010010100000011100000010111110010111101000000111101000100000110100011010011110000010110101101111111111001101000001110001000110111000110101010011000010101011000011100111100111110000011101110011100001110000011010111001100111010101001110100111111011010111100111101000001001001111001110111111001010011111111110000011101110110100111001101000100111011111011010
00100101100110011110101110001101011011111010101000011011101110100011100111111011111011001010110101100011101101100111101111000101111110110101010001110110000100110110110110111000101010010011111001110110111000100101110110000011000001100001111111011111001111111001101100010001100101011111111101001011100101101001011001101101010000001000010110011100101011110001101000011111101110010001
11110000011001011101111111110000100101101110110010110011011101111011111011011010100111001001101110011000110101111101111100110011100111111010111100010111111001000011000001100101110001010110110101011001010101101000101100010111101001100111100100010010010111101011000111101101011100111001001100010111011101111011101011111100100000110001001111110000010111111101101011000011001011000100
10010111101101001111011001010110100010111100011111100001100110110010010010110101011110111111100100001001010000101101001000110100101011101110011010010110000101110010010011010000010011011010101001110110000110100100001110101010010011111001111100110110100101011111011110011010001111011000011101110001100000101111110011111000010111010110111011101000000011110101011010010010010111010001
11010010011101111000011001011001000101111111111101110111101011101110101100110000001001111101111110011010111100100001000010111001111110010101101000011110000011100100110111101100101111010111110111101010010101010100100111000111111101101110110111000011100110111000010101101011011111111101110110000011110101010110000000111010011100000001011101000001010010001000011001110101111110111101
01110111111011110101011001010000111111001101001000111101000111000101000101001100111010010000101011000000110011010000011110010101000000011000101110111101110110000010001111110111001111101111001011011110111001000110110110000110000111101001001011010100100110101101101000000100010101100111101001001000011011101110100010111011101011110011111111100110100110110011000011101101100010101000
00000111110110101011110101100010111010110000110110111001000001001000101011100101011101010101111000011010111001101101100000011101101110100010001010001100110111110000111011011110010001000011010011101100101100000001110110111110011011111000111001010000001011010000010011101110100000011111010100111001100100100001110100111111001011011111101111001101011111100000000100100111001011110111
01001010010001110111100111111101011111111110111111000010010110100101000101100100001101001011000001000101010010100011111001101001011101011110111001111101101110100000011010011000110011101100100110111001010001110101101111110101101110000100011011011011010111111101001101011111101111110111110011010011010100001001000010111111110011011100110110111100001101111101110001001110110100011100
00101010000100111100010101011111100110001001100001000010011010011110001110100101001110111100100111111101111101100010011011011101011110000111010010011010001111000001110101001111111110111011000001110110010011011101011101001110000111010010100100011110110100101011000101101000110011101001101011110110111111111111111011111011111001110101000011101100111111101011001111111111101111011101
11001110110010100010011110001001110101111010110001010011001100101100110010010010110110000001010011111000110111101110111001011011100010010011111001001001111111011011000110000111101100101011100011001001011010111110000111001111110100111110110110000111001001111110011111111001101111000110010011010110110011111111101010010111110111010110110100010101011011110100111110111111011010110100
01111011001110110011100000000100101110000100010011010111111101100110010100001011100001101110001010001011101000011111011111000110111000101101100100111001001100000011000111111110001101101000101101101100101001111010010010111010001010001110000100101100000011010000001110100110110000011110011011111011110111011100010011001000101110010111011111111001011010110010111001011111010010111010
00101011111001100100110011101001111001000100010110111100010111100101011101110101111000000000111001100010111001100110001001101000010101010111000111011111100010110100010000110000110111100111101001101110110110110100100011100110001111100111100111011001010001110011111000100100000110111110110101010110101010011111110100101100100110101010010000111111010001001111011101101111011111111101
00110111110101010111110011111100011001100110011111101000110000101110001000101011110011001000010101110101100000011111011101000101000011111111011110001100001111010111110111111100101001011111111111110011110000001111010011001101111110111001100100111010110111110111111100010011100111111110000100010001110011100110010101100010111010011101001000000110111101101011100101110111001111000101
00010100011011001110111010010001110101011111100111101001101100101101010001110110111101011000111100011100001011110111011111111101001011100001101100111111010101010011100111001010101110011100001111111111111100110111010101111010100100101111000101001000111010100011110110010000010100101101110011100100001100011000000000000111010011101011010101001100010100110100110100110011011111110111
00110100000100101001101100001000010010100001110100001001111011011100101111111010111110111101110100010101100110101110001101100100110000100011101100110100110011100010011001010110111000111111101111101000100000011011011011100111110100110111101100010011111110101011001110111110001010110000001111101110000110010010001111001110100001001011001110011000010100111101111010111100110111111111
10110011011110101111110101110100001001101100100011110011010110001110101111010111110011101000011001110000101110101111110011011001110111101100010010100101110110111111010000111010111011010100110001110001011110100100011110001000011010111110111110111110001010111110101111111011100111001111110100111111010110111001010111110111100001111101001100101010100000010011101001101000110111111000
10100111100111010000101010111001111111111010011001001110111111111110010111011101111101010000000111111001111001110000111001111111000011000100011000010110010011101011111101000111001110100000101000001110111111101101011111111111011111011100101101100110000010010111111011100101010000010001001001100101101011111111101001010010010101101001110000100010011100101000111111111101010110111001
10100011111111001000001010100110110001100111011010011010010010011011111001001011111010000001110010111110111000101110011101010110010000101010001111001110010001110010110010100000101110101001101110111010101111010011001001011011010010010001000011010111111111001001000110111110110011000000011001101010111010000110100111101100011000011010101110111011011111111101011110111101100100111100
00000111100000010010111010111100111010100110111100000011010101000110111001111101101110101101011110110010000011100000100111111111111100110111101111010110101000000001011001100111110110100011011001110000001001100001101000100000101001010111110000101110100000011000111110101101011101000000011010100111111110101001001001000001101010100110111000110111011110000010111101111011101010011001
00010101101100001110101010101011011001000101101011111010000100110000110011110101111111110110111101110111101011011101011011111010101101110011011100001110111011001111010101011101010110000101010110000110010101010111010101011001111110010101111111110000011101111001111011111110110100010110100100010000010010110001010010001000001011010110100110011000110101100011101001110010001110111000
11111111000011010111110101000101001110100110110010000001111001001011111001100011011101111011100100111011110100100100000101101100001000111010000111001101011111001000100000111010110100011011110011011100001000110100101111000011010100111110111101011000111110010001111010010000111011110011011110000100111101111100101000001010000100101000110110010000011100110111111011101111001001111110
01110100100010001101101111111101001110001001011010000101100100010000100111000100011010101111110011011011100011000111110111011010100010110011101001001110111111011010000111001111001001111111110011011011101101011101100101001111010000110110110100101110010100100100010101011001101001000110000110101000111010011111001011111101110100100110000100011110010101011001101101110101111111000111
10100011010011011001100010011010000011000001111100001100011101010101101100010100001111100100001111101111001010111110011000001111111111111110011100010110100111110001101001110010011111100101011110101101010000011110110000001111101011111110010011001110010110010100110111011101010000011001000101101010100000010101011001111010100001111101101000110110001011011110010001001010011011000100
10110011110000011111101001100000011001111011110110010011010111110100111000000001111111001011101101101000011111010010101110011011100000111100110110100000100110011001111100101111101100101100001001001100101001110110110110000001010001101100010010011100010011010011011000010111100110111001011100011101011111001000111111110111111110011110011100010111110010011000000011110100110000110000
11101111100110101011001011010000010100110101101110111110011011101001111111001011100010111111100100110110111111110000110111001110111000111001110111110110111000110001110101010001111011110010100001011000111100011010010101111100100111100101110001111101011110100000101001111010000001110011101111100111001011101100001001110110111010111110001011101111101011111111101000010101011000100101
11110101101110100011111011101001010011011100110110111010100111101111011111001110111110110000001110101001110001100110101110011000011001001000101100010101000100011111011001101101010111001111010100000111011111010011101101000111111010101111001101001101111011111011011011010110011111101100110011101110011000001101011010011101100000111100111100101001001010011100100100100101000111111110
01101011001101110100101100011010111110111011011101111011011010011001011011000101111001111101101110110010110010111100100010000110100100110101111111001000001111101001100010011110101001101101001101011111110111001101110111101011011011011001000001111111110110101101001100110100100101111111001001000110011111001100111101011101111100011111101010010001001111100111011111010100001110001010
10011101100011001001110010001100111100100000011000000000010010000100110101110011011000110110100011100111111111101010101100001001110011101111000111110000111101001000010101000101000111001111110111001011110010110011100000110111101001001110111011101011000101101110001011100101101001111100110101100101111101010011110111001101101111101111111110100000101010000011011110101100010110011000
11100101101001011101100111101100110000101101011001100110100111010110100001011010111001101001001101011000110100110001111111011111101110100100001111110011100000011011110100101101010110010010011100010001011000111100110101101100110010001000000001010010111111111001010100000101101111110011101101111110010111101001111001001101111111110111101001010001011111011110111100011100011101000010
01011100000000101000011101100100010111110000000111100001001001000100101011010111001011100101010110100101010100011110100110111100000100011000100000100111101100101001011101101110001001000111110011101111111101011111001101011001100101011101011000111101100111111000110111100100101010011110111111101000010110111001000001111010111000110010101011110011100111010101111110000111011100101101
01011011111001100100111000010101100001010011011101110100001001110011010010001001110011110011001100110111000010001010000000011011010111011011111011100011100011001010011001001011110110000101110001100110111100011110100111001111100100101000000000111101100100000111011101111110100100011011110110000110000000000010011011011000101010110111111111010110111010000111010000111110000010110010
10110000111011000111110010010101100001010001011111001011001111101101001110001100010000010001000001000100110111010111101000101110011111001000110111010111001111111111111000111010000101100001111110101011100101011001011110011111101010110000001110111110101001111100100111101000111110001001000101110111000100001100011110100000110000000111101000000010001110101110110001100111111010010001
10010010110101010100000111110011101001001110101111101100001111100110001010111111100100000010010010101110100101111000011110100001001100110011110001111110011111100010010100001111100101101001000011011011110100100000011000111110110010001011011011001110100001000100000101111100110010111110111011110010110001111110011011101010000110111011100110100011110011110011010101011101000101001110
11000011001011100010110010000010101000000111110000001001110001111101010101111001000101111000000101111011100011011110110101111001110000101000100011101010001001100010100111010100100010100010100111010100011010011110110100111101000001110111111011000010110010110010111101101101100100001110101110110011111110001101000111100011111010111010101111000111000011011110001110100101101110011100
11010100100000100110011011101001100101011101011001100000000001000001010111100001011011111001111101000010011010100011100110111100110111100111110110010010110011110100001011101001101100101111011111111010100111101111111100000101111001000011110111111111101010000101100101111000011011101011111111111110001111000100001011110011001111111010010110111000101101110001001101000001100100111111
01111101010000010100011100000110111101011111101010010001101011101101101100100010100110111011100010110010110111100000000000101000101000010110101000010011111000111011100100000111011110010101011111111110110000000001110001011111011011001011000011110110000011010011100100110110100111011010110010110010000111111100010001101110011000011101011111001011011000000010010110011111000000000100
11111011101101100011111001101111010001111111011001111101001010110011011011101110101111001111000011011111101011100110101110111111100001010011101010110010110111001101111110110111000010010110010111101111101111011110010111011100101111111001110001000100100101111011100011100100110010100010110001010011110010110001101110011010110111101001001001111000111001001011011001001110001011000100
11011101100111011110110011110011100111000001101101111111010110111110101001111000100110111101101010111100001010111011000010111011101100011011101111011001100011000101110101101101100101101111011000101110101000111110110101011100111100110100100110101010110001101110101111011111000101010100001001011000111001101101100010010110110111100100100110000010101000001110111001001010011101010011
10000110110010000101011001010110111101100000111010001110110110010011011100111000010011111010011101001100101011101010100101100111111010010110100101011000101001111011000110010011110101010001110110100011100111110111011011111011001110111001000111111110100001000110001000110001011100111001110111010111111010101011110100001011111010110111011100001011110001111010011010000110011001100011
11000000100110000110011010011101001111010011100000100011010010111101011111111101011010010001110111110100111000011111111000001101101011111110111010110110010101010011111001010110001010101011111011101001011100110001101011110101100010011111011110101101000110100101001101011111001111111110011011101101000010111011010110110110111000011110110101011001100111111111110110111010101111011100
11010110100100111111010010100011111001111101011010111001010001011101111111110111100111010011011001111011111011110000000111011110111101110000100101101001111110110100111011000001110101100110101101011110000001101001111100101011111001010010111111000010101101001011100111010111011111001000010011101011110110010100101011010001010000001101111111010001101100000110010111101110011100110111
01110011011001100101101100011000111100011111001111001000010111111011011101111000010110011011001101010101111010111110101100100101111100000110100000001101010011100010011100101000101000001110101101011110100000101111001111101100010011111100110000000100010001000011001000010110100000100110011111010000011100000111011101010100001100111111011010101010011011000101010111011110010011001011
11110000100110001011111000100111110110010100101011001010000110101001101011001000011101001001111101000000111100011100100000000110100110011011000111100101011110111111000001100010100000101111010111011011111001011000110001011111010101111111100010111000100011011100001001111110110001101110100011111101111110011101101011111000001001110011100111100000110011110111000011110011000111001111
11100000011101000000100001100111111100110101010011000010111011110011011101010011111110101011101011100011111110101011011011000111011011111010011110010101011110100111110000001001001110000011001110010011010111101111100111100111100111011001011111111101010101001011001111111001101101011110111111010110011101011110011101101000100111101001001110000111000111011101101111101101101110011011
00000111011110011010000110010010111101011110011011001000100011111111111001110001110010101111111000111101111000011010000000110011100111011101101010111111101011000101001010011110011110110010101111010100110110100100010101111101001000111100001101111010010101100110101100001111011110011111000001000010110110100111110100110111111101111000100001111000000111101011111111101110001101100110
00010000011001100011100010110100110111101110101111111001000111111101001001011001101111100110111011111111100100010101110101011011111111111000111011101010001110111101111001110110100000110000011011010011110110010111011010011111100100110011110111011101101101110110111110100010111111100111110011101010011010010110001000011110101111111110111101111011010001000011110110001010100010010101
01100000011101010011000001101011001110011000011101011111001111001101011101001110101110110011101110010100000000111100101100000111000001000100101001010111110000001110110100111011111111011111110100101100101000110100011100000001110101100001011110111001110101111101100001000111100110100101101100001010110010100101001010011101111100010111110011011001110110001110111001111001110101101010
00100010010110111011110001001111000011010101010011110010101110000001011111111011100110011101101111010110010101010011000010101100000101101100001001110011000001010011100111100001101111000110110000101010100000110111100011001010011010011100001100011111101110100011110011010110010000011110111101111111100010110101111100010110111001011101110011110010011001000100100110111000100110111010
11000000000110110100010110010100011111110001100110010100001001011101001000101101100100111100101101110111011110110101001111001001010001001101011110000101011111000010000100000100000111111111101100110110001010100001101101100110100110011110001101111110111010101110010101011111011100011010010010111010100101101000110011100011110001110001101000010110011000100010001100100100110110111011
01110110000011110001011011011011101100000110111110001010111101110110111100111011010111100001110110000101111011100010110110001000110111000011110100110101011000110010000111111011100011010111111100010011100101011101110011100000010010010000011010101111001111111101011011111001100000111001100011001110110010011000001101100111010010111100110110010100111011000001110000111011001000111101
10011001110010111011011100101101101100101111010010000001110000111001001000111101110110110100100010011101101000111000101101111111101000110011001111001000100011011100010111111111111011110111010010000000100111011000001000000111111110110000100100000001000111000111101000010000011011100101011101111010100011111101010000100100111101000011001000100001111011110101100000000000011010111110
10100101011001010010110001011100111001111000101101101000101011100001110111011111111101101111000011110000000001110011001111100010100111011010111100111001010010111000100101011101010000001101111011111101110111110110110010101010011111111111111011111111100101001111000010111101100101011000100011111010101000101010111011101010011001101101110010111011111111001101001000110001101011010010
10010100101011010111000001100110010110011011111111000101010110110100100111110110010000111111110100000110101011011111101110110011011000101001010010100101001111100111010111001010110001101100111111111110111000111010001100110001100100101100000001000011010100101100101010001001111001010011100101010101110111000100110100100110110111010110100010000010010011100010010101110011000001011001
01111000111001111110010010001010011000000110100010011100011010110001001011010011100000011010100001000101000000100000110000101111000111110100011111101101010010011111101111110101100000011111111110101000101110100011101100011010111100110010110010110110010111011110011011111101110010010001101111001010101001001110111010001010101100011010110000110010101001101000110010111100100010001011
11010001000111000011100011111001111011110001000011010011110001010101100111010100000101101010100110001001101100011011000110001000010011010110110111011100010011100010000011001100100000101001001100111101011001110010110001101111111111100110001010100110011001110110001010000100111101010110110001011100011011000100010000101010100110010111001101101111101101111100100001001000011110111110
00110100101010011001111101101111100111100000011010001010011000001101001011001001000011110110110110111101001110100011101111110011011001010100100111000111110011101001001001000001000001110110000110101011110101111110110001110110000000011101101111111000101011110111010101110101011010101001000110000111111110101110111110011111111010010000110111111101110001010100001000011011100001010110
11100001011001001101100111010011110100101100001011111111110111110101101001011110110100000001101110110000010000000111101110011101011111010111101111101111001010001110001101101000001010101001110100111000000111110101111011111001100011011110110101010111011111110111111001000110000010111001100000111011001100011001110110110000100111100011101011001010111011100001000110100101100011110111
10101110111101011010001111011111101100110001011111110001011110101011101100100011000011100110100111111010011011110010010111111100000110001111010111101101100001000111110111110111101011010000001110010110110110011111010101100010011010001000011101010101010111011110001001100111111111111011000111011000111110110010100111101101111100110001010111010100111100001101101100101111000110101111
11001000001101101001101010110011011001010001000111111010100111101110001101001001010010110110110011101101111110011000001100111000110100011011001101000100011110010011101110011000010110110100100100100000001010110011100000100101101100111100110001111111101100100001111011100110001101001101100001110111100110011111000001100101110000110000000100011111101011101101000111010011101100010111
11100110011100001010110110001011111000111110110011100110111011001001001001100010011101011111110010010110101110011011001011001111111001101000100100110010110010010100101010001011001010010111111000000001010100111111000011010101001100101100011010111110000010001010010001010111100110101011101110101001110111101010001000010111010001000110101000111010101011000011000011110101111101101010
11101111110110001110001011101100101101111111011011100111000010011100111000000111010100101110111000110010101001101011011000111100100011110010110110001101010101011111100101010011110111010000001111100101110110010001100100111111110001001001101111111001111001010000011011100011010011001010010110100000010001001011000101010111010011100011111011011010110101111100110110111000100101110000
11100000111111111110000001011000100111110011101011101011011011011010101111001000111111001111110111101111010101100100100111011101110000010110011101001110001011000000110110000110111011011000100001110110000010111111000010110101011001011011100101110011011001010001101111111001100111101011111001110010110010110010110000010011001101100101111010101111000001101101010110011100011111111010
11101110000100001011000111000000101110011011111111101011101101101010001111000010010111000100011101011110101000101100001101111110100111011001001001111011011000101100111111101111001000101110010111100110100010110001000101011110011110100101101011100000001010111111110110011110000111100110100111111000011000011111010101100001110110111100011110111000111001111111001101111001001111101111
01010011100001100111111111110101001011111101110111000011000010011110101001000011101001010101111110111111111101000101001101111101010110111111110110011110011011010001011110100111010111111010111000010101101011111100100111111001111111111001001111110011110100001100111101011011101011111111010000100100111101001011111000111110001000011110100010010011101001101111101000010110000011011110
00101011100111010011111101011110010111101000111001110111110010011101000101010011001011110111001001001000111100011110100011001101111111011010010010111000010110111000101000010101001000010110100100011001001111111011101010100010110011110001100101110110011101000001110111111111011101100110010100100001010101001111010111110000010010011101101110011011111000011010111111111100011111110010
11001100111000011101001001011010010011111111011101001100101100101110101101101111010111001101001111011110100010111101001111100010110000101011101110000100010000001101000111111111101100100101000101011110111001011111101101101010101000110100111001000010011111000001011101101011101111011111000100100000100010101001110011010000110101011000100111001101110100010011011011011111110101101110
10111010111100101101000000010000010100011101110001001011011000001100011010100111010100110111100010011100100011110100111101101000111011001101000000110001001101101000110010111011111100110001001001110111001010110101011111010010111110111011100101100101111101111000111100101111001001001101010011100101110110101011001101100101101001101100011001010000000111100110110000100110000010111000
10111110100111111011111101101001110101110111111011011101110001111011011011110010111010110000101010001110110110011110111011011111110100111011101011100001101011101111000010000010010010100011000010011011000011110110010011010111010001011010000110000110110001011011100011000101110000101011011011101000100101110011100101111111101010010010011001111011111010101110001111011110111110001101
01001111001010101101011011000000101100000010010010111010010101110111011111101010011010001010111001101110110110001110110000000100110011001111100101001101101001111011111001111101001011010101110001111011101010011011010001111011100000111011111111001001001101001000010000001110010010110000100001011111011010000001101100010110101111101001011010101111110110001011000101001110010110111101
10111111001111001111011101111001101100011000111111101011000110011010110010101101111011100111001111010001100011100011101011101111101010101111000001010100110000010000100101001011010000001010100100010000011010101011000111111001110111111110110111101100011110010111001111111000101010011111100101101100101001011110111110110101101011101010011011011010111111110101111100001000001001101110
11111101010010110110000100111001111011011100111111011010111100111011000010000110111101011010011010000110101000001101111000100111111110101001110111100101000100110100100000011110111100011110010101001010110110001111011011011110010001010100010000001111011110100011101111111110010000000111011011111101000011100100111101000001101111011010000011100110001111101010010001000000011110111001
11000010111101110001110011111011001011011101101011110010101011000001101011010100011010010000001110111111111100010110001001000000110010101111001011011011101111011001000111101010001110101101101010001011111010000111011101010001101010000011111010111100100001110110011111111001101100110111111000110010011011010010110110000101001111000110101000100001001111111111111111101010001011101011
11111111010011001000111011100101110101101101101010110001001010110101011100110010100010110101001111110000110011001110101101010110011011101000101101011101100010000011111000101110011100101101101101110011110011000010110100000011100111010010001101011010101000101011110110011110001011001011000101000110010100101011110110011101110010000111011010111100110110111110000010001111100100111010
01110101100010000010100111110011010011001000110110011111000111111010110001101010001011001000000100110100010101111101011000111101011010010110111111110110101111110010100001001110100011111001001101100000011111001101100000100110101100011011010110111001000010100000001111011110011110011101111101010100011101111111001111101011100001000110011000011010010111111101011011010110110101111011
01011001010101000110110111101100010100100000100011100111111011001101110111000111100111011110111100100100101000010110110100010101010111100001100011000110001010110101110011100000001101110110110010111110011010101101011101011010011111010100101000111011000111011001111100011111101001000100101100011011010110001111001001001110101111111010100001010000110100110110000111010100001000011011
00110110001101010111111101110001100110101010111001011111111010110111010111101110110000011111010001000000100100100010011001101100110010100010001101110011101110111010011001110111110011000001011101100111100111100111011001011111100001000100100100011110001010101000011011110110110110010100001011000011010110111000111100111111000111010111101111010100110111101100110111110100011010001100
10111101000011001110111111110011001100010001100011001010000011011110101110100000100101111100010101101110001111011011001101101011110111101100010111011001010001111100100100100100100010001100001001000010010111011100111000000000001000101100110001011001101111010011100010010010001000101111111100011111101100100101000110111011111100000010101100111101100010010010011100100101010110110011
11111111011011101111000100101000111110100101001001111001011100011100010100010010111111001100110110100110111000101110000100111110111010011100110011100101111111111010001001010000001111010001010010001010010111101010101001111000101111011000110110111011101011110010001011000010110001111101101000111100111011000000000000011111010000101010110111110111101010110101000001110001011000010110
00001000010101000000111100000000110011100100110111111100110111001010001101100110010110000110101101001100101001110000001010011100101011110101010111111110100110111111001100000010101111110001101010010011011110110101010101100111101111101111000001111000101101111111111001010000001000111110100110001110010001000110011100111110100011110101101100101110011001100100101101110100000010010100
11001001001000111000100111001000111011110101010011100111011011110101001101011011101110111101011100111101101100000110111100010010111001111010011100010010110111010000001101101010101011001010000010011110111111001100111010101110001011101011101001010111010111000111000101011000001011100000000110001011110000100100011110010111001110010011000010111101011000011111110101000110000010101101
11000101111101111001111110100010100111101110000010100101110000011011001101111110010100010101110111101011101111000000000000101011110100111001001101010110100111111000001001110101001111111011011110110101100111101000111000111010000101101011011110111000010010111011101001101111001101101110101000000101010111100100111110001000111010110111000110110011000011010010010110111011010011000000
00111010111110000110000010110000000111010110101010101111001000011100101101101001101100100110101110001100000011011100101011100011001111000100001011001010011110111011011110010110110011101110000101000100010101110011100111010111101010011010100010110001001101011001111100100011101101101000111011011110011010100001110111110100110010100110110111001001001000010000011110111000100010001110
01111110100010110111101110100011011111000110111011000101011111111001110101111111001100011000100101000001001001110110111011011101111110011011101010100110100101111110111110001100111110011010110000100111011011001111101000010000110110010101001000111000011010101000100111111110011100110110100110001101100111100110000111101010010101111011111000011110110010011111100111100001111111000101
11011111110100010110011001101011000110000111111111100111010110111111011001011110100111111110001110100000110111110111110001101111101011100000011001000110010101011100111010111010110100010010111100101111010110111001111100111010100111001010110110111101001111100111000010010001011001101110101100101001100110011100001101101111101011111000110100111000000000011001010101001011010110010001
00011001110101010111001011000101011111011001100100100100010001111000100111011101010000001101011111100101011001110000110101000000011100000000100010111011101011111011011110001011101010010001101100101101001100010011011110110010010110011011010010100110111000001111010001101011001001101010110110110100101010111110110100011110100011111001111101110011010100001000000111100001000110110110
