100101111101101101010100111100011001101110101100011110000010010100101101111100111010111111111111011100101101010111110111001110001010001111001011111000100001010010110111111111001100010000101100110100011001111110110100010101101000011110011010111111101010111101010110110100101110010110110111010100010100101110111110001001110000101010111011110111001010001100100100000011101010111001011011101001
110101111110101001001110001110010111101110011110000101101011101010011001111011111011110101101001111001011110110011111011100100001111111110111101010100101000110101110111101100011110000111011100001111011111010010110010111000101111110010010111000111100110110101100000011010011001001110111001110111110111100100000110010000101011111101110101001100001010010101010110001001001111111100001100101100
111101111011010110000110101111001111111110111110101111101110110101101001111001111011010001100000111001110000010111010100011001011000111100111110000110000001000101011001111101111000010111000001011111110101101111100111010001111100010010100101011110000001111111100110110101011000011100111110111100001110001000100011101001101110101110100101010011111000011111011011100100000001001000101101111110
111101110111110010101011011011100111101101111110101101111101110011000011010100010111111000101111100000111111010010101110111111100011011000010010111101101010001100111110110100110100001111011110101000100111110011011101011011010001101101001001001111001001110101000110101100000111101101011010110111100100111001001001100110110010111111010001111011111101110000111101111001010111000011101110100010
000000110010101110011100011010110001100111111001101110011101110000000101101111101111101001110010000111010100011011000110010010111011110000110101111010110110100011001000110000101110111001011100100110110111101101100111101111011010100000110110101101010100111000011010010001011101111100010011101010110011000111101010010001001011000010010110001001011101110011111101101010010011000011010001011111
111000101111011001111100111110100010000101111100010111010101110110100010001011010100010110001001010100111101111111100111110100110100100110100100011110111011100111010010011100100011101111010110011001011001001010001001000111110110000111011100111010110001110000111011011011001110110111111011000101001000110010011010111100010101001111001000110101110010011010100111110100010011110011110011011111
101011000101100101000110000000001111111111100111101001111101110111001101100111111110111110101111111100000001110111001101110001011110101111010101000110000001110101100111011100001100100111100100110011010101111011110011001111011010010001110010000111001011001110011000011110111101110000100110110111111101101111001101000101011100101001101100111001011011111000110111101011001101010101011011011111
001011110111000100110111101101010111011001100111110011101111000001100111110010110010110100100010011001010011110001010100010011101111001001101010101110101000100110001110110000001100001110101000010001000000100100100001110011010001110111001001011111111001011100010100100001110111011010001110101100100011000110000100100000000000001111101101011001111110100101001111011011001110110011101111101110
111100010010110110111111101111001110101001001000110100110001111001111001010000010100010011001011111111000111011011100110111111111010010111100011101100010000101011011110011011111110000110000010100100010101100111110111011111011011011001101111100110010100110100011000011010111111001100111110110111010000111101111010000100011111111101011001001000100001111001000100011111001100001000110110101100
100101111101110011101110000000010111101101111001100110000110010100101001101101100100011001110110010100100101001000010001101010010111001011010011110010110100010010001100010100110101011001001101001001000111010100100111101001111101100000011110111010100000010100010101100110011110010111110101011001111111010101110111000110010011000011101010101111101010110100100000100100110110111100111011001001
110101011110111001110101110011011001000110000111010110100011001000111101001111100111111110010100000110111000110100111101001110111101111100101101100011100101010001111000111001100111110001011110011011011100011110111110111001111000110100011101001011111101110110100000010100110000101000100111001011100001101111000110100010101111101011011100101000010011101111100111001101110110110101100011001111
110100011011100010011011110101110100101011010011111110000001111101101100100111101111111010001110001000110010000111010110100010111100101010110111001101001101101101001011011000011000000101101110110011010010110100011100111010010010011111010000111000100100101011110000100111101101010110101101101110100101111101010110111110100110100110111101011011100111110001001101001111011110011111111010111111
100110110101011101000111001111101010111111101110111000110111000110011011110010101001110100101000110010101001111111011100111100111011100101110100100101111011001110100001111101111010011000010110000001111111001110110010110100101100001110001001110011100010011010010101100100000010011110010010101110001010010101100100000000110100101110101110111001001010100010001111111111010001101111110100100111
011000101010100100100100111001000110111000110110100110101110000101000010100110000110110001111000000101111000101001011111101101000010111111110100100101111010110101011111111111100111100110110111110110110111111101000001101111110100010011101011101011100100011011011011111100101110110110100100110001000100101011011111000000001111101101001111101100110110111001111110010100001011111101100111101011
100001111111000101011100111011000101111000100101101010111011000010011100100011000010111011111101011110110010100000110001000111111111110111001010110001000110010010110110010110000111011100101000101110001110010100110110010001100110011000110111001101111010011100101000000001001110110100001111101010000100111011001111111011111111111101010010100010111000111111101000100111001110011000111101100010
000101110111111100001011101110110011111011111100101011101100001001101111011011100100111111110111111000011100011010011011101110111011101010100110000010000100101011111001111110101001011110101100111010010101100100111111111100110001011111001111001111001111111010000101010000110011000011111000011111000001000010001111000001000110010011011111110011100101001000010000101100001111001001000001101111
001101110010111101110111100000100111001000100000001101010000111000001110011110101111101110001111100111110001001111111111101010110000000100010100010101110111011111001100111100000101100101101101110011000100111100100101111010101011101111101110101110101111100001000101101010000001000111001101111101111110101011001010000010011111110110011111011011111111010100000111110101100110111011011010011101
101011101101000111010110011000010110110101101111110110101001001000011111101011110100111011010011001011001110000101011100010111011000110111001000100001101001101001011000110100011011111101100110101101001011001011011110000101000100010011101000110101001110011101011000011000011101100001001010110010011001111011010110100000101010000100111111010001100011111011101111000011111101000010000110101100
011100110101001111000110110011101001100111100111101000100010001101101110010110000111011001001001000010011100110011100011100010000011110101111110100010001000111100101011011101101110010010101010111000101110011000000101000010100101100000111100001110011001011000111011100100101100011110111110000111000111011110010011111000000100010111111000011110100010111111100101010000111111100011100111111011
101001001000101101100011110110010100000110001000010001101110011110111100100101111010101101000110111111101100110110010101110000000101100110101111100100110011000001000111111011101100001111110111111011111001000100011101111101100100111101101111100011101010010011111010010100110000100001100101011100011110000010111100100011000010000111111100111100010001000011000101110001110001010001010110100010
100011011111010100110011110001111101011101111011111101111101011010111111111101110010110100110110101001100111110110010010000010001011011110011100111101101001110111010101101111011101000110000111111101010011001000011100111010011010100001001110111111000110011010001100100011010110101011110111000010111011101001001110100111101001101111010100100001001100011100010111010001100001011010111011011101
110111100111110000011010010001110010001001001110110010010110010101100110111010111101111100001011011000000011111101111100000011011011101111101100010111111110110001111010000010010111100000110100110000101100011001101011101010001010010010110110000011000010001101000011111110101100101110101011111011011100111011010111011101100110010001011100110100011001111010011011011100000110111110011101111011
011000001010110011000101111100111111110101011011011100111010100100001000001110001111011011010011001101001001101111001111111011101011010000110101010001010111101011110111000111110000111110001000110000100100111000011111011011110010101010110011111111110111110111001100000001110111010110001010100100110111111110001001111110000100111100111001010110011101111100111000000001011011010000011101010111
001100111000101111100101001101101011110110001111101100110101111100101111101010101000101010001110110111111010110011011011011111000100010011001110110110110011011111111001010101100001100000010110011001111110100101011011110100011101011000101000110101100101101011001111010111101110110011111111010110101101111000101010011110110111010011110110011110000011101110011010010111110110011100010101101101
011010111101111111011100001001011100111000111010010010101101101110110010110110111001001001110110111110111001001101111111111111000011000101011110110111111100100001111100100000011101010111111110110111111110011101010011001100100100100111101111111001011011010101011011100000111111011100011001011000001010111010011111100011010110000110111111100011001011111010110110111000000110011000110111111101
011001001100101001001111000011100101111010111111101111111111101111110000010101111111001001100101110011110111001110010011111101111011101011000011100001010010110001000111110010100100010000010000010101010000011010011011010010000000101110001111100001011110100011101010010111101010101011111111001100111111110101000101000011100011111111001010011010010011001101011011001000001101101010001111111011
111101101010111100101100101011101110110110101010110001010001101100000111001011100010111010011011111111010011110110110100010000111011100001011110110100110101101110111010100000100111000100101111000001011101001101100111101001100000000110100111101001110100010011011110100100111101101110110110111000111100100000010100110010101010101000001110111001101111111010100011010011101101111010010110011111
010000111111101100101010101110100101110111011101110101010111010010000111011000101011110100100100011011111011111011100011100000011110011011101111000100100010101100101100100001010011000100011101001000111010011010111000101000000110100011011011000001111000101100111011100011001100001010000111110110111110111000001011100001011010111000100010110010101011011101011001000111110010111011010000111111
111100111011011110101011110011111010011011000001010101011010100010001100111111011000000110011111110000100011110000000100000100111111001101110101110000111011011001100110011111010001111110000000010011000111110111001101010101110100110101110101101000011000001001010000001110010000110011110111110100011111000000111100010010100000111111110011010110101001001001101001000000111010000101111000011110
001001101110000001010101000111011111100111111111001010010110111100100111101011111111011100111011111011011011101001011110011100000010000000011100011001101000001101000100100100110011001111011011110111010110000101101100101011010111101111110111111111110010111110010001111110010110110111010110101010110111101101110000000100010111010101100001100011110010100010110010111011100100000010101110100011
101100011011111011001001100111110000000101101001101011110110100011011101000010101000011010110101011010111100100101101001101111010011101001101111000010001000111001111100101101110011010101100101100111011111111001111111011101111000001011100010010000001101011110110000111111010001111111010101101101010101111001111010001101111010000100110001111111101101101011001111100010011000100110101100011111
111101110111110011101111100100001000111010000100010011000101000010001110011111000010100101101010111101101011101111101110001111101001011111111011110011111011100101101101110001010111100010100010110101111011110101110111100110000000011111101111011001101111000010111010011110011010110000111011010101010110001000000101110111100101010010110111110001011000101000110000111101100110101110110111001010
010001110001010100000101011111010111100100001100010011101001101111111011111111111010000011011110011100000110010010100011111011111000110011011111100010001101110111100001111100010010001000000101011011110100111111110111010011010011010111011100110110100111110101001101000001101010101110011000101111101010001100011010001011101111101101000101010000101111010100100001010110100011010001001001001111
111001111011000110101110010111000110101010110000001111001110000000111000001111100111011001011100000100101101001011100001111110000010010110100111110011010000101100101000000111000101101010110101010110011111100111111101010010110110010101110111101001000111110010010100000100110010010110100100111111101110000011011010011101101111000100100100000110100110101010001111110010010000010011111101001001
001010110111010101110011011010111001101110110100000111111000110110111101001100101111110001010100110111011110010111101111111000100100111001100010000111001111001101011110001111011001101011011001100111101000011101010010110101111111101010110000100000111010011101001101111110000111110010111011000001000010000001010111100110011111010111000101111101101101010010010011100110101110111001001101110101
101110101001100100011011110111011011011011001000011010100111000101110110111101001011001101000011111101010111101011100100111000100111001110011011100101100001010010101011010010001001001100110011011001111011101101100111100100011010000011101001100110010111100010001110000100011101010100000101011111000001010000111111011101111111110110001000111000010111010010100110001000000101000010011100001000
110011010001101011001001010111111001000011010100111010100010110111011101001000111001000100011001101100001010100111000101101101111011101110101000010110100110101100110111011100110100110011011111001111100111110001101101001101001111011011100010100101110110011111010110000100011010101111101101100001100001101011001010111001011001111001011110110111100101111000000011000001110101110110010100110111
111101111111111110000001101010110011110010111101100110110111010100001111100000011100110101111000010000111100010010110000100011011101011011101111111001000000011010111111100000001001010111101001100111110000111110101100000111100100101111010010110001010101101111110010000100111111100101010001101000101111011110110011010100111100100100001010101010011010010111110011110001011110101000011000000111
010111001100011000010110000011011100011001001100101101111011001100011100001111100001100100000100001000111101000110010111001100110110001001100001101011100100110100111000101011010011100110011011110000110100111000110101100011001101000110100010101011000001100111110100101001100101010011101010100111101010111011100111011110010011001001100111011111101010001101001110000011011011101111111101100110
011010101101100111111101101111000010101111001001100100100100011111110111111000010011000001100111000011000001110100110010111111100001100111001011110110001100101011000011011010001111100010110000001001001011011011010001101010110110001101111010001000000000001110000101110001001010011110101101100110001001011010111111110101110100001001101101010011110010011100001100001011101111101001010101101001
101111011111110110010001100111101000101100100111101011111010000110111011010100011110110010110001110110100010011100111010101101100001101111001111101011101000101001011101000000000010110100111110110101011001101110111101110010011001101101000001111110001011001100000011100111111100000110000101111001111010110100000011110000111110101111010011000111101110101100100011011111111010111111010111011100
110111000011100101011110101001110101111001011100000010011010011001111011111000000100010100111111011000001101101011101001100010000100000110101011010001111011000111110000111101001011001000000011100111000010111010011100101001101101100110101010000111001110110111011100001111000000010110000111111010110110011000111110100100100111000101100011000110011011110110001111100101010111110111011011000010
111101010011101001010011011111010110100110110010100110101100101100001001111000100011101110010011110101110110010111111111001101000010110110010011101111001100111110101110111011010110011010100010101010100111101001011100111000010101111011101011001111101111010110100110001111111110110101100111110111101011110110101110000111001111111110111010101001111001111011011111111000100010111000000011010110
111001001111110100111100000011011010101101111000110101001001011001111111000101111110100110110111110100000111001111011000101011111100011001011000010101110111101010011111001001110011001011011001010111101010111011000110110101110010110001010111001110100010100101110001100000110110111001011101110100100001110011100100001001011000111101010111000010111111100010011000010110011011110001010110110110
010111111011011010000100111110001010001111100001110100010100101110001001011000111111010001011000011111110001100000010001000111110110111010000101111110111100101110101111100101100011010000101011001000100011010110000111100001000000101110111100100100011101111101100000001001101110100101100101001011100011001111010011001111001100111010100110010101111001001100101100010100111101111010111101100100
100101010101101111111101101110110111011000010001101000111000110011110101010110001001001010011101011001010011110000011101111000101001110100101011110111001011011011111000010010101111011111111111101111010111101001011111010101011111010000100110011000010011100110011010111111111111010000010111111101110011000111000100100000110100111001000110100111110110110111111011011101011001100101001110101110
100101101100110111001011110101011010110011001011101101111001011001000000000110100110010010111011011110010111110101101001110011110010010000010111010010110100110110011011100110000100101001110001000101010110010100101110111001010111110110010001000010011011011110011101110001100000010100100111101101001111000111001011010101110111010101011010011011100101110001110011111001110101011011011001001101
000010010000011100111101101111110001111111010001101010110001100111001110101001101100100010011010111001100110110010111110010010001110110111001100000001000111110101100011110001100100001110010000000111101011111101011110110101000110110110000000110101100010111111110111001010100000100011011100101011111000000101000001001100010000101000110111111011010101001110110100110111000001101101000001010001
011011011110110101001001110001111100011001101011100110001100111101010001110110011101010011000111110010000001010011110101101101000101100011010011010001000100010100001100000100011010101101010010101110100010000101110111100010001110001111110101010111001001001110101101110000101110111111101101011100001101101000101111010000110011111010011100100010101101111111101101011010100011101111100001000110
001001101110011110101101111001010000110001111110000111011001110011110100101010011100100110011101110011010100010100010001001111111101111110010110111100001011110111100101000000101111110111110000110110111101110000011010100111010010110010001111111100000101011100011010011010111110110111000000101010010010011000011000011101110011000100110101011001101001000010110111110100101101101011001001001000
011000000100101111011110011010111101111000110110000101111001110100010111010000000000010101001010110000000000101100001010100000110100011001110001101011011111001000110011100011011001000111010011111110111101101010000100011111101111111011100000011111001001100101010111000101111011000110111100111001101110100101000000101100011001001110110001011100111000101111011100011111100000101100100001100001
000110111101111011000011111100111110110000111110100101111100100101100011101110101110010010011010011001101001100001000001000101001101010101100101011001010111101001110000111101011101111000010010100111101100010100111010001001001001000101100101111101010010100000100111111001111011011001110011101110000110110000001110001111011110100000100011111011010100011110101110001001100010000101110110100100
110111011100001001111010111111111101111100101001111001111101011110011011110111011000111001000001001110000010100100111001110011001101010010111101100111000110101000010010100100110101101101110101100101101011100110101011101110011110100011101111100101101011001100101010001101110010001101010011101111101001100110000001111110101010100011100111110111100100110101011011111110001100110011011011001110
001011010101000010110101110000101111001100111011110111000111011000101001111010101110000001110101110001110011101100101011000110000010111000101001100100011011000000101101101001001110001111100011000111101111100000100101111111101001101010101110101111001101101001110100100111011010011100110110010100101111010100010110001111101000010001011101011110100001010011110001011100101010110110100111111110
110111111100011011101101110110110110100010010001110111101011101110000110110111101000010000000101100001010100011011101001000101010111011001010010111110000000100000110110111101110010001000101010111011101000011101111010001001010111111000011110101000111001000110011111100101100101110000010000011100011000100010100001011110010110101100101010001110101111011110011011011100100000101010000111100111
011111001101110001001100100111011001011000101011110010000001011111011110000011001001110011100101111101111000110101110000001011010000110101110011100111011001110010101101011111111010101001000011110110010011011100001010001000100100111011110110111100000100100111001010110111111100000110110110111000111111111100001101100001101111110111010101101000001010101110000100010100110010101110111111001110
110010111101001011001110011001000000010110101010011001110011001110000011101100000100011111110111010101110110111001000000111110000000010111111101010011010010011011011011101010111001111111101010111110011011101010011111100100110110001111000000111011101111010110101001011010111111101111111001010110100111111100011111010111111111110011101111111100011111000100011010010110111111001000101000111111
111101100111111000110100010001011101100001010000110011011111000101111000001110010101000110000011110110100001010110000000001111111001101101011011100011101000100011101100011000110100100100111001111100010010111011011110001101011000011110100110011011001010011101100111110011000011000010011101010110111010010100011110110001110011100011111011101100000100011101101110001011011001110001111001100100
111010101000001101110001111100111011110010111001111110000011100001100100111100110011101110011001000111101110101110000010000011100111001110011000100110101111110011110010100110010101110010001111110111101111011111011111011111011100111000111111111100111110000010101001001001110010000100010100011010000001101101100101000110101011010111110101001100011010010010111110010111111101001110101010111111
101010111110011111011010010111111011111110011100100101101011101000111010000010100101011000100111101000011111101100110110001110101101111000010001101101000001111000110111100111100111101011110111101011111111101101110010010000000111101000110011011000110110111010010111000000101010011111111110011010011111101001101010111010110101001000111001100001111001100011111111000111001010001111011100100110
110001001110110111000110010011000100101010101111100101111000010000101000100001101111000101111100011110111101101111111100010111010110100111101011110000000010101101001001000111000001111001101000111000011000101011011000011100000101111101001101101100011101110100010010110010100110110100101000011000011101100110011000111111110110100000110011101010100000001010000010011011001111101111111010100110
000010000100011001001101010001110010100010100101010110100101111001011110111000111001110110110101111000100011000111000110110101111011100010101011011100011010110011010001000011001001000110111010111111110011001000010000101011001011101000100101111001100001100100001100101111111011101111001001000000010110111111111110000001101110011100111011101000111010111101111010101001100110010111010111000000
111011011000000001011101111110101100111010100000000100010101111011111011101011001110011000100100010011011011100011010001001100010011111100011000000111010100111110010010011110011110011100100111000001110100110011011010111011100100001100101010101000111111010110101101001011111001000111000100000111001011000010100110001000111011111001110000011111111000111011110011100100101100100101111000110111
011001001000110101110111011111111010100011110000110111110001011010111110011100001110011111000100010110000110111001111000010111001111110111001011010101110110010001010001001010111001101011001111110101101111000100111010111111110001101001001100010001011001110011100010110001101101101001111011110001111001110011000000011101110100000110001110101101010001010010000110101011110000011000110010001111
101110111111110011111101101010011111110101110000101100101100110111110111010100001010011001010001110110011110010001001001111111000001111111011011110100111100010100010000000011101111111111011010101011011001011111110001111110110010101010100111001110010110110010100100101110100101110101111001011010011100111000101111000101011011001000101110100111001010110010111011010110011000111101101001100000
111101010110100011100110011110101000010111011110110000110100010010000101001100011100011111010011011101001011101100100001111110100111010100100111111010011110010011110110101100011110100001111100111000011101010001011010011011011110100100000000001111100011001011001001001100000111110100100101010100100111011101001110110111111110111011001111110011010001101001100110011101110100101011000110101111
000110100000001100110111101000111001110110011001110101000101001111101011101111010101001011000111011101000001111110010111110011000011111000100110010110101101110101001100101111010111111000110011110011110111101001100101001100100110110011000111100100111100111010001100000101110111000111011100111001100110011111000011100111011111110100101001010011101101011000100110001111001000001011111110111011
101001101100000111010000101100011001000101110111110000100001011001000100101111110111011101000011111011111011000000101101111010111001101100000011000011011000100001011010010110100001110101010111000001111100000100000011100111010110001011100011001111111111000000100110100011010110111111010100111111001011010110110001100001010100101110101100001000000111101001011001100000110000011111111100001011
010111011110111000001110000010010111001111011111100011101011101111101001110010100010101101001100010110001111110111001101110100011010100000011011101001100011110100010100001111100101110011010010001110001010010001000101000110110101100000111011111101000000001000100010000110010001010101101101001010100101110110001010010111101111110101100111110101111011001001101000010111111010011011010011001110
110100100100111011010111110000011001100111110100011001100100110010010011010100011110000011010100111010001100001011010011111101010011000001011100001000001110101110110111101001011010101001110010100000000001010111000001110010110111110010000001110100010111001010110111100100110111010001100011111001101001011100111010011010011111101110101011110001011010000100110101000111001011001011000001100110
001010101110101000110001110111110010111110110111111110010111010011100101100010111001110110001111111110000011010111010101011101011110001111100111000011100001100100110101101000100100110100110100010010101010011111110011111011100000100011000110111110101110111101100111010011100100111100111111110101001011111011000000101011101001111000111100110001101101111111000101001111111100111001010110011110
011010111000101010101111001110000111110111000010111001010010011100011101111010101000111100011111101110111000111001100000110111110111001111011110000011001110111111011101010111101111101011000010110001011001111100111111111110101111011110110001010110110011101100101100010001101111001000011001100011111111101000111111110011111001111001111001010100011101110010011000010101001001101110110101101111
010111110101101111010100111110101111110011000111000111000001011001111000111010011111111100000111101011100110101010111010010011000000100101111110101011110111101000011110100000001111111100001101001100100001001101010101111000111000100111101011011110100110000100000101111111000110110011000111011100101011001011000111101100011100110110110010101001110001011100000111110111000100110111101100110101
100010111111100001100111111111111101110011101010000010110000110111011011100111111111011100111101101110100100000110010010010100001101010100000110011111010101111010011110001010010000010000101001011101101011011110011101011111011010100011011001100100110111011011110010110100011011011001110001110111100110100101011111101011010110111000000111111011101111100011110101101000101001010101101100000010
111110110000111010011010010100001001001111000011001110101101110111001110011001000011100111001011101110101000101001000110101101001011100101011100101111010001100101010101100001101011000111110001111111110111101100101110011000010111101011111001110000011011100111111100011110010000111011101010100111111001001100010001010010100110001110101111100100011011010000111011101100111011000011111011100100
100110110100111011010101000011110100101000111001010111100000100011111010000011110011001110111000100100111010000001001110100110001000100111111010111101100010001011101001100001110111111110010010100101010110011101010111110100010011111110111000000110011010011100101011101101000111101110001011010010111000100010000110110111000111110011110010101100111001001100011000011010001101111101100011100000
110101010101110111101000101101000111101001011111000100111101100100110011110010100111100110011001101010111101011010011111011010101000110101111101101001111100001000110001101101101110100010100110111111011000010111111110101111011001001001101010001110111011010111011010110110101001100011010001010011011010000111001110100000101001100010100110000010011101000100111110111001010011111011010010101001
011110011110110110001011111110001000010011111011101011010111110100111101111100010110010010000000111000111111100111101011000111101011011100101110111000000011110111110110001111100101111101111100011110010001011111001101110001111010010111101000101111011010011110110111010100011110100000001011110111001001010100100001011111000010001101100000111111111111011111000110010101011011100111001100011001
110000101001000111100111111101000001110110100011001011101011001111010100111111101111000101010111110001110010110000010110100001110010111101000101011110010011011010011100010111010110000101101001010110000101101111110011011110011001100001110100000000101100011001001101011001101100011110101010000100010000011101000011001011000000101001100010100111100111100111101000110100010100110111100011110100
101111011101011111111111111101111000100000110100111001000100100111010100101010000000111001000111111100001111110110100100110100000000010111011110111101001011110011011110110000010010100001010011101000000101000110100001001001110011010101111111001001011100000011001010110001011011010010001101110000011111100101101101110111011110111111010111000001111101000000110011101011101111001110111010100110
111001101111011111011110001111111100010111000001111111101111011101010111101001001101110111001110011101110101001000110100111110011011110000100101011001110101110101100110010111101000011101111101011111010111110001000101101010111110011101100001010111101001111110110101100111011110101000110010110001001001011101101101010100001000000010000100011000111001011000001000111001010110111111000110000011
101011101101110010011011111110101100001110001010110000011011111101111011011101101110101111000001001011101011011101000011100111101101111110101111111100010111110011000010110111000000011111100111010001111111110011101101001101100110001101001111011010111000100100000111011111101011000100001111101111011101011111011010111011100101000111010101001110101001110011100101101110010101100011110011110100
010000001101110000100001000111110101100111100111100011000011101111110100101110111100000000111011100101010101111000001111011101010011101100101010110010100100100010001010001111111101000111110110111110010001011000010101000101010010111110011011011110111011011101000111100010111010111100100110000110010011101000010101110111111000000101000100000000100111010010100110110100100111001100100110010000
001101110001000100110101111000011000110100100011001001001011011000100000110111101000011100110110011100011111100101011101100010001100001100001011101101000101101100011110010000110110000100010100100001101101101101100001000101110101101111001010010011110111000101010110111110100111110110011011110010110010101111000010110011011111110000111100001110111111000001001011101011111100011010101011010100
001001101111011001001011101010101101100010011010001101001101011111100001110100011111101011000011000111010001111110000010110111110010111110101001010000111110111101110001111100010011111011011101100111011110100110000110001011111010111000110111111000010110000011110101111000011011010101110011100001110100001110110101010111111100111001101110100101110010110011111100101000001100100111000001110010
011011111000001101101110010001100011110001110011000110001101101011011000001111001011110111011110101101111110010001010111010001011101111101010110111101110111010111111110110100111110101001000000000010100100100110111111001110101110011111111011001001100110000011001111110110010110000111100100011011110110100011110101111011100100110011111100011101011111111100111001010011001011100111101100110001
111111100100010100110111101111010110101110010111101110000110011000111110010111011001110111011011101011101101010011010100100110111100110011110101100110110101000000000010011110000100111011111111010000011100100000010100011000111110111011100101000101101000100010000100011001010111111111010000001011101101011001011010100101010011000001011111111111100101000010100100001011101011110100100011110010
101110111011101101100000111011011000111100010111100001111110010111000001110001110001100110110101001110111111111111110101110111010010101101010110000001011111011110111101100101000111100010010110001111110101101000111100110001100000111110110000010011011100001001010110011110111101101000011111001011100000010111011011110001100110000101110100111110011001011111011110101100011010111010100011111010
011001111110001001100101101010000111100010100110010010011110100111000001111011110101011100100110011110010101100111100100010010000100111101110110011010101001000110101110101001111101101110101110011101101100000010100101011111111111110100101110101111111111111100111110100001001010011010100111000111010100100001111110101110011011111110100110111010010101011100000001010101110110101101001010001010
110011001110011101000010111101100011111001100100111100111000100010011111000101101000101011011110010011001000100101010010011110110111110011110100011010001110000011110111011111101010111110011101010111111111100010000010011010110111110010000111111011111110110111001100111100111111011011111001100111010011011100010101000110100100010100110101000111000111110010100111111000111101001011101001010011
010001110001110001000110111100010011101010011011010101100011100110011110100101010111111011000110000101001010110101010101100111011110100010001111001111111001010011001000101111111011000110101100101111110010100111011001010000000010000101100001011001000100000000111011000000000011101101001110100001011111100001101010110010110110100111111101100100101010101111100010111010001100001100000111100001
111101111110100111011001011001011111100101110111001110001010001110101011111010001101111111001000100001110010110101010011001111111100000110100011010100001111101111001110111100011110010011111111111010100011101101101101100001011100111101011000010101101110011010011101111101100010001001111110111110011101011111001011101111110100110101011000110001111111100100010011100000110110101010110101110011
100101010010111111111111001011000000111111111001101000100010100111100011101001100110100001100110001110010111000111111010100111111010111010011111101011101110111011010111011100000110101001001111111110010001101000111100101100110101111111100110011111111010001110001011001011010010111111111111110011111010111011011000110010101100001111111110010111101101110111000001100110000111001001111010101001
011000000000011101011000100011101100001101101010110010100101101011010011100100111110111111000111101100101100011011011111101000001001111101111111100101101100110011000000111100001001011010011010111111011011101011011000001111110101011100011111010101110110000101101100101001010110000111001111000111110100111001111000010101000000100110110111111100001101010111100101100111110011001100111111111111
111010111001101111000110100110101100111000100010110011011111101111100101011100111011110110110010010111100010110000110001110001001011010111000011110100110111100000111111110110000011000011110111011101100100110001111111101000110011101011101010101011101000110100110100000000111111100100100101010011101010101010101111110011111001011000101011110000010000000111100010011100111011011111000011100010
011110111011111111000101001011110010001011111100011000000011101101001101101100010001110001100011011010011011000000100001100110100111100110110111100110110101000010010111001011101111101010011000100010011100100111111110010001000111010101011000010111111000101000011001100100000011101111101110100011010111000101111011100011111011110111110100000110110000100000011000100101000111011100011101101000
010010010001011011001100101101101011110100001100001101101101110100110001011101110110011110111110000111110010101100010001011110101111001100110011101101010100111111111000011110101010111000000101100010111110100100101101010111001111001100000001111110111101011011010001100111110111100101000000101100001001110011011101110100100011100101110001001001110011011011011001011111011110101100101101101101
110111110010100011101110010001011101101011111010111011110001011011100011100101101011111101101111010111100011101001011000110111001011100001111001011101110010110000101101110101110010101010100111111110101100011000111110010110010111011000011110011110001111110111000010101011011010010001110110110101011110010111110010110010110011111010001001111100110001001110110110111000001110100000001101101000
001101000010011101100101001000110011101101100111111110000111111011111101111010111010011100010000010111100101011110110100111010101000100100010010001001100111101101111111110110101100001110110011110010011111110010001001000110101011100111001100101111001001011110001010000000101011011111111110101111110001011100010110110010110010000110011100111111101111111111010110110001101011101001100111011101
111011010001011011000111100101000100001010100110011111010101011111011100110110111111001010111001100010110101001111000110101111011100101011111111000011011101101100000101111111000100111011101111110000110010001110001100011100111000110111001010101011001011110110001010010000000100001000000100011011101110110101111010110011010101011011111011111001000010110101101011100000000010100110111101010000
