00111011010111001100101101101011010010101111101101101011111011011011100010001100110100011110011100111110010110100110100100000001000100011111001010011110011110111011011110011101101011101111010010101111101101110011101001100110011110100100100111111001110101110110011000000010001001110101101001111110010000101011001001110111010011101101110001101010111111001001111110100101010000011011110100001011011111111101111110100001011000010011110001111100
10100011101100011100111111100011011001101011111000100001110100011110000111101110110001110001111100011111101110100111001001010001101010100110111111110011000110110011101100111100001100011111001011111000111111011011111111011000011101001010011111011011111001001111101011101100100101001010000101111000111001011000101011100111111111101101100101100110011110111100101111011100011101011101111111001101011111000111001001100000111010111110011101110010
00000011011100011010000110110010010001001111110010110011111001001111011010101010010101011100111000110110001110011101110010001101110101110011000011011101101110111110101000001010100111100011010001011001111001100000110000010000111100111010001101001010001000110001000011001011101010100010110111010011010011010101111101100011011010100111101111010000000001011000101001100100011111101100111000100101100100111110010011011010101001110011001000111111
10001010010100001111001100001111100001110010100011011011100000011101111001001011000110110101110100101110001110110101101001101001000111100000001100101101000000110001110101101111100001110001101111100010101011010101000100111111001000100100110101000011101001100100101011101011000101000000010101010111100001001010110101001101010101110110000000111101011011000010011111011001011111100010110001111111001100110100011011110011101111110111011011010110
00100111110100001000100101011010010101101010111010101000011001010000110001011100100110110111100000001101011001010010101010111110011100111101001001111011111000100101010001001101010011101001101000101000011100111011100010011011010101000110101101101101101101001111111010100101001011011111010100111000000111110110010001011100000001101010010110010111110011011101011100101010010011110110001000001011111110110110110001110111011000110010010010101110
01101111101111010110111001101101000000111100100010010100001101000000110101000100100101111011100101011100001010111000110001011010000001011101010000110010110010011100100101101111010000111110110010110000001011001000011100101000010101011010001011011101001000111011100000101000111011000011000111110110110111011110011111111111111100010100010101101110011100011001001001001111011000111000101100001101101100010101011100110100010001010111111001111101
01110011100011010000100111011111001010011101110011001010111010001111100000010010110011000001101111111001111110101010001000101000001000101101011001010111101111111101000000011101001011010010000101000101110101001111100101101111101010111101000001101000100110100110100100110010000001110110110010111111111011011001111001001110011001111011110010101000001011001100011110111000111110101011110111000101000110110011010001100111001011100101001010101011
11001101100010011000111101111010011100100111110110111111100000000110111100010111010111111001100111000111011000101101001110000001100100111101111100000101011000110000001010100111100100010101011100010110010110101101111100111010011110000011101000001010101010011110001100111110110110100101100100000011000010110001111001011101101101011100100101010101100111011011011001100011010001101010001010101111000100000011010111110101001110011001000001110010
01011111011000000001101110010100101111111101011110110111011101100110001011101111100110111101000101110011001111101011010110000101101100011111111110110001101011001110101010000101111110110110101010110111100101011111101010110111110110011110110111101010111001111110100101111111100101111011110100000100101101000000100011010001101001010110000101011011101010110000011110101100111000110111010101111101110100000010110110101100111011101000101001110101
00000001011110010111010011111100111010100000000111010001000010100000011110001001011111110110011010100111100000011001110010010110101000100101011111101000111010000110010011101111100011000101001001110110111011111110011001110100110100100000111010000100100110111111100110111100101100011111010001110101011001000101000111111100100111011001010111010000100101110110111101011111100011101100101000000101001111000111111001000010001010110010111011010100
00101001011011110000111011011111111111111001011100111011100010011111010111110100001111110101110111000010000111011110011011100001100100101101111110001110110110011101001111110011111100010110001101110000000000111111011111001100110111111111011110110110101111010010001011001000111110110011101100010011111110000011000100011110010011101110001011010111011101111110010101111101011111110111110110110001010000101010110011011101100000101111001010011010
10111111110110100111011000011101011100101100011100101011011111111111000111011011001101000111110101100011000011111011001001101100000010101101011001011000011110100111101101001110100001111010100001100001001100100100111001000111001111010100111100101111100011111001001011110111111011101010000111101000111101010000010100101001101010110000010001011110110000100101001110111100001101001010111111010001010011101100000111010011011101011111110001011011
01000010100000000111111000101011000110111010010001000111111101111111001101001001111010111111011111111101101001010110111011011101010101010101001001001111001001011011010110001010101011010101010100010001010011110101000101011100010101001111111101111101000100111110101011010101111111101010000111000111100000011110001111110011011111101010000100100011111001011100011111001101011110110110000100000110001001111001011000110101111111001101001101011011
01101100101110001110110101110101001111100010011001011110010100010000101001110111011011111111011001001001110010110100011111011011100000111011000111100000110111111111111001000101011101010000001111100111001011101101011001101110011001111000011101110010001010010111000110011111001010011000000000111101100100111111000100011101000011001100010110110001001101111010110111100010000011001111011011001101101100000111101001011111101010001011010100001001
10100100111011101111001110011101110100011111001011011001010111010011010101001011100100100101111010010111001111001010010010011110000111110101000011111011011110110100100111000000111100111110011111100101101001010111101001110110001111001011000111100111111111010111101001010101111001111110010010011011110011001100001010111011100111111000001110001100011011110110101100101101110101110001010000010110010011001101101010101110100100001100010100101011
11000110010110100111110111101100010101001111011110011001001011101010010000011110011000011001100100101000110110110101111110010010100101100000001010111011011010010101110011010100011001111110111010011111001000101001111111010000111111011101010000111111111110000101010111000111101101101011000011101011100001000110000001111011111110001111101111111101001100111100011101100011101111110111000100000011010111101010100011111111110111101011101001111010
00010111110111011011010111101010111100011111111100001010110100110101011111100010000101001011100011111011110001100011011101011010111000010110100010101001101010010010000110100110110100000011001101001010001110011100001101001111110111110000001010000011011011110100011001001000010110101101000111100010001010010011111010001001010000101111101111000100010000001100101110011101101001100110010110111101100000001100111010010110100001011100010000111001
11101111110101000001100100110000011110011110000110000111100101001111101000110000111001111001110000011100010101011110101000001000000101000001011110001110101000011001011010111110100011010001011111111100001111001110111010101101110011110100001011010001000011101011011010110010110111010010001010011001110001011111010100100011000111111000101111011111011110100101111000110000000001000101010101000010010100010011011011101011011011110011101010101111
10100110111000100100000101011111011011101010001110101011001111111000100100101010001111000101011011111110111110101100101010000111001000111011001111001000010110111101011100111011011100000000100011100001001111101001111010100011001100000010111010101111000110100001011100111000110001011110111110000100111100001101000010101001101011011010001110100111011111100000101000011011101011000100000110110010011011101011000101001011011110101101111011000011
00110000100100100101101011011010110110101001111010010010111101010001001000010100011010111000001111000111000011110101100101000001100000011100101010010011001101111001010010001000001000000001100101001111010100110110110011100000101100010100010100110011110101101010000100010000110010011110101001101111000111101110111011110100101110111110111111110100011101101100010010001101101111100110010010001110101110000110110111001111111100010101011100110001
00000101101011111010100100000110101101110100100110110011111011000101010111110111101110111101011100110000101111010001001101100011010101001011011111100000101010111100010100110000011101100011010001001100100100010010110101100001001000100010100111101001100111111000101000001100101000101111100100001100101010000111000011111110010000001011011011110001100000101111011110101010111101010000010110111111010011010101111110110011111101001101001111011110
01101101010111011101000101101101000101110001111111011110111001010111101000011110000101000101101101111010110111001101011111010010101011010110011000101101101010010110111101010111001111011110111110111001111011010101101111111101101110101110111111101110010111001111010010011010101100111000011100101001111010110110000110001000100111110100110010000010110101111100010111001010000001001101010011110100010110000001101010100111011110111111110110110111
01001001011110101111111001000110111110111111011100001111110011011100111100010110010111100000011111000001000001010101101101110000110001110000101101100110011110111111110111110100100000111111111101101011101001110110111111000101100111000001111100010000001100011100101111110110100010110001111101000111010010101101011101001100011000111011011011110011000011111110101111101110101101011110011000011110000011111011011101000011010100010011000000101111
01111110011000010011110001100100101010011111011001100011110110011100110010101110110011101000111101010000010111110011010101101011011001110111011101100100101000011111000110011010110111111010001011000111011110010000001000101001111111001111011101001011100000100000110100001101101000100010011010010101110010010100010010010100010011110001011011110000101110101111110001100000101110010011100110110010111001000110110010101000001100011010010001110100
01010101100001110010111110000001101111010010001001101110000110101010100100111100111000110101110000001010111011011100000110110101100111110111101010010001001011111010001111111010000111100111001111001110101101111111101101111001001111010100011110011101100011010000111111001100011100101110110000111100000100100101111100000101001110111000000000000000100011011101110111111010010111001001111011001010110110010111010011111010010011110110011101011101
11111000011001100110110010010101111111000110100100100011100111101001011000110011001110011100111001111011101101000011000010000111000101011101010110100011110011010111001011001000101100111010101011010010011111000100011000100001001101000110101101000001111001011101011101011100011000000101101100101011011000100110011001011111000011110101111111100010001010101111111110110010110111000011011010100111000111001101111011110011000111110101101110100101
00100001111010111110100101000111101101011100001011001101000010111011000111001001011011000110010110111000011111111010111000101001101001001001001011000110111101110100000010110111001100001010110011010110010010110110100000011001111100111001000001001010100100101011110011001001001001111100001000111110111000000011000011111111000001001011011000011100000111010010010111010110111101110100000111000100111000100101110111110100111010101101110101010100
01010100100001100111001111001111011011100111110101111110111100111111111111011111101110111011101101110100110010100110000010101110101000111001010000110101100001110111110010110011111101100011010111110011001111100010000011101101011010111110111100111111110100011011001101000111111111101110010011101010000001010100110001000100101011010101010011111010011011111100011000101011000100000111011101100101110001111010110110111100010100011011100010100100
10011101111100010101110101011111001011110110111011001111101101111111001011011110001001101110111011100011001111111011111011010101100111011011101011111011011101000000011001100110011110010110011101010110100011000100011000011110110010001111001111111110010011111111110101110010101111100110111101101000010000001011110000011111010110011100010110011110100001100111111000100111101011101001000011100010101110001110101010010111111011000111011100111011
11010011100101011101000011001111011111111111011001011000101010101011001011110011010111000010100011001011010101000010110111010001111011110111111111000111111111100010110011101110010101100011001110110111100100110101010011101101011110110101100100010111100001011110100001100110100111111000111111101011101110010111011101111101111011010001010011011111011000010111000110001100011110000000100011101011011111111110101001111110110000110000110100000101
01000101110101001001111001111011000011110011111001001000110111000100101110101111000011101110001001101100100011111000110100011011111000010100001100110001011101000111001001100001001110000111110001011110111011111101101110101110111001001010011000101001110111100110001011001110111001011011001110110101111101010000111111011111001110011010010010111101010101010101011111100110111111101001100011110001001011111101111101101001011010010010111011010111
11001001011100011111011010010011001111100111111101101110100001011000100010111010110010111110101100011011011111110110101011111010101110010000101101101101111010001011110010100101110011111001111110110100001001101111101111101111010100101000110110000111001011101111111111010001010101000001101101101100101110111111011010001011111110001111101001010011100110110100111110100101100011111010001001110100101111111101111110111010011100111110100000111110
00110011000001010100101110010101110010001001011011101110111101001101110111111010011100110111010111011111110011100011010100110110010010100111101001101110011011011111100001110101110111001001000100010111110110100110110101000100000100011010110011011011100011111011101110100101100011111111010001001110111001011001111111010010000100110000111110101100011111101110101101111100011111000010101101110011101101110000111010100100110101110111100001110010
01001110001011100011100001101001000000011001001000100010110000101000000001011100101110001101111111011111001001110110101100101101001110011011001101010001000010011010001101101010101011010011101001010000011110100001110001111000101111100101101110111010100010001010010010011001101110010000011011110000100101100110010101011110011110010100000000001110101110110101010100110001011011001011011100110111110011111111000111010110100111100001111001110001
11011100011101100110000101111101000101010011000111011110101110111111101011111100001101111011101111010110111010101110110010101110000010011111011001010111001110000100111010111000101100101000101100100011010001011001110010011111011010011001100010011111010001011111101110111011011101000100011001011101000111000100011000001111010000010001110100011010000110111000100111111111011001111101011010101011111110011110011011111000001100001101010010100111
11000000111000111111111000011011101100001101000001111110000110101111011101010001110111111110001100100100100111000000100011101111010001001110100111010101110010101010111110010101001000101011111100111000011010000101110001100110011001100011010111011100001110110010000001100111011111010011100101110011100011101101000101011110001101001000101110110011010110100101100101000100101010000110110010000011000100100101000100011011111111001000111101000000
01001000010011011101000000101000001111111111011100100001101010110111111001111101110101100011001110100100001110110011101000111001011111110110001000010001101101001101000011000001110111101000101111111101011010101111110011100011110100010100010001001011101110101000101001101111110011100001000011101100000110100001110010111001011100101111010011011000001001101101111110111001100111000111010101011011100011110011010100011100010001010111101110010100
00110100101011010001010111101010111010110010110011001011110101100010100010011011101111100110010110111010100000111011011010010011110100000101011001011011000111111101001010110001111010000011000110110000110100101001100011001000110100110001111010010111101011100101010000110111110100100011000011111011010011001011110001000110101000010101111011000101111001001010111110100110101011000010011101010011110100110100111110110001111010111101110011100100
01101111000001011010000110111110111011110000100111100100010001100100010000111100111110101011111100100111010111011011100001000000111001001101111011111101100101010011011111110010011001000010000101011101011111010111110011001101101100111101010101101000011001101100101011111001100101111100110011010011010101000100111000110000100110001000110011001000110111001101011011000111110000011111100000110000000001011110011110110110101100000010110001110010
11111100111111101011000111000100101001101011110011110111010110010011100111101000010010001000100110111110100001101110111001110100010100000101111001011011001010111101011111101101111110011001111101001011101111110101000100101111110011010011101101010110011001011101000000001100110101001011101110010000110111100110000001111110110101001001111101100110110011110101101001000101010111101101011001111000001101011110100100001001100000001101111111001100
10100111011111010011111110001101100010111101000110011110100000110100000011001110001001010011010001111001111111111001100101101001100011011111000101001000111111111011110111110111111110010110111010101110011010011001011001001101111100100110101111110000110100101111111111011110010011100010111011011011110111011011011010000001111111110010010001110001101010011001011001111011001010010001010010100001011111101110110000101011100101110110110111110010
01111000011111000011000011010110001001001110111111011001001011011101101001000011011000111011000000110010010110001010000011110110010101011010111110100011001111101110111110101111001111001011111001010111110010111101100111101011010111111101010110111001001101110010111010010011101011010011101101101000110010011001100011101111101110101000110110110111111010011100101110111111000110001000111111111100010011100101011011001111010110011111110101110111
01010011111110011101011001111100110110110110101011101011100111010101001010001110101111110111110001111111010011111011010111100010101111111111101100100111110110100100110011101111101010100001111010110111111011110110101111010011110101001111010001000100000111111000000101101010101011111110010101101000111011001010011000110011111110110111011110111010100001010111011101111100110110110001100010010101000110001110101011000001110010110110110110110101
10111000110000001000011011100101100111111101101111101011000010011001110111001010011000001010001111111100011001100011101110100111101011111011100000011010111000000001001010010110010000000010011011111100111111101110011000010001001111010101001110110011110111011010011011101011101001110111011001001000101010111101111110000111100011110001010111100111101100111000101110101110010100110110000100010010010010010011001111011010111100110110111000001110
11011110100111101110011101111110101011001001111110111110010100100101001000010101110100010011111001111101001011110010111100101110011111111001111110010011010100111001001111100011110100100100111010110011011101111001111011010001011100001111011100101100111101010110100101011111110101111110101111111110111101001101100101110101100001010101100001100011001001000100100001011101101001100110100101110010110000001110101001010101100101111101010111001011
01111010111111110111110100001101000011100110110100111100101101001101101111011110010011101010010111110111110000010001001100001001101011110001010110000010111110001101101100011010111100001111111010000100100011000110101111110111011011011111010111000000000111100101100011101101101101101111001011001000111011000010111101110111010100110111011110010101010101011001111111111010111001000111101100110010011001000101101111101001111010101001000011111110
11100010011111011001000111101101011010111111100101111011010110011010010110101110111111100101101001100110110101110011100000111100011011110100110001100100001001111100010101101111011100010011111111100111100111100100111010000011111011110100101000000010100111111001101110111011001110001111001000010011011011011101100101001110000100111011010011101000100110100000101000101111000011100101100001011011010011110110011100101101010000111011010100100111
11010110111010000001001001101110101001101011111101101010001100111011111100000010100000100100101011010101110101100111011011011011100100010011000110111011111111111101111110000111110010101001101010000001111110011100100010101011010001011011101011000101111111101111011011010001111011101011111110010100110010101010111001110011011011000011010101100001101010100010010110010100100011001011011101111110111011010000101101110110100111110101010010110001
11111010010110010101001010101000001100001100110101100001000111100101111110101101011111101110101110110110010001110101100111110111101010011100111111011100111111010111100111111010001111010001101110001001000100110110001011101100001111010111100001100001000110010000111101110010101101111100101111101110011011001111110110001001011111101111011101111111101110000010011111101101101011001011101101100110010001110101011011111010011011100101111001011001
11111101100110111100101101111011111001110010111110000010100011100001101010011001111000001010110001110111000111000111100111101001001101010100111010011110010101001110110111100111001011000110100101110111000011111001101101101011110011000100000001110000111011111100010000111001101110011010100100000001101100101100101111000011100110101000111111111011101101110001010111011000101000011001000111001111101110000110111101111011111001011110110001101101
10101111010101010001111111011110101110111111111001111001100111110110001110011011110101010110111010010100100111001111101110010101011100111000010001100000111100000101110101111111001101110111010110111000010001101111111111101011111101001101010011101101111111110011111001011000011110100101001010000111001000000101110000001110101111100000000011110111111101111110110111010111100011101010011100000101110111100110100001100011110111000011111101110111
11101010101001010110110000111111101111001000011110101010011001111111010111011001000110010010011110100001011100001011101110110011100111101000001001110101001111010100010011011001000100010011101110100001010101110101111010101010001110100011101111110011111000000010111100000111100110100111011011111000010101110110101001111001110100010000000011111110010111100010101101010001001100000010001010111110111011100001010101000001111010001010110111101100
01101101000000101110100010101010110111111111010111010100001110011110001111101111011011110011111000111010110100010100011100110000101110011110101010001011101101110101101001000111011000001111011100010110010011100111000010110011101110010101010100101100111100100010110111000000101010101010000110110001111101100110010100011011110110101011111000011110111101101110101000110010001001101101000111001100111101110101011010011111101001001111000111011100
00111100101010111110110110000101011111111110110011111001011111000010000000101010101100100111010101101001011111111111011100010000010100010100110110011000110011011000111010111110001101111100011111000011111101100001011111010001111111100000000101111011110011000111010110011101100001110111011010011101111100101010110010010111110001101111110001001000011000110101101100010001110100010111001101011111100010001100000110001100100011011101111110000110
11111100011111010010101011000101110100000111101101111101101011110011010000011000110000111010111010111110010010011111011100110011010111111011011011100101101111011110010101001101101000001100011100001101011010101110100000000001111011000101111101111111110111101101010011001100100110101110110000110010111011101110101111111000110001110011001101001011011101001111001111100111111111101110111111010110111011000111000111010100100110011100111111110001
11011111010111110111010101001100110000001101001101110011000010100011110111000010111110011010111000011111000110111011011011100101111111111111000011011011000011010101010001101010100111101010111101101101010101111100011111000010110000010111111001111110111100111000100101101100110100011101101111110111011101011000001010111111000111111111000001110110011110001010011010110111100110111110000110001011101011110100111101010011110110011110101001100110
01111010101110010101100110010000010011111101100001101100000111111000001110101110101010010010001001000111111000001111111001111001110000000110110110010001010110010011101011011001010101000011100110000001111010101011010000111100100010010101100001001011101011110011010101101111100101111100101000111111100100010001010101101011001100101010111001110101001111111000011100000010010010001111111001010000111010111111010010101100111110000011111111100110
10100011000010101101111000000101101100110010000111111001011111111000101101111001100111010011011101111110000101110111010101010101001110011011000100101101111011101000011011111001000110101111001011010100111100110101011001111100100010111111111000010011100011111010010010110000111100001110111101111000011110111001101110110011110111111111011011111101100110010001101110011100011111100010001110111100110010111011110000111000110111101011111010111101
11101111111001011000011011011111110100000101100000010111101110010001110000010000011000100101101110000110011101110100101100101101001110000101011010011001010110010110100011000011111100011111000101010001101011001000001100001101111011000111101001100000110101000111000110101001010111001010001101111001010000111010100011000101001010001011111101100110110100100010001111111000001110101100001111011110010101011111111001010100110111001111001000101000
00110000111110101111110110100101101011000011111011111101001011111111011100011101011110011111010010100000110001001101101000100001100010001001110010101110101001111111111011110110110001100000101110001010011111011111000000110101111001110111100111101100111100111000001110101101000111110011100101111111111101010110101101100101110101000000000001111001011000000100110010110001110101001111111101100000100101010111011011001101011011101000001011011010
01101101010111110101110101111101001111010000010110011111101101101001111010111110101111001011101100010010110101001011000011011101001001000010100110111001010100101011011100100011110001111001101110111011011101110001101000101111110110101000101101101111101111001000101110100111101001100100011000001000000000110010111110011111001100001101101010010001001011110111110100000011111100111001011000001111111101110111101101101110101100110011110011110110
10001100110001000100100110100111101111111100001010011110010001001110001010101111100000000010011010110011100101110001100010110010111101001101011001110110001110100010001010111111111010111101111010101010110000111001111011110000000100011000111111101010011001010010100001010000000111000111011000111101111110111010110100010000110010011111110100101111111100100010000001011101011011011110101001101010111000101001010011000100000111001101110101001001
00001101101101110011001101000010011111110001111001001111100101110011100100100000110111000100001000101111101011110110110100110101010001101110000000000101111100011111011100111111100100011010110110011010000011010000010011101110111101100001001101011111000110110101100111000111001100100111101000000010001011000011110000101010011001101010110011011010100001100101011100011111001000111000110001011000110100000101110010110101100100110010101000110101
11110100111100011011101100100101011110100110111001010011011001100101100101101101111010111011110101110011101110111011110001001101111001100110101001010111101010001110010110001011101010010010010010001011001101001110000001111011111001101100100111000011110101111000110010101010011110111000101100111010101101011110101001101110001111101000001001110110100101110111110110111001001011111000100110001101111111110100110010101111101100010111011101110010
00111111111010011010011011110101010111011101110001011100100100101001001001000111011001100101001101011111100101011100001110001011100111110100100111001111101101001110111000101110111010110101010110101010101101001111100101000100011011100111000100011101001111000010110100001011100000010000101110101011110100010011001110011011011100001110001110011111101100010011011010001001010010110000101001000111011101111101110000011001111110101111011010101011
10001011011001101001001110011100100001110001100000100110010101111011001100110100111111100010101101110100101011110111111000000100010111100011111111110001110001101010111011001111000110011110110001100110101000001001011100111011001100111001011010011101000111111111010011101111101011010000111010110001101110111000101110111111011001111111110011111011101110110010001101110110100001110000001111001111100010011111111100000101101000011111100111111101
11111110010111011000111000100001101100111011111101001110111111101100100010010101111100100010101100001110001111011100111001110111111001010010100110100011001001001010001010001111101000010000001011110111000010001001000111000110001110000100110010110001110101010000101111011000011100011001010000011001001100111111011001010010110000011110110100100001110101001100101000000001010101101110110011111011010110011111111110001110000111100010000001011100
11111111000101111101100011101110001011010000101011111101111100111011110110011110110100011111111000000101101010011001001010100011110010111100101101111011001000001001010001111011111010001100100011010111100101111111110100000001000000101001101111110100110010000111100100011010011101000001100011000011111001111110100101011011011000010110111001111001111111101001011101101011010001111001011000010010011111001001010111000010111011011111011010011100
10101111110010001101110101111000111100100100001100010110101000100010010011011000010010011111011011100001101010101101101101001001111001001001000000011001111000110101110011011110111111001111000011001110101110101100100000101010010100111111100111111010001111111111001011110101011110110001001110011011011101111110001111101010101110100010010100001111010001010010010101110011000111010001111001101000111110001010101000001100111000001000101110100101
00100100010101011110100101111100100001111111101011101101101011111011110101100011111010000111110110011100110100001110011101001011001110001110110111100011100010000011110010101100111101011111100001110011011111100011110000001100101110100011100011100100010011111111110100010010010111101110010111111001111110000101110000001110011000010011101100111101101011100100101111011010110000011001001111101000000110011000010111010110110110010001111100110110
10000000110010110011001100110000001001110011100111000001000111110111101101101101110000001100010000001010001001011010101111101001001001110111101101101111110101011110111110111101000100010100110100000101101100101011110001101011000111010100100000100001001001100001011110010011110100111010011110110101100111100000010110010100000010110110111010111101011001111100010000100101111010000001011101000110001100010110011100111111000100100110110110100111
01100111010101100010110000001000000010000011100001011000010101100100111011111000011011001110110110111110111010101001011010100011011111110110100011110110011011111101101001111111001000100011111111011101110011000000110000111101010101110100110011100010100100010000100111010100100010001001001100101110000111110000110011011011001110101010100010100011010101001111011111101100010010001111011100111100101011011000010001001010010101010111011100100111
01011011101011011111110011110000101001011000101100001000110110011001010101011010010010100001110100001111101101010100011001110101110001110001011111011000000011011010101111111111100100110111100100011011111011101100110110111000010011100100000000001110010101000001111011110011011010011100011001101100000100100110101110100001001001110011001001111111110000111001111000111001001010001010011001110011000000001000111010000011110111000111000110000010
10111110100011001110000110111100111101001010110110110110011001110011111011001110111010111010110110101010110000000001101101100000110111010011000100110010011101010000011111110100000100101111101100010101001000100001000000001000011011110010001100010000011101101110111110010011110001110011000111101001111100100011010001111101000111101011010110101011111100001101001110011001010001101101110001000100111000110010111111110110111011001011101101101000
11010010111111010101111111001111111100000011100100011010111001101110010011100011010011101101011111111111011011110001011101111010111111101000110110000010110001000001111100011010001101101100001100110100110101110111110100111000010010101001101010111111011110101111010000011000010111000101110101000010101111111111110010101111101011010100111001100111110101011011010001110010001111111101010101111100100011011011001110111011110011111110000100110110
10101011010011100100110011100000000101010100001011111100010110000101100111101000011101000111100011010100100101011101101001011111010110110100001111011001011000110000110001011111010111111000111000111000111011011011101000001110101110110101111000111101001011011111101010011001101000000101011010010101111111101000111000101110110110111001010010101011100101011110001001001001000111000001101000011100011101111001011100100101111110110001010000110001
00011110000110001011111011000101111100110110101010100110100111110001100111110001100000100010100001010011000111110111001011001010000011111001000101111111110100001011011111111010101011010001100011100101110110000001100111011010001011011001001101100110110010001100010110011010010100010001110001001011011010110111100110100000111101001001001111110010011101011110001111110101010010000001001001010100010001100101111010001001111111110000110110110101
11110001000001101111110111010101111100011100110010111111111111110100110101000100011110100011101001010000010011000101110101100110111000001000111110001100110101110111110011000000010111101101000011110101011010111101111111111001111000001110011001011000111010101101001000100000111110000100000000001111011111110101011101111011101011111100011110111000011001011110110110001000110010101010100100111011111100100111111011111011000010011011001100100110
10110001011111000101011010001111011101110000000011010110101111100110010110010001101010111100011111111110101111111101111101110001101010111000010010111001001101110001010110011111101010100101001010010011100111010011001001111011100011000000101010110001100000110001110100111110010100011011100101111100001111100001011110011101011100011010001111100010001101001111011001110100101000111111101111101100111100100110111010001011001110110111111111101111
10000001111111001001101011101010010010111110011011010111100110011001101000110000000101011001010010110001100000101011000110010001000110010000010101101111001110110000011101100011110100100001101010110111110001110011101001011100110101110010101111000011000000011101000001101101000001110111000001110110001100100110111100110001010110001101000011011001110111110001001110100111001010100111100011010001011000000111110100101110011101101101011111001111
01101101110011110001110000101100011100110001010000010010111001111001100100011000100111000001010010111111100011111001100111001100111110010111100110011111001011011001111110100100011100000110110001100101010100011110101100110011111101001011010111000110111010100000001001000011100010011000100001001001110101001111010101011110100011100011000001100101100010101101010001001011001110101001011100000111011110101110110111011110000110001101000010010011
10011011111101110000010011111011111101011011110101000111100011111011010001110010111010111110101001010100110110001101101010000111101100111110001011010010111011101101001101011100001011101011001111110110101110001011111101011011011011000010110100001011111101100000011111010001111011101011101100110010100111111011101010101100101111001000010110010110110101010011100111000010011001100010001101111111111111110111111010101011011111110011111011110110
00100100100011101101010001010110010110010010101000001111101011100000110001011110101101010100111100100101001001000001010010011110101001101101110011101110010100001101101011110111100011011001110100000111011000001110011001011111011011001010001111111101011100011110000100010000111011110011010100110100111110100010100010011001111011000011111101010100001001010011110001110101100011111101101011101111111101001101111011100101001111001011001100100001
11111000011010001100011110000100000001110111010110001111100110011110100010111111000011100101111111111101110010011100000100000110010001111000000110010110011011110111101100000000000001011010101000000110101101110011101111100011100101101110111101110100100111010001110111101101010110111001101101001010101001101101101011110000011111110101111101001111100000010100111110111111011110010100000011100101000011000001100001000111100101111011011010100101
01100110100101000000011001110000100011111001011110011011110111110110011011101101010010111111001101001000011000010101101000101011110011101011100000010010010111101010110110001000100110011111111100001011111101101100111001101101000100111001111010011111000011110100011001111000011000011001101100011111011010101010011111001101010110111111010001011010110111001110111001100011011111111000101110011110010001101000111001111101010111001110001001010101
01101010100110111100111101101001111111011101100011110001101111011110111101111100001111111111110110010011010110011100100010111101000100110001110111110101110101011101110111100111001001101101100100110011110100000011001000101111111010110111111000101011000100111011101000101111110001110100000110110010011011101111101010011010110000111101110110110001010100000111111010011101111001100001100100111110101111010101001010011010110100001011111100111010
00110001100111001101110110001101110111101010010101101100001000000101110011001101101000111010010010101100110101110111111111000111011100000011100101001100010110101110110111100100011001100001111101010000001100100010101001101001111000110100110001001101010111011000111100100010100000001111100000010101010010011110011011101101011110011101110011101110110111001100100010100111110000110101111001011100101011110111101110000101101110111001001100110001
01111111001000010001001101001001111100001011101111101011101010100010001101111011111001101100101001010111101110001110111011101101010111100111011001100110100110000111011011110110001110010000110101111111011101111010001011010011100000110110100110001011111101100011111010010111001111110011010100100101011011101010000101001110000110100001110000101101101010110110110110111000101000111111010100011101010110001111111101001011011101011111011111001011
00101111010110001101111111110101000011000101110011001010001111111010111100101111000111000111100101111101011111011110111001111110101010110001011001010011010111011000011011000101011000101001001010101100000011110110000101000000110111010000100101100011111010100101000101110001011101111110000100011111110101111110101101010111000111011110011111000011111010110000000100111001011110001110101111101000101111101111010001110011110110111010100100000100
01001100011001111001101111001111101011110111110111001000110100110001100000100100111110001011001011110100011100010110000111100011011011010001110000000100010011001000011001011011111000110111101111101010101010110111000010000111100100000000111100000111000110011101011101110111101010100000111100010111110111111111001011011010011011111110111010000101111101100111001011101111001000010111111111111111010101001100010111011001110110111110111111111011
10111110010100000001111011100111010111011110011111010001110110100110100010101011110010111111111001111011111000110011110001110101111010100011000101001110110111110110110101101110010011000011011010100011001101111111101010001110110010011011010011010111001001100100010110011001111111100011110100111111110011101011011100110101010001010110000100100011100001100111010011011011111101001101110111101101010000101111110100110001000110111101011000011110
01100011010110111111000011110010001101101001100100100100101000110100011101110001101011111111100011010110110011011111111111010100110000010001111111111011011100111001100001111100001000001011110010101111101001110100100000100110101010110110101011000111011100010111011111110011101000100010001111000011010111011100111101101011100110101101011111111011011001110110010100010000101110111101011100110111100011111101101101101100101100001111110111111110
00000001101111101100001111101100101001110110110011101101111100100001001110100101101101001010101001001011111110110101100100011110010000010000010100100111011001111000111111110011001000101011011001001001101100011010101001010110000001011101100010011110101111011011001100101010001100110110110001110001111110010101000110111100100011000111001000100100000101110010001001000101111010010000001111111110000111110111111011111110101000100011111010111101
11010101100001100101000001001101100101111100100011001011100100010010000100011000101011110000101011101010000100101001110110110011100011111100001101101100001100011000111111010100011100100111001110010111110111101100111010011001001111110101000011001100010111000100000001111100010101000101111011001000101100111100111111111101110000010111101011010111101000001111100010010011101010011110100000010110001111101011010011011110111011011011001111111000
11110111001111101001101111000100001110110000111010010101111010111000000011100111011010111110110001000010010111110000110001001100011010111111011011001010101111000100101110111110001101101100110011011010101001000011100100010011000010111101001111110001100111011101111001110111000000010100000101000010100110111111000101001000011110100010110101101111110111101000010100001011110001111000100111010101001101111011001010011111111101011101100110000010
11000101000000101010101001110101111111010001011000011111111001101011101110011100111001111100011001111110001110100010000011100101001110001000010010010100011110010010010011011000001011111110000011111111100101100011100011000010110010000100111111100101001100111111011011000011100011101000011101001010111011101011010000110101011111110010111001010110100010111100110010111111100001110010010110010000101001011011100110111100110100000000110010010011
00000111111011101111110010010001001100100111001111100010001010111100111100111000111111000111011110000001011101010110110100001011111111110111011110111111110100110011100111100000111110010011011001101101100100110011000100011011011111001111011011110010010100111011011110110011000001011000000101011001011011110110100110001101111011111010010100101111010010001011000101001111111111011101111111111000010010001001101111111110000011100101101011000110
11001101111111000100100001101001111000101010111100011100001100001110000011011100111011100010110101010000111100011111101000111011011001100110111001101011100100001100110110010011111111000100111111111001110110111001011111000010011111111110011110011110001011101111010101111000101100011011011111111011001011110001110001111101111010110101000110110011111100010011111011010100111000001001111010110111100011011101010111110100101000011111011001000110
01000010011001111110011110010101110011011001011110001101100101011010110011010011101111100001011110011101010100010011111100010110111101111010110011001010010000101001111010001000100111111100000000001001101101000011101001101100000100000110101110101100101000110110001110000010101101010010001111011111001000111010010011110001111000101011001111111000111111001110110101000011011001001100001110101111011100101100101110111110011100100001101001101001
00101101011001010011010001010011001010100100011011011100010001000011111111001100111001000111110100110111100111110010001011001110010110110111000100111100110010110101011100011001100101111100100110110111110100101001101101011100100101101101010010111010110110101101001111100011000110111000110100000000111000001110110010101000001111001000010001100010111000001110101100111111011110110100001100000110100001110101001100101000100001100110010101001001
