10101100100101110101
00100111110011001011
10101110001110110010
10001111010001001110
01110110011011100001
10010001011100110101
01101011111010010110
01011001001111100111
11001110110001101001
00101101001110110111
00011100111011101011
11001010010110110100
01010101110011011000
01101111010111010000
01011011010110100001
10101000111011111100
01111010101010100100
01100110001011110100
01100101000111100110
01111011100110000110
00111100110011011110
10001111001111000001
11101111100000101010
01001011001101010101
01101100111001101001
00110101001111011110
11100100001111000011
11110110011100001000
10101101110110000001
01011110100010010110
01111001100000011011
11100000110110101010
11011101011000110010
11111011000010001011
01001001110110111100
01110000101100110111
01100110100110010110
11001011100011011101
11011111001010100010
01101001111001010110
11000111101110100011
01000100110110100111
11101000101111000011
00100111001011010111
01110100111100110010
01101110011100100100
11000010100111110100
11101101001011010011
00110101111011100100
10111011011101001010
11010001101111100101
10001101000101110111
11011111011100010001
11101101001101000111
01111111010011000000
00110110011111110000
10100111011110011100
10111000011001110010
10011100110111011100
11110001101011110000
01001101111101000010
11101001101111010010
10100011111111000101
00011110111001111000
11110100110001111001
01000110110101111100
10110111100111001010
01001111111011000101
10100101010111110010
11011110010010101101
01101111000110101110
01110101110011100010
01110000101110101001
11100011000111111010
01111001100111110100
10110111000101011001
01010110111000111110
10000111000001110111
11011100110010101100
01111110010001000101
01010111111001010000
10100010011101010110
10010011011000111110
00011101011001010110
11011000111001111010
01100000111111011101
00001111011100011101
01111100011100010101
00011100101110001011
01110111100101010000
00101101100110100011
10110111010100001111
11100111001010110101
11110001100110100100
01101010110010010101
00011001101011010111
00101010100010111110
00111110111100001011
11001111100010011000
00001111011101000111
