1110001011001011000100101111011101011111100101011001100001001011110000011011111100011110101100111001100101111110100110101001011101110110111010111010010111001010000100100011010100110000110001001010111100101011110000000111101100011011110000010001011101100010111000101100101111110000101111101001010010111011000101100100010111111011000010100000010110111101000001101001000101110110010001000000100111111110001110010100110010111101101101010000010110100011100010100110
1111101000000111101010001001100001101010101111011001110100101011101101111110101000011101110000010010111111000010100000100011100000101110011110000011110110111010110111110111101001101111011110000011011000010010101011101100101001100111101001100101101110100011101101111001000001100010010001101010010000010101011011010100101111000110101010101010111101100001110011101101111101011110111110000100001001100011110111000100100010011000000010111111010101100000010011010010
1111110001111001011001110101111001111110111101011000101001111010011011011011110010110110111001111111001001111011111011110111101001100111111110110010011000111000000110111001001111100101100101000110111101111011001011011010011001000110000111001110000101110110010110001111011110101011001100100101110000010000110001001110110010011101011100100011110110010011111111101101000000011100110111010011111100100100010010101110011010111111100010100100111001010101000111110110
1001100001001001010111001011010010001100111011010101110101111111010010111011110100001101000011010100111011001110111111111011011111011111110111111001011101000010011010111001011000100111001010010010111110111111010111001100111001010100011010001111111011010100101110110110111111111111011111111011101111101010010001110011001001001101000111001001010111001011100111101100111010010101101011011010110011111111110111101100110001110011001001111110100111011111011001001000
1111001000101001111010101011000001110110110100111000111101100001100011011000100000010001111001101100100001010110101110110111110100010100000111101110110010011110111111110010011111111100100111101011011011110111000000111001110101101101110110000011100101111110111010110000110001010111011011111010001100100101111000101011110100111001011110000111101111111111111111110101101001111010111001111111001110100101010110000111101001111111000110110010100010010110101111011100
0010101101110000011101111010111100111111010100011001110000111110011110111011010100001111011001100101110101011001011111110100011111111110100111001001000111011010100010110011100101101100101000011101000101110101010001011101011101011101010111000000100101110100001100101110010010110101100111000110010101100100110001101010010110101111010011100111111000011010001101011111001000000010001011111001001010000010100110111111001110010110011100010010110010001110010110101101
0101001110011001100101110011010000011111010101101101111100001011010000110100101101000100010110001010010111010110110111000001101110000101000111110001110011111010100101110011101010001111010011000110011001111000000010010000110101011111110110101111100101000001111001000000001100000000011110101000010111011110010000100001000110000011011111011101101100101000111100111100101001111000110100111000101011111000010011111000111111001100011100111011100000101110101010110000
1111001100000101110001111001011001100001100001011100011101001110001100110111010111111000010111011110101111101001111111101110101010111111001001110111111011100101000100100001111110010011011111000011101011001101011000100100110000011111011011010011100110000111010010010101010011110111111000110010011010000100101011000101011101110111010000111110000110011000110100011010011010001000110100101011101110111010101111101101111010110000101000011111101110110100111110101011
1100100010100011010111110011110110000000100111111110100000101110101001000101110110111101010100100010101101010100010010110010010010000110111100110110110110110101010000110111111011101100001000111101001110001010110011001101100010111010110001011110001111111111111000111100101101000011101111100111010111100100110110101001011111110110000110010110010010111010011110100011011001001110100011000100101101101011111111100110010111100100011001100011101001101101101000101010
0100101100111100101101010010001111100100100010111101110100001011011101000100100101100110000001110110000111110001011100000010101001111110000110000100101111010001001001110111000011001011100011011001111000001101111110010011000111110001011110000001100010111011011000100100111001111111010111111100100010000100100001101101000111111110110100000101111111001011011001000101100110100110001101000110001111001110110101100111010001000100101110000100010001110111100000111011
0001000011000110111101100110000100110110001111000100100000011101011110001011111011101100101100110101100001010001100111010101011101010100000100001000011001101100000110001001011111000100100111101011111110011010110110010011111100011011011011010000110011000101100010000101110010000000101111011001111110110000111101010101010001010011101110001011011010001010101010011000001011010010010010000111101001001000011111101100110001011111011111010010011111011101011001000111
0111000101101001110101010010100101100011101100011111111110100001100110010001010000001101001001000010010011011010000111100000111001101000110100100111111001111100000011011111011111101011111110110100111110010101111011101101101100011000111110101001111010000111010010110101101010110101110110110001011110101101110110001000100011010010111111111111110111111111010100010101101011110111100111111111011010110011011100111011001111111011001111110110011000000010001111110010
1100011001111100110101110110010101101111101110110101100100110011110111011110111100100111111010010010101111001011001110001111000010100001111000111001110110001010100110000011101101110101011111010001111101000100010111110101010100011111010111100101111110010100010110101000100110011011111101110011000011010010111001111011011110110101010101010000011010111111101110000010111111001110100001100000111100011010111011011100011001111001001001011100110010110110101110111010
1100110011011110111101111110011010111100010111100111010100011001101000111111000101100010100110011111010100000111000001101001011111110100010001110111111110010010001110010111010000100011101111010101110011011010110000100101010111111100111100101000001100101110000110011111001111110111110101111111110001010111100111111101010000111111011111111011101111000100011011100000100011011110101001001101100010110001011001110111001011100010101110111101100110101101010010011000
0000111000000001010001111111101101010011101110101111101001111010011010111101111110100111101100010100101101111111011111010101111111000111110101010001101011001001011110111111110010011110101111111011100011011100110110000111111011001000001101011010010111010111001110000001110001001111110000111001111001111011011010011111010100101100111000001000011101111111100100010010010111101011011001101110010000101111010010100101011010101010011101110110001101011100111011111100
1111100000110101110111001110011001101100010110010001110010110111110010101111011100001101000101010110111111110000100101111010100001010100011011011010101100001010111000101010111110011000000011010011111100010100111110000111100010110000011111001101111010111001000101100010110101001011110001110001010100101011011010000010110111010100000010110110011101000000001100110101100101000101001000111110100011111110111100101010101000101011010010101110100000111011011110111101
0001100011101001100101111011001010000111001011000110111111011011001001110101110000110100110101111011111001100001100011110101010100100100110010011011011001000100100011110010000001101011111111000011111111101111000001100110111101010111100010110010100011101000101000001100000001110100010101011111001111110001000111101100010101111001001111100101110111111111111010001110010100011111101100110010111001111110001101101101001010101100110001100111111010010110110101011111
0011110000110001001100110110101000001101011111100100101010111110110101110101010111001101001110010001110010101111011100001111101100100100000001011011100110000000010100111001110100101010111111001001011111111110011010100100001111101110001100110100010011111111101111100000110100000001101011101111001010111101110011101000110110111100110111100101111101100100111001101111010011110100100111101111111100111110111101110111101001110001011010110110110101011010010000001010
1000111110001011100000111111010111101011110100111110001010110110011111110100000011111001011111011110110100111110110110011101110010111101010011101001001111000011100011001101111100110111101011101110110011100111111000001110001110011011111100111111110011110011111001011001000101001011110100001111001110010010010100011011010101001111000001100110011100101010101011010010101110111000101001100101011111011100010001011100001111000101001110101100001110110000011110111110
1110100010111101001101101100011010110011000000110000101010101000010010010000001111110100111110001111110101101011111100010101101111100101110111110111010100111001111011101010011011101111110010011111000110111001111110001101001101000011001011111111101001111110001011101111001010010110101111100010000011001000110100011100101101010010100101010011001111101101101100111110110010100111111101101101101110100100011101111111100111000110010101101100000110111000110011111001
0001100001001011111111111111110011110111001011111101010111111111100101111010110111111000111011001110101011110111101000001000101101001011111101011110000101111111011111010001001111111100000000111101010000110101011011111101110011110001100111110011100000101100101100111000111000110101010110000001001111011111110100001111101011011100101101011111110011101010100010100001101000100110010011010001110111011111100110111101001110100110101001111101110101110100001011111011
1101101101100001111110011110101101000100001110110001100001101100011100011110100101011101000001101001110010010111000001111101011010011100011110011100010000110111111100011110101111110011011100010110010010011100000100010101100010001110001100001111010110000111000100011111111010011010111011000010000000110010001000011010111111000010001101001010101010000011111001010000100000111001001100000110010000110011001111011101010111011010010111101010011001010000111101010111
1000001100101010110000001110100000111110101111011001111001011111001010000001001100001110111011111010110110011001011111000101010110111011110100110011111100010111100010111110100110001100111000101111011011101100001101011111110111011011000011000110110111100101000100001001000100101011010110101011011011111100111100011000100110001100010100010111011111101000011110011011101100011111011111001110010000110110011011001001011101101011011101000100001001100110000011001000
0111110011100110001111011110101111100101111100110010111001111011100011110100111101001001010011110111101000101111111011111110011110101101011111100101100011000101111111101101110000111000001010100111101111111111010011011101111000111100111000100101011111011110010000111101101111111000101101001101001011011110101101101100001011111100010010110111111100110101110111010101100101100101100101111101001000001111101000100111111101010011100101111010010001110010001010000001
1100101100001011000111011001001100001101111111010100111001101000100101001011110110001000100011111111111101110010111100000110011110011111010100111010111001011001111110111010111001100101000000101101111011010111110111110101111001111011110111110000011010011001101000101000100011110110111011110111011010000100001010000100011111011010110011100010110110000010001001000110101001001100101110011010110110101101101011001110011100101100001111101110100011110111011011101110
1000110101110111101110011100000010110011000110110100001011000001101101111101110001110010010000001111111101011001000111110101101110011010001100101111101010110101001001111110111011001001001011110111000100101011101010110001100100111111111101101010110010001000001011101100110111100110011001100000111000101101111101011010110001101011110110101100100110000110011100001111110100000101110000001101101110001110010001100110001100000101011011000111111001011001010100000110
0100001001011111100010000110011100111000100110010100010110110010100111100000100111110100001101101110111010101011001010100010111110101100000111100110001001110111010001111000010010011110011001100101011100000111110111010111000101110011010111110101010110001001110100011111111011011101111011101101101110011110001111110010001100110111010011001100100111011111101001011111111101010111110111000000010100010000111010100111010001000001010110101010100011111101101100000001
1000000001111010111001100111010010011011000000000100011000110000101010010000010111110001111101010011011110010011010110111111100001010101100101111010001110110010011001110000111010001111101000110001100010000001110010111001100011011101110001000100110001001010011000110000110100100110111101010111110110101011110111000111000001110101010101010101110100110100111110110101101110010011111001101101001111110100011010101001101111111011001111001011111100101101000010101100
1110100001000001001000111101100111011111101110110101010001010000101010011000011110001011111000111000101110011011111010111111001001111101101001100110100000110111110001110011100100001011010101111111110111111110110001000010001101110000110101111111101111101110101001010111100001011101011010001110010100000010111111000010011110111011000010010111011001110011010101011011111010111110111000110011110110000010111100001111111011001001111001111100001101000001011101011001
1111111100101011101001111000101001110110011100100110100100011100101001101011101010011100011001010000001001110110100111111011110101010011101111111101111010000101101001110100011010111110110011011001111111101001000101101001011111011111101111110110100010101110111101001011101110000110001011111001000101111100110011110011111011111010000110011101110111100111000000100010010111011100100001111101101000001110110000010111110100010000100111001100111011110111101001011101
0011101101110101110010111011010110011101101110111100111010100000110111010110001101110010000111110010010101101010010101111001111110110000111100001101101001011000100111001001111001100000111011010111111011110001001101011111001010111010101000011101101100111111111101011000111001101110111011011001110111010111001001110111111110110111111110110100111110001111111100111111111011010111111110111001110001101110000010011001101010110011011100001111101110001101001000000101
1101111110101101010100100101010101011110101101100101010110111010101111110011010111000110010000011111110111110101001101111011011111101101111111111000110110110111101000000110011011001100001111011111010001001001010101101111000011010110101011101111010001100010000001011100111110011100110000101101101101001001011111011110111110110011100011110010011011101010101110111011010100001101110110111110101101101011111100001100001001011011010001001111010001000101100010000110
0001001101110000001100110101101101011011010000101100000100101101011010001000110010000110111110100101110000101111011110011100010110001111001010111111111011000001010110111011110010000110101110011100011111011111100010010010011110100110100011010101110000110001010011001101011101100100010110110110010111111101001111100001111101010111010011111111100000001000000010101001101001010000010111010000100010111101100100111110100010100000011101001000101010111100110100100011
1001100110001000011000111110111011000011011101001011111011011101011111100111010010110111111100111010101010111001101001011011001010101110110111011101111010111110110010100101100101011101000101110001110101001001000110100111010001011111001100101110001101111100111011110110101000100000010110001000110001101111001110100100100111110111111111101101101101100111101110111110010110011101001010101001010011100111011011101101101000001011110101001110111101101001101100101010
0011010111100000010111011110010001110011101100010111111000110111011101001000110010100100011000011100001001100100010010111110101101111111111110101001100010100011000111111100001110110001000100100010001101110001111111011100001110010110010110011011110100101011010001100001100110011011101101001101101010101111000011110101101000010010000100010000010100111011110110101010100000001010101010001111111010001111000010100010001111101011111000011100010101011100111100010100
0011111111101110011100010101100100011110100010001001001001000110011101101001011011110110111110100110111100100011101111111010111110001110011101010101111001110011101111111011011111111010110111101101000000011111011111110010101011011100011101010011100011111101001111010010010111110110110000001111100000110110111111111101110111010010111100001111111101110001001110011110101100111101100010100110001001100000111110110101011000101110101111110111110010010000111110011100
1101110110111000111001110110011111100111010100101001111110010111111101110111110110010011000110100001111100111111111100001010010001011011001011011011001110101101110111010011000100100001011100101111110010101011010101110011101110010101000001110111111100101101001111010011011101001110010011111111110111111100110111001100010000101111001011010110110110011001101111011110100011100110110011011111011001001110101100000111011000101110101000011000110111110100111111010101
1011100111111000110111000110111011111001100101111101111011000011000110010111010111000111011010111100101010111111100111001001101111000101011101010011110101011100010100111011001011111101110010101011001100011010111100000010000001011011110100110111001000110000011011110011010011100101101010001100010101001111100001010110000001000101101100001110110110110011011010110010101010111100101111001110000001110110111001011101110011010101100110110000011110111111101101010100
1011000100101001000001011111011011010110001110011011010111111110110001110011101101011111011110111011000010100110011111010110111110011010000111010001010001011111011110011000010111100011011010000101011000000010010101010100111000101010100011011110011111111110010001101001111110010001111010000110111011111010010110010101011000100011011111010110101111001110000011001010111101101011110110110111111010001111101011111001100010101111010000001100111110110010110010001110
0110010010100000110111110101101000011011111111110010111001001001111010011010110011001111111011111101111001110110001101111001111011000000111100010111101100111001101110111101101000110100001100101101111100101100111011000110001011011000101010001111100001101010001011101101111011101100101111101011100001011111101101111111110101111001101011011111111001111101100011101010001111111111100111110111000111101010010000101111100011011111101001101100001011111110100010010001
1011100011101000000110001010100110011111110100000000111111100000111101110110110001001101010000110101000011100101110100010110000001110010010000111110111011101010011010100110101011111000001111011011100110110000011111110101011111000011001000111101110111101000101011001001110100001001000110011010011111100000111110111000010101011100010000111101101110000111011001101110011010100011111100010011101001001111101111110000010000101111001110010010111011111011101100100001
1101011110001010011101110101101110001101100101010101111111111011111111111000010101100100110101010100000001111000001101111110010000111110000001100111001110110111001010001010010110111001011010010110010011001000111001000110011001111111101001110100111011010100100101110010111101101011100111111010110000011101010111000111010100111001011011101010101101010110010011100011011000101011011010000010011111110001010010110011111111010101110111011010011011110101001001010101
0111010100111100101110111101111011100000111111111000111000011111110010101011000100100010100000111001111111111100100000110101001110011111000110101110100010011111101000101011011101111110001011011101010111011101010101001110111111111000111011101010101101000110111010101111110111111100101010011100111011110101011111111110011111111100010110110001110010011100011110100111100111010110110001001000100011001111101011110100101111100010110110100101011011011010010101110101
0110000101110100001110000111011011001001111000111100011101111000111110101111000010000000111001010011010001010101001000000110010110100110101100001011110010110101110101110001011100010110011111100110001011101011110111010111011110111100000111000011000011010010011000010100100100101100011100001000100110010011000000000010101101001011111111001100001101100011111101110100001011110100010101011111000101010110111101010010000011010111011100011110100110001100011010011110
0111110001011111111001101011111011100001010011010111101100010110000101001111010001010111010101001111111100101101000110111010000110001000000011011111110111111010000010111010110000111111100010000111001001110101011100011001111001011110110000111101111100000110100000101010101010100110111011100010011001111111110100100110101111101011100111111010101001001011011100010000010100101011111001100100111011011101100011101001101100100001011100111000011111111011111100110001
0010110001000010010001010100001001001101010110111100011000101100101100110101111010110111101110111101001100111110110011110011101111110100010000100111010010100000100111101000110011101001100010111010000000111011000001001011001000111010100000111101001110011011001111010010001111001000010011101101001110110100001101110000000111001111010001111101111011101011110101011110000101011111111101011000101000110110110110110101101100011110010100000110011110101011010001001000
1011110110010111110100010111101101011100001110000111111110001111100101101111010110010100011101010100100000101101111111110110010111010011111001110011111101110111110010100010110111100011110001011101100101010111111010000101111110001001101111111100111100001000011000110110011111110111110110100011110011101110101010011101011011101001101110111001110010001111111101010000101011010101001000110011110100111011000011111001011111110001111101010101110100010100111011101001
0100110000100111110011100111001100011001011000111001100100001111011010001011011010010100101001001100100101100110101111110110111000101000010000011100000100111011000101001001101110010111010101000011101010000100101111011001110010101010001110001000101111101011011110110010001111011101101100010000000001111110001110000010111100110110001110100110011001011100110001011100010110101000110111111011000100111110010100000110000001110110111110011010110101011101001011110110
1110001001010111111011100110111111011111111111000101001001111111000110010101110010011101011100010101111111010010010010111010001001000011001110110000011100101111111111100011010101101001111001010000011010111110101111010101000111010111010010100110010000001111001100101110000000101011001110001011100100001010100011011100011100110010000100011111001101111111110110001100110100010011101110100100111001110001101011101001010011100001000100000001100100000000101011001010
1011111101000011100001001011111000101111000101100010011010011110010101100110001111011110101111001001011010101101111101110001001101110100010101110100110100000011111011100100001101110111101001111101010110000110100101101110011001110011110111101111001101001100100011110010001001111111000001111000001000111101001110111101110111101011011101111100001000101101110101111100100111011101001101100111101100111011110101010011100011101011001110101111100001111100111010000011
1110011110011000001011111011101100111111011000000111000010100011101001000100010010100111010000101011001000100010101011101100111110001000001010100101010001110111001110111101010111100001111100010101101000110110110110101100001101001101001010011110110011100010011011001100010011011010111101101011011111111100001001011110111011000010001000011101000111010101101011100010011101010101110010011111110010110111011000010110110011111000111011110111011001001011010000101110
0111101010111101101101000111110100111111101101011001111101100000110111101000110100100101011101111000100111011011101001111111111000110010000111101001100110111110101011100111110111101011110010110110011100000011110001100111010001110101001100111111010011011011101111000100110110100110001100001011110110111110101010111010100011001111110010110001110110110001101001011101011101011000011010000111101010110111000111101100011111110101001110010011001101010110011101110101
0101010100001001101001011111111000011000011101001101000000101101111011111101001101100001001011011110100101111110111111011111010001010011001011000101011001110101010100011000110001001100111011111100100101111100011000010111110000111110010111011110011000111100111011111111111010111011011111110111010111100111011111101011110111000110011100101111001101100011010000111011001010110100111111100100010101101111100011011111110010100000111100011100110001011010110110000111
1101010011101111111110111110110110111000111001110011001010001100000011110111111111011001100010001011010000111101100001000011000110000100001110011101101001001100010101001100010110101001111011111010010110000011100111001110101011101010110111111010011111111111111110101001100000101101010000101111111101101011010011011000011111111101100100111001111011111001110110000111110110100001111010011101111110001111001111110011111110011101100101101011011100011101010111110000
1011011111000100111010101010110001000000101001010011110001010001001010100000000110111110100110110111110110011001011000000011100001000001101111000110011100000101000000000100100001101111101111011001110111110100010000101101000101011011000011001101100111011001111011101011001010101010011000101110001100000101001101001111011101110100010111100111011010101001001011111110011101010000001101000110111101011011000001000011101111011110001011010101101101100111110010110111
1110101101111101100111001010011110100111101010100000101001110111001001101010111010000001101000011100010111010011000011111011111100110101001101000100110101100110110011100100001110110000001001110111001100110001101101111011001011110011110101110101011110011011010111111110110110010110101110100011111001011101111100000111011100110010110111000101000101010000001001011100000100011001111000111010011100100110011000010010110110100000000001001101001011011101001000011110
0011101101001110000010000101101111111011011011000111111110101100111001100100101010011101111110100101100011001001001111010101011111010100011110110111101110101000101101110100010110011000011111111010110100101111110001011011010001100111100110111010000000001000000001110000010111100000001101101100111100111010000111000011001111100110010010001011111100001100100101100010110110010000011001110101011111001110100001101101001111011010001000000110110110000000101011000110
1000101111010101000010111011100101001000010110011101110000010110101011100111110000001000001000011011010010111010101100010101010101100000010011110010110100011100100110111110110111010101110000110101001100010011100110111011011001100100110111000101100001010111001011111000101100001100000010001111000110101111011010000000001110000101111011001110101010010111001011100111110110101001100001010100001010111111110011010011001100010111111001100100100000011010011110011100
1110110111000111110010000111010011001001111101001100110100010001001101111100111010011001101010111001011011000011111100100110111110110010001001001000101001011100010011001010110000110101001101011101001111011000100111111111110010000010100000100010010001101001010100101000010001010110010100110110111010110100000101100111001010100011011000100100110011010101011101100111100001000101001111110111100010111101011011010111111111100011001000000101110001100100111101110000
1100001011110000010111001100010011010110100011111101101110101111000111101101110110111111001111100101110111101110001111111000111101010010010101110110111101001110011111101110011110111100111101101001011110101101110010110001000011000010001101111111010001110001001100011111000100111111011011100111111001010110111101011111101010100000100011001101111000111101000111001111110011011101010000110011110001000101011111110100111010110100011011111001001111000010011010100101
0110110101001011000110110110000100111101111111100101001111110010111111000111111011111010111111100111100100110100110100101111011001110111111110001111011110100001011110000111011000010111011010010111101101010010101101110001110110101100101100011011101110001101111010100011010101010011100101100111101000100010111111001001111101110110000110100010000111110001111011111000101111100101011101111100110100111011010110110001100110000001111101010111010110010001000001111001
0101111001110000100111110111000010000110101010000010010111111010100100100001111101110110101001110100110001111010100101111010011010101010101110110101110001101001000111011111100001101010010001101101110111010011000000111111100010111010100010011001000110100100110000001101100110111100111101010001010100000011101010011011101011110010001100111101010100010101100111101010011001011000001010000111100001010101100101110111011101000011011011000010100010101011111001110101
0110011110010000011011010010110110000110010000101111101111010010110010011011111000110100001111000011010000000100001111001010010001100001110111010000110010101001111000100010110111001000111000011110110011110000110111101001001110000010011100111101011000011011011001101101101110110110110100010011101100001010010011000000110010111011001000100011011011010111110001110110111000111100111010000111101001100000011110001011010001111000110110000010111011110101110111000101
0110101100010111001101110101101111110011111010110101111101011110000110011010111001110101110100001011100011100101000110101100010000000111000101111010011001101111011111101000010100101111111100101111110000110110011010101100101101111100111011111111100101111111101111011100011101011000111001111111111111111100111110011001000101111001101100011011110111001101010111110001000000110010010101101110100111111101100100001100101111001101111110100110011011100010111101100001
0101110110110001111100111101111001010101110011100111101010010111010101111010010101111011111111100010111011111000100010101011001011111011001011001011101011111111101001011000111111001101001000110000000101111100101100000011011100010101100111111111010011101110011101011101010100100111110000001110111011101101001011000011010011100010101001111101111110010011001110011000011100111101101100110101111110011101001010001011111010101111010100000111001101001100110110111011
0011101000011111111011101000010001111111110111111011110111111111100110111101111010100101001101111111000110101001101011111110101111100111111100100101101111110001101000011100010011111111101100000111010101100101100111101000001011100110111110010111011000100011010001010111001100011010101001001111100100011111000011101111110101111010000101001111001011011110011110111101101110111010101110001110001000010000111101000110001001100101001000010101010011010010100011001101
1111000111000011110110011111000011111011110001011110111110011001011111111011010110001101100110011010001001001000010110010000011010101111100110110000010011111100011101011101010110010001101101111100010011101111001110011111101101100111100111100011011001001111100011011010111111000010111001111100000110101111001001100011000111110100110001100001111011110111001011111100011111100010100101101111011111000001010011100010111000010011110110110010010110101100111001100111
1011101010100000010001111110111111111100101100111011101111101011111000000010100110001110011011111110110101111111011110101010100111111001111100011101011110111010010111000101100101001101001001110111010001001000101001110000001100100011111100111110011110110111111010100101111111111100000011111001110000011001101010110000100110110000111011100111101111101010000001011101010001010101110111001110111001000101101100110010010001010110011101111111100010010011111010011100
1110111110100011001010111001001011110110010001011110111010100010110001100101000010011000111110000100100111101110101101101011111011010000100100010100101111001111101001101110010010011011000001100110100001111110011010011001100011111100100011110110101100101001010111010111011111111000011101100101010101111111101000010000111010101011111100000100111101110111001100111010011100101100001000100110010100000101011111110110111100011100100111111011101001011100111001010101
1101101011100010110100111111001101000111110011011111011010010110110011001100011111111101001010111011100110010110010101111001110101111100100110100010101111010110111111010100101101111111111110101100110011001001010000111011100100110110111000000001010000001010101001011100010001000110100111000010101100011111100010001111110101001010000011111110010011011111101001100011100001001110111111001101111111110101110001010000000101011100010001111100100110101110111110000011
0010000100101010111010001101101101111100001001000111100001111010001000101001100010011111001001110101111010001110111100010000011101000010001110011001011100101000011000100000110011100011101101011011111011001010111011111010000000111011000001100100001101001000001101101001111010000110011000110110000011001100111101111110011000011000011110110010100010010110100111011110001111011111011001001100001001000001101011110101010011100111110001111000111000011011101100111001
1011111010100010101100111000100001101111110100110101101011000101100001001110100011111101010010011011111010111101011010001011101010000001110000111101001100101100000111001010100000101010101001111110001001111001110100010011111111010010011110011111100001100111011111000110101011101111110111110010010010001010100100110111100100111110101111000011111000100000001111100001011001100100010001111111011001001010001011100111010100011110101011000011010000110010111011011111
0111111101100110101010001101010100110100000010111101011101010101000111000001100101110011010001101111000100000000111010111101010001010111101000110110000110101011010101110001010001011111100001101001101011010010111101010111111100011011100010101100001010011111110001111111111011001111101000100111000010010111010010101011001111110111010110000101001111001111011011110111100100101111011011111011111111011101100100010011101110001110111110100010111001101001111111101101
0101110110110100011111011111111000010100110011010100011000101111010001001100101010110110010000001111010111111111110111100101111100010110011111011100001011111111011011100111001111111111000011010111100110111101111011101010111101111011101101001001001000000011011010000101100101101011100011101001011110010011001101101011000100100101111101100101101110101110110101001111111101100001000101111111110000010011001000111101111001011111000010111011111011110101101111010100
0010100001101010010111101101010110010101111001000011101111100111011111010100010001001111110111000100011101110101011011010011110001110110111111101110100101000100110101010100100011110010100010010011111101110111010011110101101101001101110001000101011000100111111110010000111100000000100101110110010001011011000101111010000010000010001000101011110011011010101011010010101111101111101010111011010111101101000101110011101101111101110101101111100001000010100001010011
1110111101001111111001000111000001000100110010111001001010110110010010111110010001100011111110110011101011010100101110011101010101001001001110111001111010001101100001111101011100101111101111001111010010000111101111101100100101100000110001010101010010100110010100011010001001000110011101101001010000001000000010011000110100010100110111010100000010000101000111101111011111001011110000000001111011110000010100110101011000010010000000111100101100101111010100111010
0101111110000101000000001011010110101001001001010000111001000111101111011001001101011111010110010001110100101011100111000110110100111010100010111100100011011010010100110010101001111101101011001110011010001101010001011000101000011011111011101100100001010111000011001110000100101110111101001010000101011100001000101001001101011011010001011111010010011100110000000001111100110100011000110100001101111110011011101100101011100100110001000110101101110000101001111011
1010110000110011110010100111111110011000101000000111111110111101111100000011100010111110111000100110110111101100010111000111111111101101000111011111011001110001110010011100001100111111110111011000101001101011101111010101011001110100010011101010010101010101000010000101111110111101100011001011011010111111110111000010110111011101011101101111110111110111010011010011100001110011001010100011100111110011010001001010010110110111101011111010111001101000111111101011
1100011111011101110111001110110111111000010011011000000111101000010111000011101101011111000011011000111100101111101101000001111111011111010000110111011011011001010100011000110001101101010110101100011010110100101111111110000011011100101111111101111111101111011010101011110011001101010000100000110011011011011011011101000111101111000000111010110101011111001110011001011001111101000101100111000001000001010001111010010001000100110010101111111110011110101000110010
0100100011001000111100011101010000100011011110100100000000001010011111011001011111011100010000100110101101001111000011111101100101110001100100010101110101100110110001001110010001111100111000101101010010110110111110100010111010111010100010110101100111110101111101011000111110000000101100111101101000111111000010010010111101011000001000000110010110101111100111110110010010101010001110101001001101101101110011101101100101110110101111010110111100101010101011000101
1110110011110100101001111100011111111100011101110111111010111100110101111001100111100111001101010010000001101000111001001101010111111101011101110000101110011100010111000110011110111101101011110111011100110111011111111100110010111011111000110001011011100011101001011111110110111010110111100111010011100110110000111001101100110100110101111111010000011011000100011001100110111110011011111110110000001011101111100101101101001100001010101100111011100001000100110000
1001110000100111010011001001011101000011111011010100011110011001010111001011001000100001011110000110101100011010000101111110001100011001110110110000000101001111110101100101100010100101001111100001101010001111111110100111000011111010001000111011110011100101011100010100111110101011101000100111101001001101101111000011100110100110011001011010011100111000010011110011110100000011000011101100000011010110101101100011001111000100111110000011010001011101001011111010
1001100110111001111000001111111000110101111011100101101111000011011000101101101111000011100011111010100011001010111100101110101111111111010101110010101101000011000111010100111000101101000000100011101110010100111011111101101011100000001100100111011110010111100101000111011010011111100100110010111000011111000111011001100001101011011011101110000000111100011111101111001110010111001101101001001111101111111100100011101011110110111011101001011011110001110110001111
1010000011000101111111000010111001001000100001011110000000111010011010101100011000010000101111110000010101010101111011100000111111110011100100010101110000110000111110000111001111100011110101101111100101010101000100111111110001101010001111000101111011110010111101001110100000010110001101011011011001100010001101110111000100110111001101100111010010011110100010011101100101000110001101100111111001100111101011100010100000000001001000111000001110001110011101000101
1111111011000000110000100101001101000110011000000011101110011111111100101010110101000111001010000101100101000111111100100010000100111100111101100101010010111101100011110010011110101001010111000101010101100110001011000101101000011111000110000000001101100011111011111011111000001110011101000100011010010000000111101111110001110100011101101001010110100100110001111101001110010101100100110100101011011011101100111100111110001000101100110111011001100010100101001011
1110111011011011010110110110101000001110110001000111001011100010010110010000101000111100001001110111111001010010110111110111011000111011100100010110111110011110111001111111101101111101111101100011111001101100011011101101101100111100010010101010101010011110111011100011000000111101101000000101100011100101111011001111110100100111000010111111100100100000011100101011010000010011000110010110101111111111011111110100010011100111010101101101111110110110010101001011
1111110010111011010000001110010111001011001000101101110011111010111001110100110100111111110100111100101010110101111100101010111110101111110100110010001001110011110010111111011110110101011010101111110001011110001011100110111011001101111110111110011111010111001010010001110001110010111001001010011111101101011001101110101111001101010011011100110111110100100000010110110110110110011111110100011110100100110110011101001101111000000110000001111001000011101111111000
0101010110001001100010011011011100001110111001100110011011000010010000000101100100110011001101010110111101101110110001110000000110111010110011011101101011001011111111101001000111110101000111011011111001110011110010011001101000110011110111100000000111110011000110001011000000100110101101100100000010000101100010101110001100011110100100111001111010000001100011101110111110111100110001011000001011111111001110000110101100001001010111011000100101001111011001001100
0001011111010100000111100101110111010001111001111111110100001100011000101010111100101110110111001100111001101110101101110010100101000000011001100011011000010100011010101100100011010111010001100001111001011000010011101011010100111100101100111001101001110111011111010100000001011110110110011111010101001111011100010010110110000000011111001110001111001011001101110110010110000101101101100100111000101011000100110011110001101001110011011101111101101011001010101001
0101011101010001001110101011101101101101000001111011010111111010001101011101100100101101110110110010001010011111000101010000010101000111000100100111011001100001011111010100010111110011110011111111011101001000000000001100100011111101000101111011111010101001110001111101010010001010110100101001101111101101101001011000111011111010011111011010011111101011010101110111101000110011010101100101011111011001000000100101011101101000100011001011001110111111000010110011
1001110111000100111111011010111111011011001110000101101110111111011101000111000101101011001101111101101111011010110100011000101000101000110000010101101111001001001101001010000110110110101010011110100101110001111101111100111111101011111111110011111101100110010101110101010001111111110110100111010111001001101010101010000110001001110100110101100010101000101010100111010000111011111101111111111110011111011100111001011101111010111111000010101011110110101110111101
1100101010100110111000101000101011110111000101011000110101100011111101111110110111001100110010101101111111010001110111010100010110011110001101011111101111100111101000101001011111111111011000011110100101011110001100011010010111001011011000110110001011111100110000001100010110010010101111110111110101010001010011101000101001011111100101110001001000010111000100110101111010011110101101110101010101011111011001110111110011111000110010110110010111111100111110110010
1001000111101100010111000111111101001110101111101101111010111101111110011000001011110100111101100110000110111001100101111110011111010100100000001010101011110011111100111100101111010101011010011111101010010101110001000110110101101000000010101111011100100011001111011111111001111111100010110110000110011001001011111100000111010000000110000110000110110101110010011101010101110000010111111100011110111010111101101110100011101001001110101100001101001101110101000010
1101100100111010101101011101100010110111011110111101001111001100001101111011000101011111000011111010110111110000011010010111010000011000110110101000001111011010000000100010111100110011011001101101100110011110000010011100111110100011101000101110000100000001101110110010010001000000111010111110001010111001101111101111101011110110000010000111101001110001111011011100000000111101101001001000001001101101011111010000000111100110010001111010000010001110100010100110
0110001001110100010001001011010100111001010111100000101110011111110111111011001110110000100010011010110001010011011101011001110111011110111111101100010110100100011110110001110000100111100010001000110101000111010100000111101110000000110110111101001011100010001101111001110100001011000001001010101111000111101001110110010101110100010000111100100110010100101110110001011111000110010111101100101010001001110010001000100110110010111000100111011100010010000110110001
0100010011101011010100010010101100100111111110010111100001100011011101110101111001011000101010101111011001010111101010001110111010100010000000011101111110011101110000110101101011010101100001111001010110100101110100001100101001111110100001111110000101001101101000110110101000001111101010011111010111111111011010001010110111001110010111001111110011110111011100110011111110001011111000011011111001110110101111011010011111010111011010110101011001111010001010000111
1000000011011101100101000111110111011011101011001100110100001011100110111010100100010101111110000011100101100011011101011000000000110101001010101100110110111000010000011111001011010100000000010101001001101111110011010011101010101100011110001100000110110000110100000111011101100111001100111111100011110111100100001100100100000001111111100001001011011110110110111110110001000001000110110011011100101001011001010010000110110100101110011111010101110100110011000111
0110011010111011010001010010111100010111111011010111011011100110110010110100000001001011101110110100110111100010111110111101111011011011100010001001101011000001110011111011110001000111111100111001010001100010111011011100101111001111101011011010001111010000100001100100000111000111010111111010100010111011101111011001011101101110111101001101111011100100011001010110000110100001000101100110011011111011111101110010000111111011101100100111001111011011010111100110
1111110000110001110000101101101010000110010110001101000100101100101111000011110000010111010100011100011111000011110010011110111100000111101000010010101011110000111011111001111101101100110101000011111000101111110010001111001101011111101000110101000110101011110100110010011001001111010010101011101110100110101001000111100111111110110110010100100111001011001100100110100110100000110100101001010101111001100101110011010101101011000111101111001000101100010110101000
1111111101001110100010001011010110110101010111011101011101011111101111011011000101111110101111111010011010101111011011111111001010001101110111110001111101110101010101100111000110011111110000101100111110001001000011100010111101101000111001111110100111011111100101101011011010011111110001001001111101011001100100111001010100101001110100010100110000010000001011100100111011110101010101100100001111110010100101111010111110001001101111111011111000010000110111100001
