00111000111100111011111101100110100011000001100111
00000100110111011110000110101000111010011010111101
01111000111011011010100100100011001101111100001000
10110110100011010101000101000101010111001011011110
01111011000001101110101100101101101110110101010000
10101001001101010111111100101000001100100011100101
10001111000110011110001001110010100111111011001100
00111100011100110001101111001011000010011011100011
10111111100001000010000101011011111000111101000111
01000001111010001101011101101011101010101100010111
11110000011001011011011100011000001111110100001111
11010111111100010001001111110101100001011011100100
01111010000011001001110000110101110001101011011001
11100101111111000000111011111001100010010100111001
10111110011010001111001110110010111111010100011010
11111111100100000011111100001110111011010100001010
11010001101101001101100101001111101000101001001110
10011011110111111000100101001110111010010111100011
11010110111010110101110001000001111000110110001001
11110100110100111011010000010110111011111101111000
11010111011011001110101001100101000011001101010111
10011111011100101011010111100100100111100010000000
00111101010010111010001001110101110111011101011101
01010100100111010111110001111110001011101111001011
11001011100110111000101011100001100110010110100101
11100010011010111100101010100100111010000110011111
10001101101000000100000101100110111111011111101110
11111111011111000001111000001110110110000010101100
11111111100111010010011011001000101000101001011101
10100101010100110110010011111100100110101011000011
01100101100111010110001011110011111001011000111111
11000010011011110011111110100010001101011111011000
00011101111010000111010110110100111011011110111001
11111111110010101100100010111101000101011010000000
01111111101101001110110101000110100100000111100000
01110001100110111000111101011010100011001100111111
11011111101111101111010001110010101000000000010100
01011100000101010010111001110101110011001101110000
01010011001101110000011111000011101110100001101011
10111101001110011011100111000101000011101001111011
10111111010111111010010101001001100001100001010100
00011001111101100111111000001011101000011111011000
00111110100100000101110010101111110010100111111111
00001101111110011101101100011101001000010101101000
11110001111011111110110010111000100110000100110111
11011011001000010111100101100110100100101111111111
01101011010111011100111000110101000010101101000100
10110100011111011000111101011000111010011011010100
00000111111011101000011010111011011110101101101100
10110101110110100011101101011101011100010000010101
11100011000100110010001100101001111001111111001010
01110101010101000000000111110100111101111011111010
10110111100101011010000101100010001111110001110010
10010001010011101011000101101110100110101001101100
11011000100100001111010101110110010100010011001110
01000110101101001010011000010011111001101111000111
11001111010000001011010010001100100101101111011111
10101111011110001101110100111011100001100101000001
11010001110001100001011010000011001101100111111110
11011011001110011110111000010100001110001010010010
11100010110101110011101010000010111110100000101100
01011100101110100000100111110010001011110101100001
01001101001011111000010011011101000111101111010111
01011110100111000000111011111110110111100100011011
00110011101100001101110111001000101001111100111100
11010100101101011110001100110011001110111100101101
01011001101011101010100011101000111101110100110110
11100011011110011111110000101001010000101010001111
11110100011100101101011001001011111100010111110101
01000111111011000011011001101111001111101111000001
01101101100000111110110100010001010010001011101111
11111100100000111001101110101000110111111001110110
11101000111100001001001001001110111000111110101011
01011010101101111010100000010111111001011100011111
01010110110110000100111101011011000011011101010010
00110010011001010011011110000111000001011111011010
10100011100011001101001011100100110001101111010110
01001111101111101110000111111100011110100101010100
11001010010001010110101110101001110101011000111011
11010110100101111100000011110110011110101011111000
10111110001111100110001100001001111100101110000001
01111111010101111010000001011010111000000100111001
10110110100110110010101111111011001000100010001101
01110000001000111101000101101111011111101101010110
10111010101001101110011011001011010111010001001011
00000011110010000111101110110111100111010010101110
10110011100111011111110101011000100101111100100011
01100100100110001110110000111001101011110100101110
00110110011011101101010110001010010110001111101111
01101000111101110100000100010011111110100110101111
01100010101101101111001011111000010100101001001111
00111111011101010111000110011100010010101010000101
10011110011010110010011001101000101100111110010110
10110110101001000101001001111111100110001111010011
10011110010011101001001110111100100100110000111000
11011011111001001010101111001100101000001011111110
10100111100110000111010111111110011010111100010000
11100001100010000110110011111100011110010010110110
10110100111001111010111010000110101001100010100010
01010011000101001110110111110111010110110111101001
