1110110100100000101111011001010100110010001000000111010100011100000000011001101000111111010001111101001110111111111110111110110011010111010111111001110000110100101010011011011011111000000111010111101101110001100111111111011001011010111100011100001101011000010110111110110110111101111000100111101001001100011101101010000101001111001101011010110001001111101011111011001111101111110111011101111110100111010111101110011010100000101001
0110110011101101000000000000100100000111010011111110101011100111000100101111100111101100001101010010010111000111111111011110001111011100010101110001111011100100100010111101000110101111001010001111110111010000000011000010100100100010100110100000110110001011001011011001010001110001100100110110111011011001011111001011110011010101011101111101000111111101111111110001101010111010110111001101101001000111101010111001100000010011100001
0111100111011111001111001001000100000111111101110011111011111111111100100011111111011100011110101001110101001101000000111101010010110000000010011011111011111110111001011000111011100001010101100110111010111000111110010111101100000000001111001110110101111111101110110111010100111111110110011001101100001110100101010110101001110110101100100011011111111010101010001000110110101100011101100001011111101101111111001010101101111011110011
0110101100010011000101111010000110110110110110111110101000010100101000100111010000100001111100111000000010000101011110110011111101111101001011010010100111101011110111001101000001111011001100010000101010010101101010101010101010110010110010000110101111111011111010110101000001111111011000011011100100110001001001101110100100110111101010001100111111110101000111010111001011110110100110010100111011101101110010011110110101100101111111
1010000110110101011111110010101000011010110011100110100001001010011101100101110000111011011011010100111011010011101011110100111110100011110010010110111100111011001111110110101110001111110111101101111101100101011110111100110001100110010101111000011001100111110101001011010110101101101000011110100110101010111001100011101110101000110010111100000110110011110001010110110010001001011111101100010100011001111110100100101010111100010111
1010011001101110111111001100101111011000010110111101101100101111011100001011100100111000101011011000001010110101100011100111101100111110111111111001011011100100101011010011111101001100111001000010011010000101101101111100010000010011010101011100111001101111110001110000101111011111111000111011101010110000111000010011010101110000011110100101110011111100010011100110011011101010011011000111000010011001101001111011111100000001101010
1110010001111000111000111101100100100011101110000101001000000011000011100111101101011110111110101110110100110110110101001101000111010011011010011111100110111010011010111010101111001101011001011010000110110011111010111001000110111000001111001000000101000011100010110111011110101001101101111111000111001010011111110100011111110101010000100000001101010111011000101010111101010011100011110110010101011010010011100001110010100100111011
0111110111001101010100101011010101100101011011110110011111101111010111000101110010001000000110010001001111010000001011010001100100101101011101001111101100110011001110001010110000100010111101111100111101111101010101010001110011000110110111001101111110111000111010100011100000001110000011101010001011010011100100101111001010001010101100111000011101111111000111111111011110010110001111111010110000100000010010111010000101100011110010
1010000011011000111010010111001101101000100110000011100110111011100010110100000100001000011011110110001000100110101010101111001110011111011100010000100111100000110110111001011000001110001100101010011001111100111110100000101000110011111000100111101110011100011110010100110100011110111010110111110010111010010000000101111000010101011011101110111011011001111100101001110010010011000000110101110000111011111001011000000100000100100111
0111110111010101110100000101111000101111111000110010111001111000111011001111000100101111001101110001000001001011000010010100110111110010100110001110010011110011001110010110001000100111100111110001101010101110101101000011101001111001001010000111110011100110011001111110101100010110100011111110110111101000101001100111111101110100100000101001001010010001000101001001011110010011110000111111111111101111001111111101011001011100111100
1111001101100110010110110001100011000110110000011001010110000000001010100001011110100001000101001001110011011000100110010111111111111011100111000010111101010011011110100111100110111100010110101011101111001011001011111001101001100111111011100010000101111010011110101100100101101100010000010101111101101111110010110010100000110110110000111010111000111111011100100100010001100110101110101111111111001000010001011100001100000010111110
1101011010101000100110111111110001001110010110111101100111110110011001111010101101111011111110111010000111001100111011000100010111100110100111101110110010001100111011101101100100001011111011010110011100011010011111110101011010111101110110000011100100111000111110011010100000001010001100101100001111001111010011010000011100101011011011111010110001110010011110100000111011111110111111110111101110010011111101101111101000011110001011
1000000110000110010001001000011101110111111000011111001111010010110001110100010100110110111001001001100110111111100011101110111101001010110111110001110000111100111001111100111100111110110010110111101101101111100111101011110011100011011000101110000110001110110100011111111100110100001101101000110101011111001000110010011101011101111110110111111100101100000010011011010011100110110101001100010001010011000000100110001100101100010101
1101011101001001110000110111101111110110010000100111111100000000000110110101000010100100110000110111010111000110110011011101011001101000111111101001111011011010000100001110110000010011010111000110011110100011001010000000001011110011111111001001110001000011100101000100110010011011110101000110110101000011100101001011110100010000001011001110111011000101100110010100010100100110111010011110111100000110100111011111111010001010111011
0111001100111101010110001101101011001101101001110100101011010100010111010111111010100100000110011111111110111011001101111110100110101110101011101001011011001001011101011011100001000111111101011111001101110101001101001100011010110111110111000101000111111110101011111111111110110111000111000000110101101000011010110011001010101001100100111100010011111101111010100100111100111101110101110110100011011011011010101111101111101011110101
0011111111000110111011101011111001100100110110100100111011101101100010010010111010000100110100111011111010111111111111101100110011110010111101100000011100100010111111011110011110010100110111111110110100111011111111001110010100110100110000110110010100010001000011110000111010000010101101101010100101000100010111011110010100100100111011001111010000001101011011011001110011111101100011100000101010010100110110010110100000010111111011
1110111000011000110101011000110101110110010001010011001011110111000101101001101010110110100100011010100111000101100101111001000101001010100101001000101010110100010001001101001101101011110100011100110100101101011100011001010110000101101010111110100100000101010101111011101001010011101110011111011011101111110111101101001000101101000010101110111101101001001010000100011010101010000010010001101011101000100011101101100011000101001111
0111111000100000011110111101010101001100111001110101110101111101000111100110010010011101101100001011110001110110011111010101110110000000011110000111000100110100000011010110101100111011110111011101000110111110101010000011010011111111111100010111001100011101011000110101011011101000101111000011100100011111000001010001100111111011000001101011100010100100100010011100110010010001101101110010000011110010000011010011101111011000111000
1100110011101011111110100010110010101011011111011111001110001001100010101011110111010110001000110111001010001010111001110101010110101110000010001010011010100110110101111101101000100110010010000100010111110011010110100110000111011101111101101000011101010000101111101101100101111111000001111011111110111011101011011011110110101100110111111101110110101010010010001110100010110110111101001101101001101001111000111101110011110101111011
1010010101000101011100100110111100010011100111111111000110010111110111000010001110011000110111100001100110101110110011110110110101011101111011000101100110010001100111110101110011010110100001010100000101011100010100011110100100111101011011110101001110001110011000010101011101010010110101101000100110100101101000100010110010110000011000011110000111001101011110100001001100101111011111011011101111001000101001011100001110110011100110
1110100100111011011100010111111011001000101011100101010001111010110101001111110011010110111001111111110110000000101111011101110110010001110100011110110010110011111000110110001111100111101100010101111000101001010011000010011110000101010101111000010001111010110010100010110011110100110011011011001111111000011011111101110110011110010011011001110010111100011110100011101000100011111101010100001111111000111111110101100100110000111101
1101001101011011011000001010001011000101111001011010010110010011011101100101110110110011110011010000110101110111110011100011111000010010100110101111011001011011010111110011000001001010011110010101000110111101000100101011010100010111100100110100001101110001100110011111011100011011001001011010101000101110100101110111100110101000101111011101111000000111001100111000111110111011001111001010100010110111110100010111101110101111010110
0011011010010011111000011011011101011000010100000101110111101111101000001100111101010111001111011111001110111000001111101010100111001111111101100101111111001101001011001110111000000111001101011101000010110111001010101011011011100100000011111111100011011010111110100011001100111111101101101110110010011001100010011010100010011101110110000111011001110000010011100001001011101011101011101001110001100101010001001100011000111111001111
0011010001110000001011010001010110011001011110000110001110100100111010110111011100010100000001110100100110010110010010111000101100001101001000110010100111001100001101110011100000011101111000010001110110010110101111101100101110000001101000111001011000000100111000000000110110011111010111110011110111011001010011101101111111110100001111011010110101101100011110110001110001011000010101110110011010100100010111010011001000110110100010
1100011000111111110110000000111000110111011001001100101111001001110100100111001011011111111111111110001101000110100100111110111010011011110001001010111001001111111000110111011111101001110110110100011111101111110111100010100011101100110111010110001001001100011101000011111000110101011011101000100111000001101111010101101011010111110010101110001011000101001001011101111010111111111100111111001100111100000011101111011011011001111000
0100010010000001001010101100101000100111110000110111001110000001010101101010101011111000000001000010000111000010001100110010001100000000100111110110011100111001110110110111110111001110001100010100100010110011101000100111111101110011101111011000011000111110011011011100111011101011111101000100011110010001110001010111001111111001000101100011101010110101000100001111000001101111011111001011100100010001001101001110011111010100000101
1101011001110011001001100101100010111111011100100110101110100010100111010010011001010010010110110111111010111011111111011101100011010001011011010100111110000100011100001101010101010101101000100010010101100100100011101110011110110010111011111100111000110011001001101100100011111110011111011111110010000001100011100000010011100100011100010001000011000000000111111110000011101000111011001000110111010011111000001011110001100011001111
0010111010110100101100100011000100110001011101101101011100111110011000100110111001110010010101111110000010010001011001010110111101000110110001111011010001110110011000000100101111011101010110111110100101000011111100101011011110001000011100010000101111100000010001010001011101001011000100111110111101011111001010011101101100100010010000001110111001010001101011111110110011111101010010001110110011110100100001111000001100110111010010
1000100111110110111101011101010101111101101001011000010111110000010101001100011110011010110010100010001010010101101101001001100111111100000111010010001100111011100010100000001000111000011101001101010000001110100111011101011101101110110101100100001110111000011101000010001100000010100011101011010111111000011111010111111000001101100001001010111101011010110100110101010000111100000111000101101110010000011100000100001111000001110101
1001101110100110001011101111101010010111000100101010110110110111110001011011111001011101100101011101000101010110010110111111010000000001101110101110001011001001001010001000101011011011001011100101010101001001011110111110100000101111100011000110101000000111001000011010110011110110101111111110101101011000100111011010111101110100100111101011000001000010101010101100111111110000110100000001000010011100110100011101010001110111110101
0010001100110000111101001110111100100110010001101111010001000001000100110000101010111010010011100000111111010101001101001010110100101101000000111111010110010101010010011001101111001101001101001010000101110110110010101101111110110111110000010010010101101001010010100011101001110100000011101101001010011001001101101101101010011110110111001001010000111001101101101010110101111110010100100010010000001101010101100101101101101001110111
0111101110101110111111100110011011111111100101111010100000111001111001101101111000101010101101101010111001011010000110000110110111010011111101011110111100010110011110110101110001101100111010101111110101101111101001010110111000001101110111011011011101111010011111110011111111100010110011001101101100110001111100101110111101100010100101101010010010000001010110111110000011100101001110100101101100010111010010101101000101110111010101
0101100010100111010110111100010010111101111011110010101111001111011110000101110111001011100011101100100101110011100011101011001110001111110111111010101100010110000111010010100010101101011001010011011011010101011101000111011011100110010010100101100100110111100101000100101110011111101110001000111111010111100010000110111000001000101000110100111110111111001001011010100100011000010011011111111001001010011110011100011001111010111000
1110110110010010001111010011011111110111110010011101101000101111101001011111011001011011000100000110101011110101110111101100001010100011000110000001001110111101100100010010010011001001001110001000011011110010111011111010001110100101100011100101110110010010010101111011011100001101011110010111110011111110100001001010100010110111001110011101001111101110010100001101111101111010011111010010111000101101010010100111110110111110001110
1110110101110010001010011110111011001110001001010110001011111101111111101000111111011010000001111001100001100100011100000111111100101100110010010011110100011011000011000000010011011100011111011100101000111011101011111100101001111110111010101111101101000000100111100100010010101110010101110101101000111111101110000000011100111100001100101011011001111011000011011010100101110101101010101100110111100110101111111011011101011010110010
0111100111011111111011101110011110101011111101101010011000111010110111010001010010101111010110000010100101101101111111000101110111000110011010101100001100111111101001111000010111010001010111100000001101111111100101001110110111110100111101110010011001011101011100100111111101111110111111000111010101010110001010000110100101110000111100000010010100110101110000110111000001111100001011111001001111100111010011100101010111100010010000
0111100000101000111111101011011101010010101101100101011110001001111111110101111001101001001110001010000011100101100111101010011000010100101000111010010111101111111000111111101111110101111110011111010000101101001111111010110011101011000111111011011101011001010111001011100010001111110001101000110000110111100110101101010100111111000000101111111110011111100010011100000011101110100100101111101111001001011110111111111000111100011101
1111011011111001100000111100111011110001000000000111011101111010111010111011101110111101010111101101000101101011101101011100011101110011011101001111011011101010010110110011110001100100100011011110010101101111001010011000010110010001110110110100001110011010100100010011001110101110100000111110000001111000110010000011101111110110110110101110111100111110110001111110101010001101011100010001001111001101110000100000111111110111000111
1000100101101110111100111100110101011111011000011010111111111000011100000111110001101010111100011001101101011110110010110110100111011101110011111011111000010101011110111011110110111111101110001111001011000011001101110000000110000010010001101111101010100101111110110100011111101111110100111011111101111011100100010000001100110011011001001101101101110111101001011100011110101001111010111000011110111110101100000100111110011101000010
0000100000111110111010101111010110110000000001100101110111000100000010111010110111001101011100110100101010011000000111100010101011010101101001010110000010011111110100111110100011101111001100110100011010011000101000100111101111111010000110011011011110011111100010000000000110111101100110011100110111111111011101000000101011001001100100100100010000010011001101011101111001110000001111110000110000001110011111110100101010011000000000
1011110011011100011001011111010001111100101011100100011011101101000011110011000110100010101000011001011110000011101100101000001101101011101111101100100110010001011100111101101000000000011010011010111100000111111010111110101010101111101001100110000111111100100001111010001000100110110101011110001010101000100011111111110101000000101011110111011001101011110110011011110000000111001101011010100101011101111100100010111000001110110110
1110110001001001011111011000010010011100111011111011101000111001100100110001000110000001111111010001101111001001111001111010101111011001101011010100000111000111000101101011111101110000110110010111011000100101110110101110001111101000111110110101011000100101110011110100111111011100101110000111011011010000110011011111011101100111010111110011010100100011111100010001001111010101110101111010010100000001111110110110101010010011110011
1111110100011001010110001110110011000101010111001011101010011001010110010111111000101010111010001101100010101010101011001010101010111010110011111100011000100001101001100101010101000110011001110100110011101001011001101000110111110111011101111000110000011001001111100001010111100101010110010111010101111001100011000101000111111010100010000011111001001111110111010111010111110111101011000111001011110110011000111000011001110011010000
1011110000110000111101100001101001100100000100011001010011111001110010101011010001001100100101000011011111010010010100111110100010110110001111000111101011111110100101011110111100001111001010101101111110110111000100011111111100011111110001100111001101100101110101010001001000100011101110010101001001111001100001011110100001110011111100110001101010111111011011001100110111100110101111010100000101011111010011100101010101100111111101
1111000111100011101011111001111000011100101011110110100110011010101000000111001100011101110010111000010011111010000010011110000001001111101100010100000111110100001011001000001110011101010000011110101001111100110111101111111100011011011011111001100011010010111101010110000011011001100111100110011111100011001001000010001011011110100001010101110001000000100111110110010010000101010110001100100010110001010111100101110101011110110010
0010101111011111100101011111011101101110101110001110111111000001100111101100011100111111111100000100101110001101100111000111011011101010101010010111001001110110000100101011010001001011111111111111110000110000011000011100100000001001111100111101111110101011111110010101111111100000011000011111110011010010011001111101110111011001110111101000101110001101100100100100011000010110111111111010101011001001111001000001111111100001111000
1101011001101000111001101001011011110110110000000001100011110101011011011001101011011101100011100101010001110010111001101100110110000101110001010001011000110110000010001101011001111111011100111000001101011011011110001110000101100111011100110100010101010110000101111111010111000111011100011111111110100000110101100100001101010101111110011110101011101000000000000111100001110011010100010011000011001111111101100111000000011000010101
0111111101001011101101011110111010110011111000101110101110010111101010011001111001111001011110010110110001000100111001110000111101011000011000100001010011011100110111011110001011111111011101001111011101011100111000101000101111110000111110110011110101110001111111001011001011111101011101001101101011100101101101111101111010111011010101110111011101101000011100101110000000001111010010001010110011111110111001111110111101011011010010
1101110010011010000100100000101010101000011111011001011000000000001001100111011001101101110110001011011100010110011010100011110110000011101000101000110001010110011110001101111101000110111111101010010000101000100101010011010000100001111111100000000110011001010111000111111001111010001001101000010110011100011110101110100110011100110100001010000101001111011010101000000111111001101001111111100011101100011111100010001011100111011010
0001101000111100111101011110101110101000101011111111101001110111111011111101000110110110000110101000001111101010110111111000110111011110101010110111011001111001110100010101010101000110111101111101110110000011001101000110011111001010010110011011110101101110011101001111011101101101111001011111000100100001010100100101010001000001001001101111110111011011010111001001111010100000101110010010100110101010111101011100001101111011000100
0111111110011011110111111111011101011001110111111001110000001110010101100110111111011010111011111101110110101011101011011000011101010010010111001001101111011100111111101101001110011110010101011101011111010010111000110111110010000011000011110110100010000000111010101101011011101110001110111010011111111111011101111001111100000000001100111110110001000110101101100001000110101110000111011111111011100111010101011110100001000010101101
0111001011010010100110010000001010101011000001010000100010100110101011101000000010110100010101110100100101000111111110001110111100001110011111110001101011110100100000101100010001111101101010001011110100011111110101000001101010001110101000111000111111011101100101001101010111111000010111100010111010001111010111011100100101111100110010011101101110010110101100100100111101101010110011010011001101011111011101010111111110111011001101
0010011101111111001000010111011001011001101110000110000100110100011111001000011000010011001001101011110110011000101010010001000101110101000001010110110110110001100010001111011010000011100010011110001110010101001100111101100100010000110101110000110110111111100111000110000100100010111001010001101110100101011000110100011011011010001100110011010101010000111111111000101011001001101111001111000111110001011111001111011110001011111111
0010000000100010101011001010000100010101000101011011110000011011110000101111101011010001010100101001001110111000011111001100011101110101000010101101110001011111100111110000111000101110111101111000110010100110100010101111011011110001111101000101101101001101001101111100110101110111011100000011110010100011110111111110001000010001100000111011010111100011101010101001001111001100101000111001000010100100000110110000011010011100000100
1110100011101001101110001100001110001001111101111101001101111101011101111101010011010110010111010111001110000100100001011000011010010111001000110010100110111001100110101111000100111100111000111010011001011001101111010111100011100011110011100110011101010111001010100010000001001111110011111110001110010111100001100110011010111100010100011010000110101110011000101101100110000111111111010010100000000101001011111110111100101011100101
0011110011110001000111101111110110010111100101111001000001011010101111110111110010101111101011110101010011111011110100000111001000111011111011101110100010101010110010111111100100000110111101111101000110001110111001100001010110100110100110000000110000000010110010101000111011000011010111010010100101001101111111011001010001010000010101100010011001011011111010010101011110011111110001111001111111010110110000011100100010111111110101
1101110000010111000111100010110001000001000111110001000011111101001010100111010011101010111001011001001100111101111010110110101011000010011011010010100111101100011010100110011011100101111011011011000111111110101001111111110101100010001011110011000111000000111100010001011101110001101011011111011101001000110001100110110110111111011110101110100101100111010110110001110101110111001001001111011110111110011011000100111001101011011001
1011100011010111001101111111011111101100010100010010011111000111011111111000010111101101111111101000000101010000101001011010010111101010001100001101010101100011101011100101111100100111000110000110010001101100001110000110001111111101110111110000111111010000101110011010101101101101100010000100000110101000111011110111111101000111010010000111001010010001100010111110101001101110010101110010100000111011000100110110001010011001001011
1001011001100101100000111111100110011010111011100000011111110101011101010001111110011111111111010011100110000010111010001100101011100110001101000111011110100001101101011110001000001011111010011011110111101011001111100101111110011111010000101110101011100101011101111000001010100100110111111111000001000000001001101101111110111001111010111110111010101101000011001100001100100000110001010100101101101011110010101100100011001010110011
0111101111111010011001011010000001000001001001110011101011111110101010101000101011110110111011000110001101001011010010001011100100010010011010111101111111100001101100001111001101011000001001100111111100111011000101010010101110000110100001001110000111101011010011100011100100000101011010000110100100000101001101001001110111100110101100111111000111111111111111001100010101001110111101101001011010011101011010010001110011011111111110
1111011110100001011000000011011111010001001110101111011101110001100111101011110010100111101110101100101110110010011101101110011000101011111000111111111010000110100001111110001111111011011100001111111111100111100111110101111101011110001101000100111101110101101111100100111111111011000100100111001001111111101111110110101011111011110100111011000001011000001001001111101100110011001100101011000011001000001000011101001001001101001001
1100100101100000111011111000111001111101101010111011100010100101111010010100101010111101101101110010110100111010001011110011001000010011110000101101110110111111100011100010010010100111111100010001101110000000110100110110101011000010110100011110010001111111011110101001110100001011010111111101101101111100110110111101101111111100100110001100011111111011100111110111111111001100001111111111111001000011010111111001111111001001000101
0011111101111101011011001110010001110100100000110101111111011001101111111001111110110000101100001001110001011101110110110111110000001110101011110000101011101011010101101001101110001101010111101110011000011011101100110110111110001101100001100111000000111001000000010100111100100110101011011001100101001110101101110000110001111000110111000001101010011010101110010100111100111010101100110111101110101000010011011000110010110000000011
1110100001101101100010001111110111111110101110101001011101101011010011011000100010100001010110111111011111010010111111011001000101101011000011111001011101010101011010000001001111010100001011110001100011010100010001111110110001110010011100100010101111101111101110100111100111110011001110111001111010111011000111110111110000010110011010100111101101001101000011001101111010100010000111011100111111011010000110111000000001011100111001
1111000000100111001100110110100011101000011011111101000100010101101011000110110000100100011000001000011111110101100001111111110110011010000010011101011111001011111111110010101011111110001010001101110001110110111100100101100101100100101000111000001000110110110011001000111001011000000000001010001001001101010110000001001001100100001110001010010100001100111110101011101111101000001100101111101101001111111010100100011010111001100110
1101111010101011001010010101111010110111111010110001011111010101010011110000011100100111100110001000010110000101111100110101110110111111010011001000010010010101010010011110011111110000110010111011110101010111111011111010110100001110000110000111110110111100101011110000010001110110101001111110011001100110110110010111111011110011101011100010010000111101100001100110110011111111111001011101100001001001001000100101001001111010001111
0111111011110001000011101100101001111101011011101111111110000111011101101010100100010011100011111111001011001110010001111011111111011111010100000010111001011100000110010100100001111000000110110001111000001011100101110101010011101100101001101101010101111100100111100010101011101011111000101100101111111010010111100111011011111011011010110010101111111111001101111111100110111001101100101100101111001111101001001001001000011110111100
0001100010001001011000010000011100110101011100111111110011101010001110101010101011010110000101001011110001110111101101010111010100001111011100000001101001111100010101000001111001101101111110000111010111101010111100100110101110001101111110101100101011011111111011110100111100010100010111101111011111010001111011110100111111111001111101111100011100100001110111000111001111011100001101000010110101111110000111010111011111100111111111
1010000110100110010000010110000111011010011101000110010101101101011010010100111101001111110101001010110111010001111111100001001110011110000101011101101010001110101011110101011101110000010101111101101000011110111111001101011010101011111110010101111111110111100110001101100100101111111000111111001110110110111100101001001111101111111001000110010101110110000000011101001111010011110110101001110101101100010100001101110111111011101111
0011110001000001111100101111110100011000011111001101110000101011111011100110111101011110010010011101111111000100100001101000010011000000111010001111110001101111101000110010110110110011001111010111101011101011110100110001010100110111001000111111001000011100100110110101110001001011110000011101000111011111001010110110100010010001000100111111011100100111011000100000001000111100011011100100001111100101000010110100111010011000111110
0011010111001000111011110010000101110000010100010110000111000110100111110111110000010110001011000101011001011010011011101101001111010100100111111011001001001010011101001101110101111110111000111111101001011110000101000111110111010010111010001011000110101101101101101110111000100101011101100100101110010111000111000110100001011110001101000100000011101011110000101111110110010111100010000110011100010101111101001011111000000010111010
0100010101110011010001110000110010001110110001110100100011000011010110111111010110110110110110101011111101100010001110110100110101111000011001000011101011111111111111111100000101001110111110010111001111100010101001101111001101101011001100111110111010010101101001011100010001100011111101001011000101000001011101011110001110000011111111100111100101000010100101110011011100011011100100000110111011110010100001110100101100101100000101
1111011111011001101110111101000111111000001010110001010100110111111100110010010010111010000111110111101110011101000111010000110101011110001101101001010100101011110010111101101111000111100111011110110111111111000101101111100001110100101101111000111010011010110011101110010101011110001001001001010110101011101010000011001111011101011111101110000010111011101100101110111111000011101111100101001101101101101110011001111111010011011111
0010110010101010000001110011110111110100010110010011101001010101100100111100100010110011111011011101101011100101001000010100010111110011110001001010000010110101100111100111001011110111000011011100011110111011111000000100010010010101111101010011101101011011100000111010001010111011101101110010011011111111010110110011011101100011110000111111000010110011100011100100011111011111011110111010000011011111010000110010011110011011101111
0101001111001001111110110001100001001011111011111110000100101111011011011111001001110010011111101010000101011110100010111101011101001111101011111111010010111010101011011101000110001111011000000000001111001011101011001110100000011010110111110011010111111010110100111010000011111101101011100111111010110001111100011001111000001010001000111111110100011011110101011010010100001111110010110011110101100001111001000001111010110100011111
0011101001010100010111000001010010001101000111001111011000001101111111000011100110111101111111011000111100001111011110100100010111100111010011011001110000010110011111001001010100011010001001001010010100110011110001100101110000001110101010011010111001011101110100010010100110101111111010101010011000011101000111011000001001101100101111010000100011100001000001101100010100111101001000110001000100011101010001110001100101110101011101
0011001111000111010100011110011000011000110111101010010100101110101011110001011100110011111010111001011001001010011110100000001011001010011000010001101111000001000110001001100000000011101011011101000011111001110101111011111101111100011011110110101100110011001111110100110111001010101110000000100101011100000100001010111111000010010011000111110110101001111100010001000101101111100010110000110111011110000010101100010010100110001111
1000100011101110100111011101110101000011011010011101110001001101111000111110111100110000110100010000100011010111011101011111011110011110101100101000111011111001100010111111111111010011111101100110110010010111001111111100101001000110010001011111001110100010001100111010101111111010101111001100011101111011001111000111011111111100101101111010111111110110101100010010010110100011110010010000011010111111110111100100101110111100101010
0101100111101111111001001001101111111111111111101011110000111110111000111001110010011100101001011111000010111111111101101001101000001101010100111110010011101001011010101101100100111111001101011011101011000111110111011010100111101110110101101010000011011111011111111001001000010101111111100111110110000010100101000010111101100111111010011011110000000000111110101011111011001010001000011001000011111001111111011001111100101101010001
0010011101100010011000001110111111111010011000111111111111101101110100110011100111011100110110010111010100010110000100110000001110111011101101111011001111111011100111010001111010101101001101101011110111110001101101100011101101101100000101110110001011111100111011101110011011000001101001000001001100000100101010001110110111111101010111011100110010100010011011001100001000110101001110000000111011111000111110111011000010000000101111
0111100111101110010110100000011000011111000000101001011100011100111110110011100110110101100101010011011001101101000111011110010110001000010100101001000100110110001111010101111010010111100000110101111011000000010101011100100111100010110111010010100011010001001011111101100010010000000111110100110111011101100111000010100111110011000011110101011110010101001101111100011100111101010111101100110001011010010010111101010111110101000001
1110111010110011011001001011010111011101110110110101101111011101001101111011110101111111011111110010011010011001111101100101001100010001111011110100100011010100000111100011000111101111111011111111011111001011100011010110001001111011001111001011010011111110000011110100010100010011001011110010011011010011101001110100011000110100101101011100111111110101111100011100101111111101010100101100010001001001111000011110010111111110111001
1110110100101110110001111111000111100001100010011010110110011101110110100001100011010011110110011011101101011011111111110110110100110100101111100101111001001011100110010101001110011111001010111111010101101111001001011110011011010001011111111010110100111111010000100001101000001010101100101011011100111011100100110111000111111011110011001110110011001010100110001000100000101110111001101100010010100010000010110111000111110001011100
0000011011011110101101100000100011001010100101000111110111110001101110101100010110110010011111111110011100101011111100010011111001011000001001101000111010101011011001000100001001000111111101001111111110111100100110101010010001010010110011111001001011001100001001100111111100001111100110110001101110100010110110001101001101011000100100000000110010001010101001001011001001000010101010010000110011100101000100001110110101011010001011
1001101000001101011011111100101101011101100010100101100011110000011110100101000011111111010001101011001110011010000100101111101111101000011111010000100101110011110101110000110001111101010010010111011101100001010111110011010011111011010011110100111100001100111000001001101010000001001011110110000010100011011011110010110011000111110000100000000001110110010100100011011011001111001111000010000000110010000101101101011101111011001101
1010101001101111010101001100101100111100101011000111001100101111100010100101111001100100001110001100000000011011100110000101000101011111101111010010010100001101110101000010101111001111100011111011100001111011110111000011101101001000001110111000101010111011000101100011010101111100111111100010110110000100111101000011010101101110111011111000000101110101000100101000101111011100011100100110111111110110111100001000111111100110011101
1100110111011100011010001100100100100101111001011110011000101111101110101110011101010110111110001010100110101000001111101001111101000001000010001101001111010110111000011000010000111100010100000001101011110110111000110001100111011011111000010011100011100001001101001001111101011111011000110100000100111000110101100011001001001110000011011011011011111101010010100011110000001100000101001110001111110111001000011101100011111111100010
1010000001100101100100010111100001011010111110000100111010010110000011111011110100010011101011100010101111101011000001101111010011000010011101110001011100111100010111010110010000110111100000101101100111110100101001001101000000101101110110011011001010101100000111111110001001001101000010010010011001100010011001111110001101101100100011110000100010011011000100011100111101001101111111001001000011010000110011110111010111010001011000
1101110100110111011100010110111110110011111101001000101001001100111100101100011010110110010001011100011101100111011110011110000000111011111011101011111011100001100101110100111001000101001010011111111010111101111110100011001010000001010111011111111100011010111100101010010011111111011101001000110111010101101111001111001110011010010111110101011110101010001010101110011111100110110110000111010110111101010110010011100011111101110111
0110100011100011000111101011000100011111100111111100111101001001111110100001000101110000110111011011001110101111010011110101100010011111111101101000110101110001011010001110110110101101010101010110111111111001001111111010000011110101111000111110101101110110011110101110001111010010010001111010010100001110111100101000000011101101011100100100111000011000110110001001101101100011111111110111111100001111010010011001111110011111000111
1010010100111110001011100111001101111101000000011111010011011001011101001011001000010111110001001101110100111001100110110011101101101111111011101111010111111110010001111110001010100111100000101110010100101101100001011110011001101011000100110111101110011000011110110100001111110110111111111001000101111111000011000010010100101100011000110000110101110100111101011110111011110000001101001011100011001101110111100001100000111010100001
1001100100100000110011001000011011011010101000111011001011110011100110001100001110100001000010100101100101010011101010011110000001000111110000111100010111111100110010100001110100001111100101001111101011100111110101000110100000100110101111010011101001110000111100011011100010011101000101100101001011011000110100111111010110010010100101011000011010100000111100110111110010011100111010011011111010100000000011111001111111010000000011
0111110010000110100001110111101110011011100111111110011110010111011101110001001010101101011101111001111000110011011011110111111110000100100111010111010011000111000010010001001010111100110100011111100011110101000011111111011010111110011111000111101111011111111111010000111111100111011111011110110010011001001101111001100111011111110110100011111010111101000001110111010010100000001100110101101101111001010000110100010101010110111110
1111111110111100110111110001011111001000001011001010111100111010101101010110100100111000101110110011001111110001101111111011110111100101000011011000001011010100001011111000111111010010011111010011001010111001010011111111100100001101011011011101100111101101101010001000010000000110100101001011110011110010100001001011110111110000111011100001101111011010000101010000110001001100100110101011001001011110100111101111001000011011111011
1101111001000011110111010101110000100110000111111111101010110110011110011101010101000101011011101101110010011111100001101001110101001100000110011001010001101010100011111100101000101101100100011010010011011111110000110110111111000111110100011110111111110010100111001000011101111011110111100111010001101101110111010011000011101100101101011110011111101001101111000110110111111111100010111010101101100111011111011101101111010110010011
1101010101110101001000000010010010001001101110110110111110110100100110001101010011000100011100110100110111101010010111011100001110000111010101000010111011111110001100000111101111001110110110111010101010101001100011100010001110100011111100100110010100110101101100111111111000011110110001110101001000000001101111000111101011000100110011011010000110111110000000011001110000000110001101011111110100101000010111110010010011010001101011
0100110000111110101111001111101111111111111110110101010001110001110010100110011010111110001010101011111111110010011010011110010000111110101101011110000001010001010000111110101100011110100110110111001100111111111100111001111111111010110111111000101110111110101111111110000111111011110101000111000100110101001111010010011001011110100100011110110100010100111100101011000110110001011010011011101110110010100111000000110111101111000011
0000011011110100001010000111111011101101111010001000101101010111000111101111110110110110000010010100001000110010111100011011110010001001111110110010000111110111110111100011011010101110110011011110001100111101101011101111110011001010001001111000010001100000101010111111000011110010000100111111111011011001110011100010111101101100011101011010101101100000110111001111111100000001101110101011011010101011101111011010101001011110101110
0010111111101101011000000111010111101111100101100111111111000010111011110000101110101111111011100010010011111000111001011110100011110010100110010101011100101100111011001110110111010101001100100110100111100101110011111110101101011111111111101111011110101011101000101101001001111111110111001111111110001011010001111010000111111010111000110100100100010001010011010011001010011101001101100100001011101110011110100001110100011110101111
1011000101000011011111010111011100100010110110110011010111011110010100000111100000010100001001110001111011101011010100101110100111100011011101010101000000111110111100110000001000011001011100111100101111011010000001100110111000101000001101010000000011100101111100111010110111010101000111110110000001011001000011111110011111111111000010010001101000011011110101001010110100111111101101110000110111101111001111110010000111110101110001
