11110111100100110110010111101000111001010111010111001110001111101110101111001100010001010010011100001110111010110001001001000111010101101111001011110010001111111100101010
11010011001011001100110100100100011001001010100000110101111111100111100010001101011100001111101000000000011000000010100010111111010011100111010000111101011010011111101111
01000110011101011110000100101110011111101010110111000111101100101101110111110110101101001011100100101001011111111010000001010011111101110101001101001011101111010011111010
10011100111010010110011101010010011100001011111001101100101001100110111111111100010010010111110110111011011001100100111011111111101110101000110111010100000111101001110110
11000000111101010010011110110010110001110010110011110001111010111010110001110111101000010010110100111011111110110101110011011011100000110001101011100100110110010110010011
01011001110101000011101101001110101011111000111101011011110000111010001001001101001001111100001111110010111111111111000101010110011011101000111100010110001001001110110001
01110101001101110110000010010110001110100110010101100000100110000111001001001101011101110111111100101111001101001111111111100110100000001011000100011111000010111111101011
01000111011111011101110001101010011001011011011000101111001111110000001110001111100111001010110011110111101100010011101001100111011110001101111011111110011111001000110111
10001001101111101010101111011001001111111011000011000110100111110101001010010101001001011111101100111100101111101010110101101110111101110110101001001101111001111111011000
01010100100011000111111011011010011110101101110110100110000010001111010100101110011101111111101110001110011010111111100010101010010000111010000111110011011110111000100011
10100011000010110001101010001000100010100101010001101111101001110100100110111100011010101110011001000101010100010011111011000011011010101110111101110111111011111001111111
10100100111001001111101110101111010101100101111111111101011010110110011111011111011001010111001110101000000000111011111110111000100010110001111100000001010011111111110110
00010011100011010101001101010100000001011001000101010101101111000110111110111111110101100010101101100000101001010111111000011111010110010111101011011101101000010001010000
11110111010011011011001001011101001111000111111100101100001100111011010100001111011010011001100111100110100011110011111101111110000111100010110110001011001001011010011001
01000011101001011001001011111001101101010011111010100111011110110110011000001110111101101010110100101101101001101001101110011011100001110100110101110111101111001001001100
00111010011011111111001110110111110000101110011111101001111011101101111000110101000001110001100101111101011100110101111011101010111110001101110110010101110011001110010000
10110011011011010011001011111000010010101111011011001010100011010010010011101010110100100101000101101011100110001001101011001001101111101000101101001000110100100110011011
10110001010111100111010100111010010110010111000000101001111110110010011111100111111111100111110100110110110101111011010111111100100011111100100100010111011011000100000000
00100011111101010111111010101010100010010001001011101011011001111010000101011101101000110111100100101001101101000010111011101101111110110111111011101110110101011110100100
10111001000010010101111000000100100111100010010011000101101111100010101101110101110111011110011010101011000000001011001100111111110001011000110011011111011000010001101111
01100111011100111110110101001100000110010110010110101110000111001101001001011000010011111011110000100101100001010011011110001111010101111100110010001011011110011101101100
10101111001011010110100011111110110100101110111110010101100100011011110100111110001010111111110100100010101111110101010000110111101101110001100010110011111101010001111101
01100110011100011110010101011111000000001111111100100111110111010010100010001101111010100001110000101100101100011011110001001111101101011001110101000101110100110101111111
10001100100100110100110010010100010001110111001011110110111010101100111001111000011111101100011001010101110101101000000100011010100100101011111011010110010000011001101111
10101010001101100011001000010001010111000011100000010101110011101111111100101000001100011010100011111111101011111101101101100110100010100011111100101111110011111111110100
11010010001100001011101011001110100000100000101101000111111010011100110101010111001100111001000010101110110011111100011111001010101010101010110111101110101010001001110001
00111101001000111011001100000100111000000110111111000110010001011110110111111110101111101111011100010101101110110110110111111000010000111111010001101110010101011100110101
10110011111101011110001111100001101101010010000001000110110111111011001000001011000001001011000000001111011011000010111011001111101010110100011000110101110111101010110111
10000111101111111110000100101111010010111000001100000110101000000101100100100100110101111011101011011000011000101101000011110010111111011010110101011111001010010100110101
00110101001010101110101000101001110110010111110011101101110111100011001010001101100000011111011111000100001101010010110001100000000010111110001011101001100011100001111001
01110101001110010111000100101101001110010110000101100101110110011101000100011111110001101110010111001100101001110011100110111001110100111110111010110011100110001110111111
01111011100111111101010010101011001111000001011100100010101010000011110011101010000111110111111110101100000111001110000001000111011000010011101110111111100111101010011000
01010011111101100011010100110101011000111100100111110110011101000110011011111011111010001101001101100010101000000000000111001100110011000101110111101011100010101101111101
00011001101011101010111100001001110001100111011010011010111110001100101001111101110010101001011101001111011110011001101101010110010110001111101111001101011111111101111100
00010010000001101100100010011111010100111001110010111001001010011111010100000111100100111101101000001010101101100110110010110011111011011010111110101111001110001101111110
01010011001110111001111001010111111011001010010111111001101011101110001101001011101100000010100010001011001111111111110011010011011101010100110100011000000011010111011100
10011011100110011111111101011100001000111001110101101110010010101000110101010010110001110000001011011111011111010110101100110000100001100010100101111011111110100011111010
01011001011101111000011011010101101111101100111010110101111101011010010111101001001111010111000011011110010010000100110000001101001110101101000010010100001000110101011101
01000011111000001000100001101111100011001000110011001101010000010111011010100000011011100100101111010011100101111011010111110100111100001011111101010111000111000110010111
01110111110111011111100011100111011111011110101000100101111101011100000101110011111010011101111011000100100100101010010110110101010011110001101110001001111111101101101001
00111101110110010100011011000001101100101100110011110100001100100011011000110111011101000001111000001101010111101110001111011011011110001110010011010101011111001011011111
00011111101101000110011011010101111101110110111001101011111100111010111010110110001011001111100100011010110101111100111111100100101111110000101101110010000011000001010000
10110001111010100000101111000000100100101101101001001100101101010011111011011000000101100111100001000110001111110001111010101010010100111111010100111010011001000100110011
10001011000101010010111110111001011101111111010100000001111101111000001010101100010100101001000111110101111101010111101011000010101001010100111011101010011111100101011000
00110111010011010011110000110100001111011111011011101101101111100011110100001001010011111010110001000001000001001101110001000100010011000101111111110010110100011001111110
10110111001011110110101010111001100100101101000010011111001100011010001111101111111000111100111101011110000110101100100101001001100001110001101000000110110001010010010100
10110110000011011001110010111111111100000111101011011100000001101000001111101111101001111001111100111110111010110010110011010111000110111010111010101011111100010100110000
10011010100111000111110101001001100110111001011010101001110111111100001101110100010100010100101001011101011110001010101011101010001110110011110011100110001000101111110100
00110010100011101110011001001110111110010011100100111110100101100010111101001010001111001111010011101100011000111001011101111011101111111011001010100111000010000111100011
11110011101111010100011111100101110111100001100101011110010011001011111000010111000011001011101001001101110110111110110101011100000101001001000001101010111101100100011101
00111100110110011000100110110110001101011001100101101111011100001000110101011101101100000010001100110110110111000011000101110101111110001110100111101111101010010110111010
00100010101001011111110101001011011110111111011011010110010100011101001100001110101011100111111110100000111010110001010011101010001011110110010111010011101110010101001010
11000010000101000100110110101001100000100110111110011100001111101001101001011011111011111101001010101001110110010001011111110110011001100010111111110011011101101011011100
01111100100110000111011101010011101111010111000011011011111010010000110100101111100000100101110111101111111110111011000001100111010101100100110111000110110001111011111111
11001100101111000111011010100011001101100101011010101101010011111010100110111101100111011011011110111100110011011011111000000011110001110110101100101101010001100100101111
00110010010011101111110010101111001011100001110110111101001101010001010111000101110101110101001100101111111001010101100101011111000110110100111000110010001001011100101111
11100000100001100010010111011101111000011010001111000110110101111111101100001010100110001100001111100111111100111110111001001110001001111100111110001100010100110000111011
01100010101011110101011101110101111111011111011010011000100011011110101111010000101111010010111110110111110100101010001011010010011001111010000111101010111000010110101110
11001010111001000111100101010111110000100100000100111100000111111110110111010010111000101110110111010111100010001110011000000001010110111010100100111111001101011101110010
10000011100001110101111100101111011011011010001111001010011100111011011011100111011110100111101011010110011011011101100010110101010000001111110011001011101011110110100111
11111110111011110001111011110111100000110011001000000011000001000111101111001000010111011111001001111111100010001001011111010101111000101111110000110101101000010110111100
01000001110100111110001101010001011011110100111010011011000001111101001100001101111110011111111101001100111000011010010100101100011011111101010111101111000111011000011010
01101011110010110111111101010111010011101110000011000111011000000110010110000011001001011111101011010010101011111011101001001101000101011010011101111011011111011000001101
01111100110101111111011010010101001000101011101100011010111111101100000101100010011010010101100111011001100100110100101111110111111110011101111011110110010111100011001001
01101001100110111011100100101111010000011111111111010101011000001100000011111110110000101100101001110101111001001111110101010111100001111101111110111110011111110010001000
00110010101101011110101101101101011011100011111100100011111011000111001100100110010110100111110111101101010001111110010001100100001111100111101000101110110100110101111111
10001000111001010001101110001011110010110110111011111111011011000011100010110011010111011010100000010111100101000101011100011100100101101111010111101011101110110100001100
00110010010000111010111011110101111011110010011101011011000111110110011111101000100111110001011111110010010010101111000101100100101101100111001111011100100111101101101110
11011010111000101010110010011001111010111111100111101101100011010100011101001101001000101000111011101010001000110011001001001011001000010111101101100111010110100001011011
01100110010010110011101011111000000101111101111000001011110110101111010010001010011011011011000100011111111001100110001011110110110111111011111011111110001111111001100100
11011110110111101011010111100100000010100011011101010011000110110101011101101100000111110011101000001111111010000111011000111110011010110110000000010010111001000111010110
00010100001001001001110011110011000011110001101111100101101001011010000110010000101100111001111100111011111111100011011010001110010000110001110111001001010001001011111110
10100010011101111101100011011100011000000111101111110101011111011111100011100100111101011010110110110110101111011111001110011100000001110101001100101000101011100011100001
10000001000000011100010111111001100101101001011011011011011111010101111110000001111101100100000110001101011110011111100111110111110110001001110111101111001001000001001110
10101111011010010111110111000111111001010010001001010011011101010011001101111101010011001010011111100011111001101010111110111011111110000000110100010110110011101101111001
00111010100011010111101001001110100000011101101110111111001111011110000101001011100110010111010101111010010001101010000100111100100111010011001101111100001001100110111101
11011111101111010101001110001100010011100100110110001000010011110001110111111000110111110100110110001101000100110000011111010000110000001100110001101010111111110011110001
01111101100010110110001001100111100010101100011111111001011110011001110110100000110111100111010111110010000110110011011011011111110001100111100101001101011111011101001100
11101110010010101111111110110110101111010110011101110011110100111100000010010001111010010010010110110011101111011010110111100000110110111101010100000001101011000100110110
00101111111011010110111011011111000111110010110010111101010100100111000101111010111000011011011101111011011011111011000001110110011101101101111010001000001001111100100110
11111100110110110001111001101100110100010100011110011001011110011010101100100111100001000101101101001101111111010111111111100111011010111010100011111010101010010011001111
10111001011010111000010101001110111100101011000000011110010100111010101110100011000011011101100110000011111010100111111110000110110011101100001001100101010100110010101010
01011010101000101101110001001011000100101100000000100100001101001100010001100001101110101011011111000100011011111000001111000111110011101110011111011100101101110111110000
11001010110111111001001101000100101011100111000101110011111110010000110010001000111110101111110011111111110001100000001010101011011001000110011011100100011110001101101101
01000111011001111110100111010110100110111111101101010011111110110101010111100001000111111001011011010100011101101111110000011010100010110110010010011000000101100011010010
11010101111111011010101101000001010001011111000100111010001110000111011001110111000100010010101110101010101010011001101011101010111101110101110000011000010010110010110111
11010000100011001001011110110000111010100011110001001101011011101110101101111110101011111110010000001111011001000111100000110001001110110010110100001110001100010011001000
01001111101111000001001100010011111001001010101011011100000011110000000001010101001111110110010011110100110100101101111101111010100001011101101110110110000000010001100110
00101111111001011001110010110111001111100101001001101100111110001101000010101110111100101001101111000110001110100111001001001001101100110011011000111101111001100111011000
00001011010010011001000001101011011000001101111101001110010001000111101001011011011110010101111101010001111101011010111100010100110100111110000010100100111111110001011110
01001100011000001100100111100111100110000111100101011010100111011101110111101111011001010110010110100010101101111101011000111001110000001111011110001000001011101001010111
01011100011111100001011100110110011101110011000110111001011001111100000101011001010100101100110111110101001100111000111101111101001010000001011011111000111101011101000001
11111011110001001000110011101101010011111011100010011110000101100110110110110110110100011011001001000011111100111010001001100000111101010000100111000111110010001100011111
10000101111000101000011000100011111111111100000110010010110100100111011010110000101110100100011101100110100001001000001101010011101100110010111111000100010110101111011110
00111011111001100111011111001010000100010011010000110100011001010000010000101000101111111010000101111010111101101101110100010010111111010001111010010010111100100010110010
00011000100010000111100010001001110011101110011010110010101001110010011011111100110010100001101001010100100011101111010001001111010011111001011001100111101111111000100010
10111000010001000001101110000011111110110100010101110000011111110100011110011110010110111110011100011101101000101000010011011001101000110111101110100101000010100000111001
11100101101111001100111101110010011110011000010101000001011000111110111010110011001110111101111010100101110001011000111111011100110011100110000110100101001000011101110001
01010011001111010001111011011100001001111111000101101010001101001101101100100101111000101011001011110011110101011010110101101101110000011001000000100000110100110000011110
10001111101110110011111011110010101010000010111001111111011101100001000101010111011101100010101111001101100110011111111001101000110100111111110000000110111110011100011110
