0111111010011111011101001001001110101110000100111011101001101010011000101011111000110111000110110101111110110100110100010101001111100011010010101001101000001011
0010010110001100111111110011110100111001110110111100011111110010110110010111011011000011011000001101111001010011001101110001110000101100100110111000100110111011
0110100010100000101001010011111011000010000111110001010011111111010011100000111011110111001100110100001011001101011011111001000000010111011000110010101011011101
1011101100100011010011111110101011101101011011110101011101010110001000001101011101011011001000111000101011001110111011011000010100100011010001000000000101010010
1011010010110110001000110010100010010010100101101110011111011000011101100110000110000101111110100111111011000111110100110101001000010110111010111111001111010011
1100110001010101000001001100111101100111101111110101001111001111000110011000001010101111011111000100000000011110000011010111011110111001111010000100000101111110
0110101011001011111100110011100100010010011010110111101011111110010010001110011010100110000001001011111000110000111100110100011111010110101001011100110010011101
0001011101111110010110110110000011001100101110001110111111110110111100101101111001110011101001110100000011111010011000110000010010001110011000001111010011000110
0110010010111110011010011010011101101011101011111111001011000100010101000110101011111010111111010101011010110001101000100110011010101100001110001110001101000101
0100100110101101110010101101011100001101000101001010101100010101100010001110011001011000010000101100101101001110110001111111010101110100101011001011101100000111
0011101111111001101111011100101011111000001110011011101111101110100000011011011010010001011100011010110101000001100110110111111111101111110110111111000100000101
1000100010101010010111011010110000111101110101110001111111000111100111111010110110111001111101011111111101110000010111110011110111111100001011000100000011111010
1111101100011010100101001001101100001110100111010001101110110111100111011101010110001000010110100101100110010110001100011001010001111111111101011111000011100011
0011111011110001101111110001001110110111100001111100011001000011000001111101100111100011011110110110101000000110010101000011110101100001100000011110101100101111
0101110001111010110010111101010100011011000011110000100100100111110110001111000010110101111100111001001111011011110011101110111111110100111111001010011100011101
1010100101101010111000101101100001011011101110011010100110000111101111010101011110111110100110000011111011100001001110000100010111111101000110100101010110111010
1011110000111111101000110111101011011011110100011010101111111010010110111100110110110011100001100010010011100101100000101100110100110010101110010011101111010011
0100010100111110011001100011001111010011110011010011011101111111101001011000100101100011010000111110111010111110010111110101001001100001010011100100101110000101
1001100010011110111110000110011111011011011010001100101010010010101011110110110110011101001110100111101110101110110100110011011100010001100100111110111011101001
1101110011111111010101011000001110110011001100100001111001000110011001011101010011110110011000000001100101011010101001010101100001101001010001010001001011101110
1101001111100011100101000110110001001100100100110001001111011001110101110101011111101111110110101101000011110101001010101000101001001010001110010000011100111001
0111111011000111101111010011111101110110111110111110001110010110000000001111000001101000001001111110000111100011011000111010110111110110101011111100111001110001
1010101111010011011111010111010010010110011101011100110111010100100010101011001100100000111101010110011100101111111010011000010110111011001101010111101100110000
0001101101000111011010101100001010001111001100011111001111010110111100011001101010100010110011010110011011110011011011010010101010010000110111101111110110111001
0100011010100101010010001110101100000111111011010110110110001001100011010001001011111111010110011000011001111111101110111010010110101001100100111000110011111000
1111111101101100110101100110111111111011011110000100011101100001011110011111101101001010111110011111101100011100111001100011101011001010001110101000010011010101
1110010111000111111011011101000010011010011100101111110110010011100010000111000110000011011100001111111101111111111011110110001110011110100100010101100111111010
0100111110110110111010111001111111010000011101011110000011101101101011011011000001101010100010111010101111001001111110011011111000100010101111001100001011111011
0110111110011001011110010100010011100101111000111101100101111111011100110001111100000101100011111101001001111111100010110111011000111010111000111100011011010111
0100010000111110111110000101100101101001111111001101011101101011110101000100111111101111001010100101111001111001101110001101111001100111101100011000001001001001
0011110100100111101111100000101001000010111111000110011010001101111111111010010101010010100000001010100011110011100011101110111101101111110011110011011010111011
0000111011111001010101010000110110111001111010101100001001000101010101100110110111111001111110111101100011110100101000100011010100101000010110001101101010001111
0010001101001101110111111100101010101111111011110101111110100100011000111110111011110010101001011110111100111010110101001011100110011100110001000001011111110011
0111100110001111110100011011001100000101101111011001011000100010000111011111101010011101001110001111001011101000011111111110010110001000010011010111000011010111
0010111100111110010001110111101011000100011000110110001110001101101001101101100011101011100000100110110110101011011100011100111000001110100011011111100101000101
1110110101000010110010010011010101101100010111100000001011010000011000011011000001011111100100010011010101010001111001101110100110111000001001111110011110011110
1001111010101101000101010110000111111111111101011001101000100101011111100110100110000111110111110111100011011111010000001011010101100011111011101000110111111110
1011010111011000111000001001011101010000110011001110101011110010001100111100110000111000111101101010011111110001100011110111100010011100010101101111100100100100
0010111000101011100011010101100101010000101111001101101011010100101110111111010110011001101100110000101111010101010110111000010000110110100100011011101100011110
1110101001010110110100011000010000011000101110110000000110101001010001101001001000110011011011111011100011001010110100111011001010111011101010111101000111011110
0010011000001011111101000010010011110001000010011100000111100001111101101010110111101111101010111000110001111111001110110101010101101110010111101111100100110001
0010101011110011001011000000111111110110101110100000101111011011111011000101011010100110110011100001010001101101101101001101111100111101011011000001011101101110
1110010010000100011111100010011100010110101111101110100010110001101010011000110101000110100011111100011010110110010110100100000100011010010101111101000110110101
1011100011110001111010110111010010111101011001000000001110001110111110110100110000110100101110110001010000110101101010110100011111011110111001000111011001110110
0111100011010001000110101010111110111011101110100110001100001101110111110010100001111011001000101100011011100000111101111100111100010110101111000100111000100110
1101001010011100000010100111111011110100110101011111110111100100101000000101110110001101111110001011110000010111010000001111000011010011000011111010010001111000
0010001110111011100001111010111111010110101010101111111010110010111011010101110110101011110111110000111111010000000001111011101101100110100011010110000110010011
0110111110001100100100111101011011111100001101011011100111010111110010110101100110011110010100001101010110010111101001101010011111110001011101000011100111010110
0001110010101010100101100110101110111010011111110111111011110010010000000101011001101000011100101000011001100101011000110001111100100110011110111111010010001011
0111000001110001110011101011101101101110110111011111010110110101100110001010110101001100110011111111110001001111001111011111111010100001111111110010100001000010
0110110110101111110001011010100010010001110101001011100101111011000101111011010100100010000101010110100011110110000110011001001001010111010011000111000010110111
1111011101110110001101001100101110011011111100110110000011100001110110100111001001011110110101011111101011010011000110101000000110111100100001000111100101110111
0000010111010001110110001110110001011010101111010011101110101101010011101110101010110101100001001101011101111100101111111010111110010111111111111011110000000111
1011100110101101011110100101001000101011001110010001110011010101011100110010001001101001110011011001110111011111001001110110100011110010010011110101111000100111
0011011010100011101001010011111011001101111111001101010000000101101111010011100100111011001010111100010100011001001000101111001111100000011110010100011101111010
0111111101011111100101101110111000001010011010010111010010001010001111110011011101011011001001111001011111111000101111111110101000001100011111100100111101100111
1111001111110111111011010111111111110111110001110101000000100100111111101000110111001101111110100110110110100110000110101000000100110000011001011000101000110010
1110001000110001111011100100111100010011100001100010101110111111101111010111110101010000111111111101111110011011011101101001010100100110011111000100110000001111
1001110111001010111011000111110001100101011101001110010010100111111100101111101000001110101010001000110110000101011010100111011111010110010100010000000001011000
0101011111001010101100010010111100001101011111011100010001001000101100110110100001111010111010000111111001101100100011001011000011110011101110011110000111011110
1100001001110110010011110001101110100011011111000110001101010101101101001110110010111100110110001110010011101111011011111010110010001101001111110111101101000111
0100010110111111000111110000111101011111101111011000110111110100100011010100101111111100011100100101010001101000100111001010111011111010011101010001111101101110
1011001000101010010101011111001111010010100110110101101110111010100100100101011110000010111001001011001110011100101001011111101100101100001101010101111111101011
0011000101001001111011111000001111110111100011110000100011011111111110101011000011011100011111011011110101110011000001010010011011011100011010110001011000000111
0101111011110101100011010011111000111111000011101010111010010110100000011110100110011010010001000111110100010010001101110100100010011010101100010011101100000011
0111111111110110100000011110111101000010000001110001011110110000101111100101101001100011111101110101111111100000111011100011111111000010100110111011110001101010
1000110111001101110011001111110011110110001010111010111101000010001001010000001110001011010011110101101011011111100000110101111100001010011011101100001010001011
0100010110000111101000110000000101100011101011011110111000010100111101010001111011000110101011110101001011110000101111001011000001101010101111010110001011000110
1001001110000110101011011111011101001101010100011101011110011111111111100100011101101111111000000100100100111101111101101101101000110110101000011101111010001101
1110000000110101001000001100100011101110100111110101111110110001000000110011100110101111110011011001101111011010011110001100110000100111000111010000100011011001
1000101110110101011110010100010101100100001111100101011101001101011011111110001101101111010100111010111110111000001011011001101111110000111100011100001011100000
1100100101010110011011111101010010011111110010101010011100011000001011110101100110111001111011001110010000110010111011111001111001111110011001110111110110010001
1101001001100111100100011000101101010000111100011101010010101011101011001011111001101101010011000110110111110000100010010010010111111111000000101011111001111011
0111111100110110010000101011101001010010011000101110100111011100001000110011000011111101101101001111010111011111110110100010010110101110111011011011101100011110
0111010101000001000110101101101010110110010111100011111111001110011010110000111110011000111010110111101000001101101011011111110010100110111101111110000110011000
1000110001111111001001101111011111011011110011110111110101101101010100111110101100111110010001000100111101101011001000000010110101011101101011011000110001010011
1111001101001011100100000001111001101100000010111101111101011100100101000001010000101000000111001110001010111011010110011101101111110010101101001011000101111100
0100001100011100111010001101011111111111000110110001000101111111111010000111110111100100010100111010011010000110100110111110101111101111101111001110110111100010
1010001000100110000101110000101110111011100110011010010000110000001100000100111101001100111011101111100101010101101100000110001011110000111110011111111100100100
0011111111011011111001110010001100011011100100011000001110110000000100011011110001111111010111111010111011111100101000011011000111000110111111101101111011011100
1101100011111101110001010001001101101010100110110000100111111001011101011011011001011111100010101010011111111101110011101100111110010100010110111111001101010111
1010010101100011101100101000010000111101100001010100111010000100110111001100100100110111100001000011110111010100111110011110010100110111101100111011101110010111
0010110011101101100111111001001000011010010101000100001111000111111000101101111110010111111000011111100110001110111101000001011101111010001110010100110100100101
0111011101010011110111111011011001101010011101111111111101110111010000111010001000000101000000101101101111010111101011010001110011111100110111111101001000100111
0100000101011101011010000111101000100110011000110001101111100011100011001010111110111110010111010001111101100110110001111111011111110011010110000110010011111111
1001110011111100101110010101110011101010101001100000000001100000111101010110011000011110001110011110100000101111010111110111011011010111101100010001011110011100
1110001001110001110110001100111001100011100010010011110011101111111110110111011110011111011101110100011111010010110111000110001011100111011001111000100011101010
0001000101100111110110100000001110011010101010110001011010000001010011100100111110001010101001011110110101010110111110001110101100100111111101111010100111111010
0001111100000101011011100110001100110110000101011010101111011110111101110010010101001100010010111011110001000101100001000111010011010011101110100101011101101110
1101011011100010111010000101001110101101111001011000111101001101101101100011100010010010110010000010000001111011101110101100101011110101111101101110011110111101
0110010001011100111100000111100101000000101000011011100111111001011000001010101010011111110010101111101111000100011111100010111110101110110000011111111110110110
1011110010101101111110010000110100111100100011110111000101101010110010011110101011010000110001000101011101111101111000011101011001111111110001100100111000101111
0111100001110111110111010111011011101101110010001011110011101101001111011011101000101110000001110110011110011101000011110110110001000101000010011110110010010001
1001000101110110111000001101001010010110010101001010000001101011111100101101010001100110011001110000100001011011010111000111101100010100011010011111110101110111
1100110100001010010011101110010110011110001101000001000111111110011011010000001010000110001011000111101110001111000000011100001110111111000111111001011000010110
0100001101011001111011011111011101000111100000000111001101001111100101100111111111101011110111101100111110111010010110001010010001011000111111111110011100111000
1101100010010100011110110101010010011010001110000010010101010101101010101010010001010000110110111000011010111100111001101110101011011110011000000110111011110101
1100100001111111111000111101111000100000100101101100001101110011000111000110111110011111101011111010011001111100010011011111010111100110111000001010100011110111
1001100011000011110111101011100001001100100100010111010001011011001100101110011111110111011110001110111001100010100110101011110000101101000011001000010101011111
1111010111111000100101000000101000101011010100000110111010010100011000101101001110111000010101101101010101111001100101100110111001001111101101100110101010011000
