1000110100100011100001100111110111000101111001110111111011100011110000010111111100111011000011111111111001110100000000010001000010001111111111001111000110110011010111010000000011001010011100111001011010101110001111100011010010101111000111101100101011100000110010010001101010101001000110010001100011101011101011111111100010111101111011000011
0000111011011011111101011110101111111101111100111010001111001111110101011110111000101011101111110011000110010000110111010000000011111101100100011110001010111011110111101100000101110100110001110001111100111010000101100101011110100110011111110100001101001010011110100101110001111111101101001001011011110101110010101110101011101001110010101000
1110110111011100011110101011101111000111101101111110011110011001011010011100111110011110110001101111010000111111101000111101000101001110100100100110110001101111000111101100001101100111011011110100001100110101011110011011100001111001100100001101000111110011111101001010110100001011110011101100100001110111110011000100111110100001100110100011
1110011111011100111110111010111101000010001011111000101000111000101110000001101011100110101111111010010110101100010011100011100111100100111000000001011010010111111010111011101111000101111000110111010001101111101101010010000001010000010110101010001011110111110110010100010011000100101100000101000000101000111101000110010010011010010000001011
1101000001101001001001100000010111110111111110011010101001110110101111011101101100110111100011010111111010110010111111111011101001010101001111111111001010000011011011011101111000001011000101010100001001011111110001010001110010010110111100100001001011010011110111000111100011111000011101010110000111101100110111011100100011001110110001101100
0001000101110000110000110100011111011110101011110101000100001101111010110101111110000010101111101101001110111111101110101100110101001011011110000111000011111110010001111010001010010110000111101011101011110000111111111101000010011111010001011011101111111111011100110111011000011111100100101101101010001110101111100001010111001101110010001110
1010101101111011101100101100101101010010010101101001010111011010011110111100110110000100101110011111011100111110011101100000110011000110001101010111000010100000110000010111001010001001101111011111011110101011001110001101100000100100011110001110011100111000010110111111011010101100100011001010100000110001001000100001010001100010101101001011
0101011011011111001111100001111011101000100111101010001000101111001000001000010011110101111111000110011101000111110101010001101100100001011101010011100010011011100011111100010000011101110011001111100100010100111000000101110010110100011111110110110101111000110001001001001001111000001000101100101100111110110001100101011101001111011111101111
1110101001011111011111001111011111110101011010110010011101100000001101010110000110010100001001100101101110111010010001000110111010101010001111110111000101111101110111110001011011000111111011011111101101101011011001111001111101101010110100011000001001010101111111011001000000001101011111110010010101000011011111101101011001011010110111010101
1001001101010111111001010101000110011100111110001010000010011101100000110110111101101000110101010110010111111101010110101111100000000110100001001101100010111110111011001111111111001011101110101001011010100111110011110010110110111000010001101010010011100111101101000011011111111101110101110010111011000111110111111000001101101101111100101110
1000011011100110100001100011000111100111110001101111111010100100111110100101110011000111001000010011010111011110100101110011110101111001111111111111100100100010011011110011110111111111001110001101111100001101011111011101111101110011000100101011100111101101000111101010011001000110001011101101011011111011011000101110110000011010001101010110
0011010110000001101110001011010100111110111100011011010010010010100000110001001111110011001000101010111010011111001110001011010111101100100011110111010011011110011011101101010001011011111110101101110011011101110101001011001110101111111111100100111110011110110011100011111000101011111110010101011101101110101110001101100101101010101101110000
0110001110001111111010000011110011100111100100110110111001010101001101111110000110110110111011110011111011000100010111110100001011011000100100110011110110111100110010010011010111011010010111011000111100010011111011001101010101001101111101011011001111000101111101111100001111010111001010111010111101100101011001110111010110111111111110100011
0001111111100101001010111011111100001010101011010111000100010110011100000001100010101011000000100111101110110001001110110101000111010110010111001111100010011100100111010101001000111011111100110011010110001111100010000101001000011000010110000011100010010101100110010111111110000011001000011011000011001011010110111110111011010100100010000110
0111110101110000001100110111100011000101101000101101111010111101001001101010011000011110101100001100011000111111010000010011110011000100011000100000010111001100101101010100100111111101011111110011010111101011110110000110000011001100010111111010101010100111010110110011100010001100011011010100110100000110011010100101111111000010101000011101
0101000000001100011000101110010000100010101101011001101001100110011011101110001111001101110101101101111100111010101101011001101010110101011111000101000111001000100011010001101110001010011101010001001011111110000011111110110010001111011110001010101011011001011011010111001000111111101010110111111000101010011111111111110101100101001010101001
1111111111100111011000100010010101111111000111010101111010100000010011111000011101111110111111111111100011011111011010011100001101111001011100011100111000001111011001111010111001100111011111111000011100100001101111101110101010011101100101011111110101101111011010110011110011001000100111000010100011011111000000111011100111100110110011010100
0100101100000110010100011010110011101010101011110111110010011111000010010010000101101011101001100010010101110110011110110010101111110101001111111000010111110111001111001010011001110011111001001001111000101110011100001101110011010000011011100100001100110001101011100110110010001011011100111111010001000011110111100110000111100011110000011001
1101011111111011111111110011101010101001111011100100011111111001001111001101011111100010110001011001110110110010111110111101100101001011011101011100111100011011011101101100000000101111100111101010110111111100101011011011110000101010001000010011111000001100110101110110001001111110100001001110110001101011111100100110101100100011101111110011
0011111011111110110011100010110001010110101101110101011001111111010001000101111001100011000011100001100000010101010001111010101101010001010110010111100101100010101101001100111000011111000110110110100101001011101000010110101111110101110010100110111001110000011111000000110101111110010001111100010101111110001101011011110111001011001001101111
0110111111000101100010101001111001100101011110001000101000110110011010010111000010111000001110110100010111101100010100111000111000010011000101101110001001001010100101101000111011001010010101001000111110111010011000000010011101101010000100110100101000101100001111011111011101110110111111011010000000001000011101110110110100111011101001001001
1010011110001100011011101010111011000101101111111001110101100110101100110001001100101101111011010111101110111101000101011110101011001001101110101010111011010000101110010111000110101001011110010011111100101000100011001010101110100101011001000000111101101101011011111110001001111101110111101111111110001111100110010001001110110000011111111100
0111101101100101011010011100111101010111011011111000010110110001111100011111010011101011001101100011110110111000101010101010111011011110110111100101101011110010101101010011111010001110010100011001110010011100110110100001001110000011100111110000101111001000110111100111101100111111100110000101011101011100011101110110101110111111001100101110
0100111101101011101110110110101001100011111110010111000110100100100001101100110010001011001111000000101101101101111010000010000011001100110100010101111010000111110111001100111001100111000001001110000011111110111001111100010011010111011111110011100111011000110001000011000000101101101010001010100110011110011001101100101010110011111000010010
0111101101001110111110101010001101000010000010101010101001111011111110101010100101111110000010101111001000010101001100101111010111010110110100011001111101110011111011010101110010110111110111010101101011001000011101011111110110111000001111000100111010001111111001111101111011001001010001001010010110101001000110000010010111010100111001011111
0101011101011010011011010111101111011111100100110111111000110011101110001101100001000001000001010111100101110110111111010111010001101001101101010011010001110011111111011101010101010011011111001111010111100101001110111001101011011101011111001110101011001111101001011100011011011101011000101010001001011110101111000001111111011101101100001101
0010000111100101011110011111001000010011100100001100011001111001001110111010001111110111011110111001011010101000110010110001000111000010111100110110010001001100110011110000000011001110001001111010000111101001001100011100111101000001000110111100111110010010001000000100011010000111101001010101100100111110100110100011011111101100110110011010
1000100100111011001101110111101011011101110100100110011011111000000101101011001100111101101110000011101111101001010111001101111001110101001000101111101011100001010011011001100010000011111101110011010111101110011110100100100011100110111101101001100101101110111111111101111001101001100101100000100000111001110011111110111010101011101111110000
0100000001111011101100000101000110100110111000000100110001110100010011011011101010000001000111101000000111010111100101011000011111010110101010011100110101010111111001011000011000011001000110100111111001101010011011100110000001101101000010100000000111000010111111110001011010110101101010111001011101110101000011111010001001001011111111111111
1111001110100111100101111010101100110011101100101111011101110011111100101101111011001110111001111111111010110000010001100110111010000111111011101100011010111001100001100001110110000100011110100101111101100111110101001111101001011110001010011010111001011110001010100000001001110000101001011011100010001111010010111111011011001000110011100111
1100001100110101110100010010000110011101011111111101111110001110100001110111010111100111011111000100111101110100010110110011011111100101111001110110000111101101111001110001010101100011000101001100110001001000101111011110101010111110001101110111010100000011010110001100001111010111010101001011010000011000000000110111110010111011100101011110
0000011010011111100110001111111011010110111011010101100001110100111100100001101110111011100001110110011101011110011110100101100101010010101111111001111101110110101101110100110010011001110110000111100011111111101010001101101111001110110101101111011111000011001110110110100101001011101011101111100000100000110111110111101101100111011101110010
1011110010111111010101100001110101000101101011111110011111000111111001001101110010111110110111110101111000010100001100100011111000011100111100100100110111001111100111000010110100000100100011100100101110111110001111011111001011101001111111111010101101001011011011100111111111101100101110110101001001101110111101100001101111100001110100011101
0010111010101010001111100010111011000110110010010011100100111100110100101010001101110101111100011001011010001011110110010100011100011111111001111010101111110100101101110011110011001010101101010111110001101011001010001011001101000110110100110000000101101001100010010011010010111001101101010111101110100001001010110111100001110011111100111001
1010101101011111000110110101111100111011110011011100011110100101010110110101101111111100011110010000110110011000110100111111110101011100001010011010111101101110111011001001000000011101110001111101101000111101101100001111010100010110001111111110101011101010110011000010101110111111110110011001001110110001111000110011110011100111110010111100
0101110110001010000001110110001110011100011011010101101110100010110011111000100011011111110001111101000110111110100011011111010011011010100001000010010010101011010001100100111110101001001011111111011111100111111101010110001111100011101111100100001011000110101101001001111000010000000100011101110110111110011101111001010000110100000100111001
0111010001001011001011100101111101000011101101101001101000101100100000110001000001101000111110110000010100011000111101100110000011001011110001101110110000100011111001110010110110111101111111100110011001011101111101111111001110001100011111111001011010101011110100111111110111101101111101110100110110111001010011100110100101111001001110110001
1011100010101011001110101111110101110011111011010000110000011100011011100110110101111011100001010111010010101010100110101010101010101111100110101110110101001111111110100001011001000110110001111011100111011110000110000110111011111001011111100101100110110001111111011010101010101001101000011001011010100100100011011010001110111111001011011110
1010010000110100011001000110100100101011011011001000110011001010000010011100000101110001010101010111101111101010001000010011011100001111001100111000111101000010011001001110111100000101111001101110110111111100001000101111011101001000001110110000101110101010101111011010001111110000111100001111001110111001010111100101110010011101011000101100
1001110111010110001000110001000101000110111110100101011000111010011001111001110001101111110100110011011001111010101110011110100011110010111111000000000101100010111100101100100111000101111010001001110001000111011001111001100000011100100010101000111101111011101111110011111000011000011101110110101111011111011110001010010111010110010000100001
0011111100001110000001111011010011101001111110111001101001100010111010101101001011001011000110100011000011110011001010011110011001101011111001100110100110111100011101100010100000101111101011101111000001011100101011001110001001110011011111111011100110111010010011000000101001101101000010000010111110011100100111110000010100001100111011000111
0010001100110010001100011100111001001100011001001000010111011011111000011111000110100000100101011001110101111001101101111110010110001101101101111111101101111110101100101101101010000011100100000111000110110100101110101001111010101111100100100001110110101001100100111010001011001101101000011010101001111110011111100100111101010101101100010110
1111111001100010010101011111001011110110011011111101011110010110111101000101011010101100111111101100111101100111110111100101101011001111101001000110110010011100111101111011100001001011011000110000111101111001110001011111011110101111100101100110001011000101101110011010000101000011110010110111111111100101000110010111001000110001011100111101
0100010101101101111100100011101000001100100001111100000100111101111001110111011011111011010111010100111101001000011101000101011011110111110100011111101110011010011000110101111100111000010101101011011111101000101001001100100100000110110111101000000011010101111001010000111010010001111101001101011011000110101010101011100110101110100111001000
0001111110100110001110110101001111110111101100111010001101110110010100111101110110000111101011101111111000110111110111110110111011111010101011111101010011001010100101011001010110011100100000111110001111111001110000011001100111001101011101011010100100100011101011001001101100100111011110011111101101111100101101111000100000110011110011011000
1000000001110110000001001101111011011011000110001100001010111111110110000111000111010100010110110001110010101000111011110101010000110011100000011111010010110101001111100100111111110111111100111001100011110001011100100011100101101111010001001100111000000110110111011110101100000101100111010010111100011011010100010010001100110110100001100011
0110110111011111110101000111100111000110111001101100111111110011110101110011010100101010111101100111111111001100001010001011011110110000111111101100100110011011111101110110011111101011110011101111100111101100011100110011000100110011101001001110101100100101001011101101111110011100100111001000010111000011101000100010110111101011100001001101
1010011001111011101111101001010110110100101001101011000110010111110100100100101010100101101011001110101010101101001010011100110101001101111001011101111111111011010011111110101101101001101001110011101111011011111011010000111101000101101110001100001111101110110111111000111101001110111011111111011101101111101010111010100010110010001011001010
0011100110111010010000101001011101100011010101000010001011111111101011110010111101101111011100011100000110110001100001001101001010110010001110011010001011110100111110000010000101100010011101110111000100001000111101011110010011011101000100110001101110101010100011101110010010111010101011100111010011000110111110100110011111010101111011110010
1001010101000110101000101110100110101010010010110100010011101101001101111011111111000111100111000111010001101111000010101000011111011001110110101110111110011011101011010010010000010101100101101011011110010110101111010110001010110100000110110000110110111001001110001111111111111100111111110100011101011010110011101110101010011001110110011111
1011111100111101110110001111111110001100010101011011110111001000011111110110011101111011110011010011101011111011110101101101100001111000101111000101011001111100011101011010100011011111101111001001011100010110100110110011101000010011001111011100011011010111010010001011101111101001111001101101111101101100110111110000110001011100101110001100
0100101010001001000011011111110010100010111101000111101000011111001011111010000110101110111010010101100100100100111111101110110011010000011111000100111111000111100111101100111100110001110111111001001011101000111011100010110101101100110111000100101111101001100100111001111010100101111100111010111001100000111101111111111111111000001111001011
1010100001100101011110001010010100010101010011111011101011011001110111100111000100101111111111111000110110111001001011010110010011000100111111000011101110110100110011011111110111000010101001000101001011010101100010001110010010111110010101100111010011110110010101011111111110000100110110011100110011111101101011100110101111001001110110001111
0001010111111000001001000011000101011011101111011111111111100111111101001011101100000011010000100011101111110111010001000100110100011010001101110111010011011011110111000111111000010111001000110111111000101001111011101101101110011101101010010101111010101011111111100101010111000010011110101011100111011110010100000011101011001100100101011011
1101000001000000000001011001111001011001101010001101111011100001001001011100111100000101011010000001001011110011001011000011011001000111011101111011011011010011101111110111010110010100000111000110111011111111110001111111001101100000011101100110010001110111101001010011001000001010100101001001110110011100101110011110000111001101000000101111
1110100011101011010001111001100010010000011111110001100100110011100000000110010101001000011101110111110001100011000010111011000011001011110011111101110100001111100010111011110011011000111100001100110101101111111011010101110011111011100100000110101000001001110100111110000101101101001100011101111110011010110110000011001011011100011100000011
0101010010101011010110010110001011010000100011100110111111111001011110110101010100100010101101111001101110000100101001111011000101111000010101001000001001101101101010011110111000110100110110010101101111010111011110101001001100110110001000100000010111101011110011111100001111110001011011110000110010000110000001101011000101010010011110110100
0001110101010101100101010111110000111011010111011100000110100111111001111111111100010111100110011111110100100000110000100001110011000000011101111011001110001000111000000011111011101110001111001011100010011000100010010010001101111110101011001010110101000110111110110010010111010100011111001010101100010100100000001111101101100010010001101010
1111001110001001110011100001010101001101001100110110110101000101101100110100111010000011111010111001110101000001100111101100011001001101011001010110101000011001010110111010111111111100111100110100010000001101101111001001000010100101110101001010110110111110110101001001011011111010000110011001111011010011011110111100010111101101111111100111
1101101111001001110010111011101001000010111100011001111100101001001100001001110110010000111110110110111111100010101010110010111011011010000010010111110110101111001111111001100010100101111110111000011001011111011111110011100110111101111010110001100111110000100000101000000101111101011011011100001110111111100100100111101111010101011010100011
0011011000011101111000010001001111111101011100101011010000000001111100011101110011111111010011110001110111001100000100011111000010101001101111011011101011110110100001100101001111010111010111110100011011011101111010000000101110011110010111001001001110111111100011101011011100001111000001101100001010101111100110100011001100011011101011110111
0001111010110000001101111110111011011101101110101111110101011010010011101101000001101101101011011110100001111001010110101110011111110001010000111100110011110101101111011000110010011110100110110001111010111110011110111100001011111101100011001001101100111110010010001111111001110111101011101101101010011111010011101010100100110101100000101100
0101011110111011011101101000110010111101011111111111001111000110001000111010110101000001101111100101010101111110010011111011101110010001010001010110111000111001001000111101100100011001001110000010100001110001000110010000011011100000101010010110101110111001011100101011000100100110100001110111010110000111100111111110011010111000011001000110
0110001011010110100011111000101111011100001001111011111100010101101110100011010000010100100011011010111101100111001110001111010101111111111111010000011111101010101110100000101110000110111101011111011100111100000011101011110100001110011011001100010101011101001001110110010101000001111110000001111001011111001110110001110000111110100101010011
1111000001011010111011000100011001110011011110110110101101000000100010010101110100110110110010100111001110100010010100101111001110001100110111111111010010001101001001101111011101001110101010001010010111101000001100001001001011100001100100111111100001111000101101010100100001010010001111101100011101101111111101100010011000111101000010010110
1110011111111101010010001010101100110110110111011000011011100001001011000010001100010000001100101010111001010111000000110011100001001111111001101110110001010111101010110100110111010101001110111110110100101100000010101001101001001011001101000000001010110111100000001011001101001111100101111111100101100110111101000111011101110111100001110111
1001101000110001001000001100110000100101001101100101001011111011111101110111101101110100101110101110000110001010100111011010010011011010110110111110110100110011101000001001100100010001010110011000010110010010110111111110110111011000010011010000000011011001111100000010011000011011010001100111101101010100100011010110010101010100111001010100
0110001110100100111011011111111000111110011110010001000111001001000110000011001001001101011011111111111110111111111010010000000011100101101001100010110000001000110111000001011111100010001110001001000011111110010100101010110011111011101011001100101001011011010001000111001110011000100000001111111110110001111100111011110101011101101101110001
1101101101010100001100001110100010111011111111111101101101100101101101110010001100101011011011001011101111101100011111111011101001100101000101011011110101110010001111110111111111010011111111100101110001110110110000011110000000111000100011101001100010111001100100011001000111111111111111111101010111101001001011110011001110000011110011100011
1100001100101111100010101100001111110111011001010101010000111100011100100101111011110101110100100111000010011110110101001111110101011000011101110110111100011001001110011111101011010110011110100000001011101110110111010001000110100101101011111101011111111001101001101100110001001101111100010001011110111110010110011110011010111011111111101110
1010011011110110011001011001011110000011100101010000011111110011001100101110100011001001111000111000110011100011110001111010100010011110011001111111100111110111101011111101010110101000110101000000011101101011111100001111110101101001011010111001001010000001000110000010100101010100010010001111100111010001101000000101011000111111100100101100
0110110111100111111011001110010100011010100001011011111110000010110111010100011001101101101010001110011111101101010001111101010010100011110110010010010100000010111111111100101101000101001000001111110100010001101001010001010011101100100110010011110100110010101000000100010101001111100111111001110100111111000100011111011101001110010110000010
1111110111011101010001110111111010000010010110100100100101010010101000011111010110100000011101110111111100011110100101001111101110011110101011001001000111101110000011011001101110111111010111001101101000111110111110000111111011011100110010111011101001110010011010110111111001010111011110101100010010110111001011011010010101111000111100101000
1011001000011011101010010111001110101000001100111001111101101100101010000010101100101011100010001001110100110011010010011011110100010111101010111010010000101100110000101111101001101110000111111101011110011100001110100110001101110110000111110110000100000111111110111001111000111001110111000100111100000000011010001110011111011111110000000011
1111010011011110001111010110011000111111110100000011110001110101001001010111010111100111000010011010111111001110101011111001100101000011101011110010100010101111111111111101111001010010000011001011110111100111111110010000011100011001011111110011010010111010111011011110101101010111011001000110111111110111111011000110011110010001011100111011
0111010011000111111100101010000001011101110001110000110100001010110010010110000111111001000000111011110011110101100001110001011000000111010111010100000010111100011001101111100000110110000110100110000011110111001011010100010010100111110100111101001100010111100110101100101100011101111100111101000011000110110100111001000011111010011111101101
0100011000101101101100110001111001001101011010001010111100010110000011000100111010101110111100001110010101111011001011110010111101000100000100100111101011101011010111101010111111000011001100101010100101111110110110111000011110010101001100011010100101001000101000111011100110001101010110011001111101100100111111000101001000011010011010001110
1001100001111011111110010101011010101111110001101110101000110111110111011000111110010111100001000011101011110100011011110001100000001111100101010000111001011111010101110111100111100100111101111101001110111101110110111000000101000110111101001001100011101101011101011111101110110110111111101101111011101000011110100001010111111010111011110010
0000101110000000110000001100110011001000010101100010101100001111011001110010011011110111001110010011111001111101101111010010111110101111001011100000111110101011000001111000011011010101011111101011001110101101110000101010100111111011010010111001010010110110111110010110010100011111010110100000111011101100010010100101001101111000001110010100
1000001001101110111001101010011100111101001101000110001001111011111101111000000111111000011010101111110001111001001100110011101100010011010100110110000011001010000111101010000101100010110001010100010111111000010000101001100011101100011110101100110101010111111101101101010111000110110100000010011111100000110000110101000100111100110100101000
1001001011010001010111010100100110101000111110111011000101001000000101111001001110111111111010000111110010111101111111111111000001000011000100010010010101110100110100110001010101011001001000001011010110111101101011100101010000000111110000111111010110110000010101011111100100000011101000001110100010011101110110101010010111101010010111001101
0101011101011011010101111010010110111100101010001111111001101100111001000111111110011110010010100111110101000001110111101010001110101111001011000100111101110100101111111101110111001110110010111010111010000101111001100100110101100000111110011100101110111100110100010111110010000110101101011001111101100110100101010011111000011101001010101000
1001111001111011001010011011111011111011101011001111111000101100100011000101110101100110111000000101000101100101011010010101111110001110110100011100011110001001011010010111101011000111100001000111111111100011111001011000100000011011010011101111111110101001100101111110110000110011110110011011110111000111100101110110110111101001110001010000
1101111010110100000001000111110001011101001001101101100101110011111110111100100101100011110101010110001110001001111000110001111101111101100001010111100011111010111100011010010010010110010110110111011100100001111010011011111110011100100010101101110111111111101011011011000110111100100010111000101101101010101000010001111100110010001110110010
0100001100110011111100000111011000000001111101110100000110101010111100011101101101111000101111110011010100111001100111110111101110000110110111001000111011001110111001011100110001010110111001101000001000010000110100100101000001011110001011100101111001111001101011010001101111110101011011110111000110110110010010111111001111010010011011101101
0001010110101001011110111010100100001111110010011101110111000011010110001110010000001101100101000010110001011111011000000011111011001111100000000000100100110110000110010101101011111001110000100111110000111000111110001111101100110111110110001111110000101111111000111100010000110000111011100101011111101011001111010010001110110110000011011110
1101100110110100011010111101110110001011001110111110101010011010110111101011011110011101111011101001111110110111101001111010110101101101100111101010001001001110011011011110001111111101101011011010011111100100111111110100001111001110111000110010110100111001110010000001010010101111110011111011110110100110110001001011000011100111101010001001
0010110011101011011101000000001010010101101000111111111000000010000100110010101110001111111100000110100000011100000111000100111100010111101011111110110011111101111100100100010010110001111010111000110011110000110000001110100000110011100110010010100001001111111101100000111101011100000011001001111001011001100000110101110110100111011011101101
1101010111010001111100001011010111110001111000101000101011110110100111100101000000001010110010010100101110000111001110001011100110010010111111111100011010111011110100100011101111001010101011001011011111001110100010110111110111001111001111110101100111101000000001011100111000101000100110111010111111011010100001100010111000110101001001111101
0011011000110110111001000010010101001010011011010110111111000111000000100100010101110011000101000111010010101101110100110111010001111111101110010101100111101101111001100100011111011101001111111100110111001011110100100011001110110000110001101100101110011000100011010101011100101111101101110110110000110001111011001001011100000000000101101010
1111110000001111101011010001101001111101010110011111110111111001011011001100111001101010111000000010100101000111111110110011000010111100010111100111100111101011110010101101110100010111010111010011000111110110101101011100111110111101110001001101000011101111011100111111111101011101101011010110001110101010011000110000010001110011111001010111
0101010100000001110100001111000101011000110110000111110010011111111111100101111011111100110111110100110101110010000010101001010010111000000010010001110101000111010101010110000001110011010111110001101000111111011010100100110011111011111101110111001101010111001110111101101001100100000000011111010001011000100111101000010101000110101001111111
0100110011101001101100010011000000011100110011001101011101001001010001000010100010001101011111110011111011111000111001101101100111101011001101110111111001010101000111000111010111110111111010001101111111101000010111110011010101011111111110001011101001011110001110111001100110111111101001011011100110100111111011011110111110001100111001111111
1110110011001110110000101000001111000101110001110110011111111011000100011001101001100110001000010000111011011011011001001110101100111111011100011100101101011011010110111100110100010011100000100000011111100101100110010110011111011101011100101100010000000010011010010100110110110011101000111101111111100010000010011011010111000001010001001001
0000111001000000001100011011100000100110000100101000010010100101000111000000100111001100101011000111101101001101110010111100110010110101001111110100100011111111011001001010110011001111100111110011101010110010110010100011110100001011001000011001010000010010000100010001101101010001011110111101110011001010111001101111011011101101011111101111
1100110100111110011011000011110010100101100010011110011100101101110011100011111000001111101001000100011111011001100111011110110111111001011111111010011101010001000011011110110001101110011101101110001101010001000110101001111100111101110110011011100010011110001011100001010010111110011111011010100001011100100000001011000001100111010000111111
0101000001100000100001000111010101101000000010100000110110100010101001000110100101101011100111111110110101100100001001001100111001110101111100011001001001001001000010011101101101011011101011100010011111001101111010111011000000010111111101000011011011111111010101000111100110110111011110110111100111101011010110100001110110010010110110000010
1111111100111010011001110011101111010110111000101001001000000011001011001111001010111110011110110011100111111011111111100100011100100101011010101111001100001111000111100110011111110000000001010111010010111101110000000011110110011010110111101111011100101100111100111111101000001101111010010001011110101110011101101101001001100011110001011100
1001011111101101001111001100100010011100111011000000111100001100000001110111000110101010100010001100001110101111111110110010011010100100011110000101111110111001110100011100001111000110101101011011010111010011011011010111001001000101010001111011001101010110000011100100111111011111100110110101111111111111111110010100111010110001001011110101
1101001000110011011010001101011111010011110011011101101011010011010111100111101111011100110001001001010101010110101101101010110101010100010111010111011011110100101101011110100101101001110100001101000001010001010111101110011101110101001100001111101101001010011111001001110101110101011110110010011101111100010100110011010101110101101001110111
