011000101011110111010001000000011010110100111111110011010110110010100001011101011011010101110101011100011011110111010111101111100000001111011001010100
100110100110000001101100011111000011011101110000110101010111101101110011101110110000011011110000011011001111101001100101111111111100110100010011011110
100011001011010011000001001100011000100001011101001111000011101000011100101111111011101000110000010110010011001100011110111100111101111010011111011000
101011101111010011101101101000001010000111111011001111100110010001010101011111101101111111001100011101010011001111111100010001101101011101000100111101
111010110101110010011101101111101011011000011010101101001100111110011111001100000110000100010110110010100101110100101001010100001100100000001101001100
111000101111011101110000011011110011000100111100011100101001011001101110001111111010101111000001110100001111110110111101001000110101100011010000010011
011001010101010101101100111001111001011001010110010010100010001000011101101110000101110001001111101001110110101010110110000010010000100011100011111110
010110101000010001011111111110010100110110111010010011101110000111011001011110001100000110100100110111010111110010100111111010010100000101101101010011
110110101111000100101100011100100100001100001101001100011110110101111011110111100010111111101111110100101001101100111101010011111110001111010111101000
011101000000011111110110000101010100101110011101111010100101101010010011001000100011111110110101110011001000111101100101011001010010001110110101101000
101010001111100101001011000110101000000110110001110001110010100010111000111110100001101011001011011101011101111110011100011010010111000111100000100010
111001100010010110011010011000101110111110001101010110001011110111100001101011111100111000011110111101101000001010011011000110110101111110100101011110
101000010111101100100000110011011001100101111100100011101110001011101001111110110001010101100100110101101100011101110110011110110111001111100010101011
101010110111101111000001110110011110101001001000110011000010001000100111010011010111100000101110000011000110011111100111001101111010001010111110111100
001001111001110001011110001111111101101111110100101111010101011100111110111101010010001101000000111110110110011001111010101110101110001000110110001111
100110111001110000000010011110001110101111101110001111100101100011010111010100011111011110011000110110100101001111111101111000100000111011111001011111
101100011101001100001011011001000100000011101010011100011111101011111111000001001111010110111001000001111101011011011000111010010110100101111010100001
100101101111010011101111110101100111001100110011111111111101010001101001101111100010110011011101100110001010111101010101100110001111110110010000100010
010110000111100111110101110101001011001011111110111010100011000010101100111001011000001111111010111010111000111000111010101100110100000101000111001111
010011001101111101001101010001101011101101100101101100111010001101100011000010001100010001111111101001011011111001001001100001000010100010000111011100
111010100001010101101111110010111000111011110101100001101111101111000001000011110100111111011001100011010100001100011000100001010001011111011000001101
101111010000101100101101110110110110010111110000100100000101011111101100110101111100111111110101101001110111111011000110001011000011010010101111111011
011100111001100011101000111101000010101000001011101000111101010100010001001011001110000100111110110100100101101011111110011100110111100110110011010100
001110100111011101100001101010111011110101001011011011101111110001001101101111111100110001000001110111101001111001000100111011111000110010000011111011
101110110011010000100111011110110011101111100110011100011111000111010101011011110111101110110000011100001101110001110011010111111000110010011110101000
100101011111100110010111110101110101001111010111110101011111111110100001101111100001010111001111100101101000011011111110100010000001000100110010001011
100101111111010101101101110000000011100010110101111011100000000101000111100110111110001001010111000001010111111001011001111011000110110101000110111001
101100111101010001110010111110100101110101000011010101110101011111101111101110001000001101010001100101110010010111110110111101011011010011110111110001
010101010010011101110101101101010010001101111010111111100101001110110011110101111010001100100100111001000111011111000100110111111010110010010010011010
000101110100101100111001100111111010100101000011000001000101010000111101011111011110100010001110110010011001001010100001101110010011011101101001111100
111111111110000011110101000111011001101001101100100111100111011000111111001010110100000100100001010000011001001110011000101111000010111100101111000000
110010010011110110001101001001110111010110001111111001101001101111000100010001100110100111011010111100011001101010101001011100000101000110001000001010
101111111101110110010001110000111101110010011100110011011001011111001011111110001110000100101100010011110110000110110010111111110101111111000010010001
010101110111000011010111111111010000111111111111010101011010000111001110110000110001111000101101101110000001011111110100000010111011101101100011001011
011111110111101101001010111101000101001111010111101110101100101110000101010000010000000111110111000100111011010100111111001100110000011001011111100100
100010010101011010111111111011101111110100101010011101011111110110011110101001101100100110101100010010101111110101110011110011110001110001100001011110
111100011101110110011111011111001111001111101000110000110001000111100010110001010011111000100001011110100101111000000111100101000110100111000011001011
101100110111111101101100100000110101110111010011010011001010100010100011010110100010101110010111010111011001110101111011110001111011001111111111101101
000011110011111101111011110111010001110011111101111000011100100101111110100010010101101101001101111000111011111011101111111001000010000110000011101011
001111011010011101010111001110110000100010101011111010000100111011011101000100100100000111001111111111111001100010110011101011101010100101010011110101
111001010111101100111100011011111010000110100110101111011010111100011101011101111010111101111000101101100011000101000101101110011001111100011111100001
001001011101100011111101001101011100111001010011100000101100001100110101101001010100101110101101011110011101010111001101010010010010001001011010100101
000010110011010101010011010110011011111011111101011110101111111010000100001110100001111010101011001100111111110010101011101011010110111010110100110011
010011001000011110100011110110110010111100101111011101011010100011011011001111110111001001010101111010001101100011110010011111101100110010001110111001
001100100011011001110111100000011101010010011110011001001011011101000111111010011000101110001110101010011011111001100110110101111101101101011000010010
110011110110000010111100010000001001010000110011001010111111111100010110101101110101100001011010101111110001100100111111100011100001100101110000000100
111101111100110000111111011011110100001010110101010010101100010111110000111111010101101011100011110011000000010110100011000110101101110010001011111101
110101010101000101100110011000000110111011000011011011111100110101110101101100000011010001010001111010011011101101011100111110111100110101110001111101
110111100101111001111000001101111000001010000011111111101001110111010110011001100100111101101000101101111100100010111101111110100110110101111111011001
101011101100110011010100110011000011110100101010111110111101011110001011000101011110100100101100000110010111010001011011110100111100100000011111101110
011110110101001011011111001000011010010001110110100001111110111111101000110100100011011000101001110001100110100110101011011110011101111011100000101101
101100111110001001101000000111110101110100110111111001011111110011101111100011101010100010001010101010110110010110001000000101111110111100111100011011
001011001111001100010011011111010111010100110011010011111100111001011111110110000110101111100011111011100011111001001110010101110011111011000100101000
011111101011101111101100001110010110111011010101101010110111000000010110111001011110101011110110110111001101111100010011100100001111110111000101001111
101111101000100111011101000111111100011101111011110000110011010110100010001110001000100111001100101111101101100111001000100101111010101011100001101010
011011100100011101001001101001110111110111110101001011001110111100011101001110001110110111100001011110101000001001111110111111101110000111001011101100
011111000101001100011100101111001110100111111000011111101011000110111111011110111110011010010101001111001100101011100110010010101110111010010011101001
100100000010100011110100010101101000100101111111111001111000011111101000100011110110100010011111101001001010000000101100101001111011011000111010110000
010000000000100001101001111101011011011010111011010111000110000101010000011101111100110011001000001100001010111101111011111001111101101111011100101110
110101110100011110011001001011111000010101011101100001010111110110000111110100110010111110100100000111011111010010001100011100000111011000000001011101
111110101011100010111001101010001001100110001100110011110100111011111010000000000011001010101101101111101111101110000110101100000110110011011000111000
101110110011101100000110111110110001010010111101110011011111010000001000011011010100100110100011000100101001010111010110111010010101100000110110100111
011001100100001111000110111011111010010111111100111010011101111110101010011100010101111110100010101110011110011100111110110010100100000111110111110001
111101111101010111001010001000111110001110100110101000111110100001101110100100100010110111100111100110100100110110111101111111100111111100000100111010
001001110110001001100110010110011010010101100000110011010010101101010111111111110111110111111000001011101100011100101111011111100001001001001010001101
000110000001011111100001011010100111010000010011011001000100100110001011110000110010100010011111011011111011010111011110000110101101101010000011101111
000011100011010111000011011111011111010011101111111011000110000011011101010100110101011000111111001011011101111011101000010100101010011100001101111001
101110111111000011010111011110100100001111111111100101011010011011001000000100101110101100011000101111101011011001011101111110011000001000111111001111
000010011010111110101001001110111010101111101000010101001101101101001111011111011011011101001000101110111111111011011110001110011100100111011001000001
110100111000100111111011000111100111100111111111011110101100110101011001000101001110111101001101110100111001110111101010001001010111000010101110100111
101011011111001111110001011010100111110110111101101111101110110111100000100000010011001010011001101000010111111001011100110110101101110011111001001110
111011110111110011010101100011100000111001001110110101101001101001110010000010111110001001110110111101111000111111110001110100101111001000101001000101
000101101101101011010011111000000101011111000011011000100010000011100110101100001111011110111001100101110100010010101100000010111011011000100011111100
111111111101110001101001001011011111001011001000010110100101110110010001010111100110011011101111111101111110100010101110000000100011001101111001110011
000000110110111011110110111110111111101101101110001110011110001100001110110011101100000000110101101000000101111101100001010111111110011101111011111111
001000110010010110100011010011100100000111111000111111001000101001111010111100100010010101011111101101101111000101010010001101000000101110011110001001
111100011011011011011100101111101011000110100110100001001101100110110101111001010010110110111111111100111111000000001101111100101001101010010001111000
010101101011010011010101110101101110011111111011010100000110111011110001011101011000010010110111111110001011011010101110010110101100010001100101000111
001110011001111100010011111001111110000111100100010111111110111110011011011011110000110011011100010111100001101111001101111011011011101110001001110010
111111010110101100110000101000011100101110011000110101111011011010100110001001011101011010001011000011110101001101001100100010110111001010001010001000
110101101110011101101100111001000110110101010100110101010100011001111111110111011010010110110100111101010101111110111101001010101010110100001001110001
000001111111001010001001001101101101111111000100101101010101010000110111100100011011010101011101001011101110101100110110010110110111010001111001000010
011110001111010111110000101100110110111010011010110101000110111010100000010000101101011111110010111000001101000111111110111001101101101010101100011111
110001010101110010000110001111001001111110110101110111101111100011010001111111100110101010101101001100001011101111000101010110010000101010000110100100
110000101001001101101011001001101001011111101011010010010001000011000011010110010101111111001101111110010000001000001011110101101100101101000001001111
110001111110011101010111111101111001100100011111000010101101101000001011101110111100100110111100101001000000010101110001101011100100101000011101110001
110011010101010001110011111111011010100111011110011101100101110011110110110001111011011101010111100011100001101001000110001000011101001001011001011000
101111000100110111101001101001010010111001111001011100100000000110111100100001011000000110011110001111101101101111110110100011001111100101101010010100
111000111111111111011010001100000111001100101110000111000001001011000001010111111011101101001111011100001101000100000011001001111000110011110011111111
011011110011000010000101111100111011101111011000111010101010111101100100010100101010110011110110111110011000101001000010100011111000111101111101100111
111010111101011001100110010111000110101101101101100011110101011110000111010100011101101000011001011111100101101000110000101110011001010110000101011011
111101011101000011011001100101000001110111101000011111010100110101010010000110110001000101101011101100000010111010111001100111110110110010000010100001
010110000010100101010101111011011111010111011000001100101101011111100101011100111110101011110111101000001011101010110000011101111000110011001101101111
010010001110101010110011110010111001011001111001010010011011011001111111111111001000010100000110110011010001010110011001101001110011110101000011111000
100110000111011111011110011111101001011011001110110010110110000000111101111101000111011110011011110111010010011010001010111101110110110001110001100101
110001111010011010010000111110101100101010000111010010100011001110010011111100110011010001100000111101001111011110110111111011111100111101111011101101
110101000011010011111111100000001101011011011111111100100010000010111001111110111110111101000011000011101110101110011110111110111101011110001011011001
111101000100110100100011001001001100100110010001111101101000010000010111011111000001001011100101101110110101001110011111111101000100010111100110011010
010000010111011100110111101110110011110001010010010111000100111110000011001111100001011100101100100101011101001011100000011001100010111110100110010101
110111100011101111011000011100101111011001001110100110001111111110011101111100110100001010001011111100110101101011011010110011011100011000110011010001
