11010011011101101011000110100101111011101110100011111100001010001111101100000000000100010111100101100101101101001011001011011011001010010010100000011011011010100011100010000001111100111110001000101000111101111101110111010110010000101101111111011100111010111100101010101001001000011111011101
10000101110110110001110100010110111011110100100111001001010011011111010101111100111101011010110110010101011001111111000001101111111101111101011111111011111001100111001001100001001011011110000001001110111010111110011101101110011001010111011110010000001001101011001010011100011111011001100111
11011001010101110101101011001111000001100111001111111111011110010111101110001101110110111110110110100111101110011101101001111011110110101110110010011100000110010001010111101011111110110010000101111101010111101110111000111010111110001000110011101111001000111010100000001111000101001100011011
01011110000001101100100111100011011000000111111101011001011100110001111010100111010010000101011000101010000100111001010111111100100110011111111110101000000101101110111001001000000001110111010011001001111101101001110110111101101001001100101011010001011110000010100101100111111111101010101101
10011101100011011101010110011011001001010001111010001100110110111101101011100110111100100100100110100101000010001101010000011100110100001101000011101011010101011101000111101011011011111101100100001001010101101100110101101011110001101110111000000001010010010010001111101000111111011001100000
10100010011111111111010000011111100111110000001011111111101011001111001010010110111000011011010110011110101110100110110111111110110000100110101111001010001101100101111010110100101101000000101110000011101111010000001110110111001010101111000101110100011101111011101110101010101100101011111011
01111000111110110000100001011110100011111110101001001001101101011100011010110001111110010001001110011101100100001010110101100100100110111001110101111010110001101010001010011010011010011011111100110001011000011000010101101111101101000101011111101001011110101010101111101010100000101111010011
11111100101101100000111000101001010110100110000110111001101010011111010001010010101111001111101110010011111111111110111100101101010001011100000001010110110111010100011011111011101111011011010010111011001001101000000110001001100010010100001100100110111000101111000100000011011011100111011001
01010101110000110111001101101001011011011011111110100001110111010100110001000001001110111000001110111100110011100001101010001010011110010100101110101011111110001010100001111111011100000010011100011111111001001111100101110101011111010111110011011000000010110101000011100001110100000010101111
10000101011010010001111010110110011011111011001100101110000010110011111001000111010011100101000111001110101100000001010101110100001010001111011111000100000001010111100011010010010110101111000001111010100010111011101000110011000110010011100000111110101001100111011010101010111000001101001110
10111111011000000101110010011000101011001111011100110110000010011001001100111110111001010111111110010101000111101110001110001101111000100101011011101111001100001010100110101111011101011100111111111011110110101110110101111110110101110001110011111110111000000111110100101001111010011111011110
11000001101000100111101101110111101011110100011111000000111010101000000110010001111011000001100000111001001110100000011100101100010101110100111101010010001111111001010111010101100111111011011001001000011110000010010101110100111111110101011110111111011111111010010011000111000101011110000110
10101111110101100011101100001011111001100100011001011111101100100010010010111001110111111111100000011110101110100011000000111001110111101111111001111001100010100100101111100010110001000111010011010110000000011100101110111111100101001111111101000000011101110011110111001100011000101111111111
01010010100100110100111011110100101010100010110000001000101010011100011111100000111001010010110011010100110011111001011111011111000100011101111000011101000111111110010001001100011001001011000101111011110010100110111111110011001001001001000101100111110111101110001100000010010110110110111101
00110110110110110111011110000001101010100000010111101100010001110011011111101000111100100110011011101111010100101111001010000100001011101011101100110010101001000010000110011101001110000101111000011110111101001110010001101000111000110100000101011101101011011000100000011111001011110010010011
11101111011000110001000100010010000101010010011001001001011111111000010011001000110010010110011100110101010110011100000110101001110111110110011001101001000001100011101100000001100100110111011111111100100111010001111100110111000111101101110110100011011101010111001110010100101011111001101000
10101110101100101001100101011011111000110111010111110100110000101111000111100110011010101101000101011101010011000101110000110010000100111000010010011110000111001001100010101101100101000111011111100110000011110011010111111011110010011110000001011000011101011111011001000000111001010111001111
10011110111001101010010101000111110101100110010000101001010100011011110110101100110011000000101111001011010101101001100110010111010000101101110110001000010011101100001001010111000111111110001101101010111101000101111110011000000110011001100110010111100100001010100110010010010101101010001111
00101101111111100101001010101001100111011100110001111010001010110111000101101111011101101100111011111101011001000101110101111010110001100011011111111111110000011011111101011110011010011010101011001111010001010101100000000110110011111001001001111110110101001001101111111111100000101100000100
10010101111101000011101110110101111111110001110111100001100111101100111000101001101101111110011101111011110011000101101110010100100110010100010000011010111000011101100010111000101001111011000000101111010111001011101101011001111110101100011101011010101010011111101101010110000010011100011111
11101001101110101111100111011011001111110100101011010010100011101101101010110101001011110000011001010100101101011110001000100011100000010110110100111001110111111010110010101010111101111001000010111011000000111011001100011111000111111011001110011110111001011000110111011111111101111010001011
10000100110010110011010011001001110010100010111101110011010001111111101101001010110001111111000111110000110111101010010011100000001111011110111100101111111101101000110010011001010101101111011010110011001011110000011011011101110001111100111110111110101000100001010011111110010111101101001000
01110011000110111000001011101110111110110001011011001001101000000111001101100010101001011101100101010111000011101110101001001011101000101111100111111001111101101100010100000110110111100000100101011010000101110011011111011011110101111101100000111101111001110010001010111010001011011010010101
00111101010100011010100010101011101011111110011000111111000001010111001010110101010001101100010001111010100101100101110011101110111111100101001110111110110110100111101011111011011000111111100100100101101110011111110111101000110111111011110100110101100110110100101000011010001001111110111111
10101000100011110111111011110100011100100100101010110001011111001110011011110110010001101011011111101010100110011110100110001110111011001001011000000110111001001010011111110100110111111010110011010001010100111011110110110110100110111010000001011011100111011111001100011111110001101110101111
11001010110110101101010110001101101101110100100001101101111001111101001100111101111000100011001100100111010111010111001011110001001100000111100100101101101001100010110100110111100001011010110110101110111111111000011011101011010001001101001100110110110110100111011100010101100001100110011111
10100111100111110100000001011010000110110001001111101101110000111111111110111011111011011011001001100101100101010101100011001010100111000011000010010011100100001110001110011000101100010110111100001110101110100101001000110000011001110110111011011110110000100011100110011110110100100101001001
01101011100101011101111010110101001010110101111000001111111011100011110111011001010001010110011111000010111100111110011101101011101110111101001110010001101100110110101111011101010010001001111100001001001110011011100100011101101010001111101100011000100111101001001100110000001100001111000110
10100011111001011101101111101010011010110111011101110011001110111111000111000010001101000111011001110000010111110101101111010011010110110110011011010100011001110001100101010110001111000010011011111010111100001001111101011100111101111111001011111110100011100011111000111000001011111101100011
11001111010111011110110110111011000100101010101010011111010011000101101000010101010011101011101001100011010010010110111000100110111010100011100000111111110010111010101101001011011100010111111111001101010001010110000101100000000000011111110100101000001011001010101011000101011000001110100000
10111111111110000010110111110110010001111110001110001011010110100111100101111010011111011111101100110010111010000000110001100100011001011101001111011101011101110010010010010010001100100111101101000001110110000100111101110000110000110101001111010001100010110111101100110101001100000110101101
01101110101001010101111111110000111100111001100111110110110111111100010110101001010110000011111100011000001110001001011100100110000110001110101110000111111101101001111110111010110000011001101110000100110111011001010111111001101001101010111011011101111110000101101110110111110101000101100001
10101100111010011111111011001001101010101100100101001001110111001111101010011100101110101110010101101100000100100000011011101010100000011010110010100001111000101110110100110001011010011101101100100110111010000111110010110100111100110111001111000000100010001101001011001110011101010100000011
10101100001110101111100010110101000111010110100001000100101010100110110101110110110000100100111101111001000001011010011010110001110111000011100110011011010110100111000110001001110001001001110001101111101101101001111001101101001000111000110101001100110111111101010101101110000101100010111101
10111110100101101101110000100111110011011000011011101100011101001110110001110001001111111101110011011011110001000100111010001110101101000001111100110010000011110100111010111111010010101110100110011110101110011111011001111111110001011101111000101010110010001111101001000101001110000100000110
01011100111111010100100000001011101000000111011100011100001011010100000100010101010110100110000100000110100100111000011011101011111111011101011010100010100111010111001110000101110111101110101111100110010011001001011110010001011110101000111010011110110111011101100110101000011110111101111000
10110010010110010100101111101000100000101101111101010111000011010000100000111010111100001101010110001101010011111000011000100001010110011011011101111111000001111010110010100001110000010000111100011101110110001100110111110101100101100010111111101001000011100100011101001011000010010100101001
11010101001011010101101001000101101011001011101110011001111101101101001011001110111110101100000011111110100010100111011001110111100000101011101011100100010100100011111101111001011000011010000010001001110011100010100001010000011011110100101001001001110110100010011110000111111011111000010100
11001011001111011101110000101101010111100011000010101110110011100111101110101011110101101101010110100100011000100101111000101111000110100011110011110011111001010101111111011101101111011011110011110000101111000001110010001101101000010111100100010111011111100100100111101010100010111111011111
00100110111011011011011001101100110110100000011111011110001101111111011010111100000001011110010000110110010100110000000000001101110000001001000111000010110110011100110110011110101111000100011011101111100100110101111110010110100000110111101111111110101011110111110100110101010101110000001011
01000010111011101011101110011000001101001001111011011110010010100011101010011111101010011011100000001100000011000011111111011111001010010000010100100011001110111010101111011011110000000110111010111101100101101010101101110111001011101101100101110110110101001100011010000110011011011010101111
11110001111111101100011110011111001011100011111001111011111101110111110100111011111110000101001110100001010111101100010001110011101101100111010110110111101001101111111101000010110101010101101110011011000101111111011110110100011001100011000001101001100010101101011001001100101001000001111100
10110011111110001111101110001100110011010100011011110011001000101100001000100101110110101111100111110001100101011110000011110001010011011010111101111111011100010111111101101001000110100010110001101010010100111000111100001001000111000010000011010001100010001110010010010111111010010010110001
01010111000111010000100100110110011010010001001011110001011111010000101010111111000100100011011100001110110001111110001111101000101001000011100110011101111010000110110000011101101001000111101110011001100101001110111011110100001000010111111011000101100010000011001101110000010111000111001110
00000010111010011101000111101100100110100011001101001100001001110101000001011111101101000100101011011111111110010101010010100110011111110010110100000100101101100011111101011110011111111010001111001010011011001001100011100011000101011110111111010011010110110111110110110000100101110111101011
01101110010011011010100010110111110010110111110011101110000011101110011011100001110000111100111000110100111111011100110010110110011010111010000010011101011101001110010010001101010101110101010100110101010010111101100000110111011100010011010101110100100000000110011000010000101111101110000110
00011111111110011111001000100110111000000011101010100110000110010111011010011101110011111001100100111011110111011111100101010000010001011000001100100110000011010001010001001000100100110010101001111100010011101110111010111100101010110001001000011110000111111011111011101111110110101101111111
01011111011101001000001111001101110010100010001000010100101010111111111011101000111100101101001111111100111100110000010011101000001110001111100101101101111011100010000100110010011000110110111010011100110101111101000000101001011111001110010110010010110101000000001100011101010101000001100111
01010100010111010011101100011110100000110001101100110111101010110100110000011110101111111101011000001111101001101011011111111101110111111101101011110010010100101100101011111101000111100011001100101011111011011010100111100110110011000111001000111101111011110110110101011110001111100011010011
01010111011101011100110000101111110101101101001011100110111101110010001001000001100101011111011011101110101101110101101000110111110010010111101001001111111010010011011100101011011110101011110000100101111100010111010001100011011000100111000011101000000011011101110010101011010011011110011000
00101011100010111101010011101101011011010110111110011011110011001101111001101110100010001011000000101000100001111111011110101110010001111111111110110100000010001100001011110011010100011111011001011110011111001011111001010001110111101001000001110101110100111100010101111111110111110110111001
10011001101011011100000111010011101001011111101111110111101101111100000110101000000001100000100100101101100100110111100101011000100010011011111001001110110111111111111111101010101100111001101001111111011111111110100011001100001111111101110100111001011100010111100100010101001111111110011110
01011011001011001010110010111001001111010111101010111101100010010111000011011010100101000001111111000110101110000011010000001011001100001000011111001101001110011100001010111111100110100100010101000100110010010101100010011011011101110011100110111110111011010100101111010010011101001111111101
10101111001110010011111101010011011111011011100101101011111010101111100100111110111011110011111100111010110011010001010010010111110111010100111001101000100110100011001110010100101111011011111000110110001101011111101111001100011100111100111100101100011001101101010100010110010111110010010001
10000000110100111100001101001100101001001001111010110100011110001110111011100111100100001111110111100101110000101011110110111010010110011011000111011110001110011001111000001000110100111111001010100111100001111001110111101011100011000101100001000100010000100101111010010011111100110101011000
10011101111101010010001000000001011011010101110110111101100110101111001011010110011100101010000111011010111001101000110111110110010101101011100110011111110010110001110010000101111111101111110111011100011011000011110001101110000101111110001011010001101110001100100001111111100110001110010100
11111111100010000011000111000111001100100101001110111111001000001110100110010001001000111110101000001110101001010100110100010110100000110100111100110100010111011111101001011011010011100100010111101010101011101000011000011010101101001010111101101001011001010101000110010100111100100110111011
01111010100110100100010000100111111000001101011111010010110010011101100100101111001111011011111000110101000101011011000111010011101010011001111000111001101101100111110101101010101111000001100000101101111001111011001100100100010110011011001110111010100010011111101011001010000100110011111011
10010101000001101111000111111010100001001001101011000111110000100011100101011000100111111010111110001000011001111110100010110111100110110011010100001000101001110111010101011101111100010101100110100111110111000001100110000011011010011100011101101011101100100010111101010100011000110100101010
10100010111001001100001000110111111011100011000111110101011011011111101100001111000011010011111010011010001000111111111000110100101111010110000101100111111000111100111101111011100000010100110110101010111101111100100111010001011101110101011000011010111011100011100111101011000101000111110101
10101101010011101101001111101101111100110100110001111011010111011001010110101100100111010011011010101101010011110110110100000111001111100101111111111001010010100000010100011000110000001001110111110110111001010101100010100111010011110111101110110011010111101111000001110101111111000011111011
11101110110001110110111101010100000010110110100000011110010100111001101011001011011000100011111111011100000110011011010001110110011110011101110011001001100111011000001100010111101010100001110001010011110110110010000100100011010100110111100111110111100010110011101011111010100010110111111100
00010001100000011111001011111011000101100011001011001101001010101011110101010011011000001001110111101000111101001011010010011010111111110111100100111110001010000111011100100101011000110110011101001110001110101101110001001111101001010100000000110001101000100011101110100001011100001110010000
01100001011101010010101101111011111101010110111000101001111111000110101101111100111111001010111110000010011110000000111110101110100101110101001001011101101011111110110111101101000110101011101101000010111111110011010110011011001111011111011011110100000111011100110011010001001101011101110110
11101000010110100110011001000100110010110010111011101001000111101101110011011110001010101011110001001100010011111001101110100110011110010110111010111000111101100111101011111011010110011001110110100010101110011110111100010010010011001010110010111110001101101111101001010011100110010110001001
01111001010111101000010110100100010011011010011010100010010001110110111010001010100100010000100110100101101000011111001000110001011011111101110110111111001101000000101111100110001110110110111111111001011100100011100001011101010110100111001111000100011000001010001111110010110110000000011111
11101110001000000010010010111101111011001110101001111111101000010101101100111100111011001001001101011101101011110000101111000000100010000011011011011110110110101011110101110010110101001010010000111000111111011011111100000110010100101011110101010101101101110110111010110110100010001010011101
01010011111111010111111111001100110011111100000101100011001011110000101010101011000100101100111010101010111000100100001111000000000011001110111010001010110011110110011111000010111110101011011011111101100100100101101011110110110001000110101010011010010010000101110011111100001111001001100111
10101000001010001101011001100000011110111011010000110000101010111100101001010011101100000011000110001010101100001000001111101000110101011110010101011111110011111010110101100110110011001011000001011010101001000110110010100110100010001110111110100001010100110010101011010100111100010101111111
11110001011100011111110111011000100011111001010010011101101101000111010000000001111111100000100101000100101111101000110111111110100010100101100101111101101001100001011001001010000111010110110111011101000001101001101001101101010001001011001111110010111000010011101101011110010111101101000100
11100101110110000111001000001101111001100011111101011010011110000010100010001111001100101011100100111111110010000010011011000100010111111010000000111111010001001110010000100000111110111111101111011100011111111110010001101011011010001010111111011100111101000010000010011000011110101011011101
01000111111110001111000010111100011100110011001000111110100100000011100111110111010111010010111001000101010110100110100010011010000010001101101101110111010010110111001100001001110101111000110111111010110111011000110100000111110000011100111010011000101001011110110111110110011001110110111011
01010111100111000100011100111111011110110011101010001001101000111011111111010011100101110101110101101111001110011111111011101111110100010000000001100101011000001111001111011100000011111010011101100001010011101111010100101011100001011110110010000101111110011110011110000111100111011011101101
10111110110011000101110101110010110110001010011000110101011011010011010011110111101000101001110100100101110010000010110100011110000100011101110011001000000111001111111110001100101000011101000011000100110010011011010011000101100110010101101000001000001101100110101100011011100111010110011011
11010101001100000110101001011000000111110111110000010100000010010111100101110100111010011110001111111011011011001010000010010111101011111000110010111010110111001100110110001101000010101001010110110100111111110001100010011010011111011101001100110011011010011000011111001111101101100110010010
01010101111101111000010101001111001100101101001110101011101001111100110111111100011001011000110111101101011100100101000010111011001101100001010001110100010111011110110100000111101100011100010101110011100010111000010011100101010101101111010101100001010100001000000011100101100010001001111011
11110000100011111001000011001111010100111111101111010111101101110101111000000110101011101100000010111110100110011110011011110111001001111100110110111011001111101000010111000110100001011011110110100111000000011100001001010000110010001111111101100011000011110011111100110101101001011110000111
01100100011100101001100100101110001101110101110110111010111100111011001011001100011110110110111011100101011010101011111111001101111100100011010001101111011101100010000110111011011100101011111111000101110100011101010101011110110111010000100011101111001100111100010010111111011001111110110011
00100011111111110110101101010101110101011110101111100110100001101010010110000011101011011100101101110011001010011011110111110111101100101001111110001111000011111001111010011011011110110110000111111110000000001100110110000101111111110100001011011110010010111100011001111000000101001110100000
01111111011111000001110111101110100011111011000000001100001111111111100011101010011001111100111010111010011100011111001101110111110101010100010110001010010110100100000100111101001101001101010101101101100010101010010111111111111110101010000101011010010000101001111100101101101000010010010110
11001010010111010000100110111110110100111100011111010010000001110011101011011010111110110011001110010111101011100101011101000100111110101110010101101100110011101110100111011110100010101010011001100101101010100000000000111110001100101101010101101011110011010111011110100110101010001101001000
10010111111110110101000000001101011100011000110110011000111011110010111111010110011010001100101000100000110001111001111100010110001111101001000111001001011011111110100111010001101111101000001001000011111011100101110001100110111110001000100101101000101100111100100000111111001010011111010110
01011001001111010010101001100011100011001011110100110111011011111010011100000000011110100100011000100001000011110001111100001111101110010100101111100100000110000000001000111110101110100010111001000100111101000111010111000011111010110000110001100111100100011100111101010110101110111010011000
10010010011110011110011001011110111100101110000111110011111010011011101111110101101000000110000001110110010110111001110100101100011000000101110110011011001100111000111001110000101011010010011010000101100111110101110110101110111001101000000011110011110100110001111100110100011110000110110101
01101001010000000111101101010011010011001010000111110101101011100101110110110110111001100111001110010001100101011101001001001101011001100000001110111101001001111000011101000010110001101110110100111011111100010010110100111010110011100000101001110110100101011000110100010101111000101101100101
11010001000001110100110011110111110011101011001010111000101001001110101000110100001110111111001011100001100000011111000100010010111011011000101100101001101001111110101100001011100110101101011001011100111011101111111000101101101101100010010000011101010010011110010101110001000100101101011100
01000100111011111110100100010101111101000000001100011100000101111100001010101001011111001110011110100101001011011000001000111101000011111110100001100111111111000101111010000100010100110010100101111001000111111001110011101111101111001111100110110111110111110110010001110110101110011111010100
11010100111011000110000101010010101110100000001011011100101101101011110110001011010011000100010111101101111001010000101010110110100100101111100110111110101100010100000101100111001000011001101101101000101001111001010100110010111111110000110000111101101011101010101010100011110000011010100110
00101011101001100001100101010011110110011011011000111001101110001111101001000011101101010101101100110010111110010110011101100011001001101101001010111111101100010011001010110001110100000101011101011110101011001101000001000000111111011111011101110111001111001100011010100001011011111010100010
10100000001011101101011000100010110111100101010110111100111101110011101000010010111111101100011001010101011111111101011100001110000100000101110110000010010111000111000011111001101110010010001100000000001011010011100110010110111011100111101000111010101110011101010000111000011110101001100011
11000011011001101011101111111110111001110101010000011010010010011000111111010100101101010111101100111110111111100010011111001110000011101000101011000001011011011101100111011100001110010010110111100111110111010010101101101011011101001000100001011111000101011101100111101101111011011001111111
01101110010111111001000110101111101100110011110111001101100001101100111111100000001011010110010110111110110100110100110000000001101101101100001001011000011011110110101001001100100011001011111101011101010011010010011001001011100001111101111110100101010011111011001111110111001111000011111111
11000111111110001111001101100011000101000100101110100010010101111100100110101101110110001100100101000101111101110100011000101000000101011111010110001000101011001110110101001011111111001111111000011001010110110101111001010111111010111100111010001101001011000101010100110010000100000001110110
00010101111111110011100100110101001100111101110010111101001001010011111010000110011010011001100001111011100110111011011011111111111010111001100000001011000010011100010010010111101000010101000001100111001111101000111100100001111011000100101101111111111100111001111100111011011111110110111001
00100001001010101000111011100000011001001111101010110011001011001111110010011110011001101111011000111011011001001010010001111010100110010100110110101011111100101110111010000100110111101010100010111110001010001010110011010100000001011100100011010110111010100000001011000100100011110011000101
11111111110110001010110101111011011100011110000101000011101111001010101001111011000111101110010111110011111001101111010010011100000110011111111011110000111101001100111011011000110100010000011000111011101011010111010011111110011101101001010011011111000101111000111001101101011110001011010110
01111001001010110111100011111011111111100111011111110011101110000110101011000011001110110000011111011000011110000000010001001111111111110101011111110101100111111111001111001101101010011111011111111001001111011010000110111110000000010010110101011110100001100011101110001010111110111111010000
10011110111001100110100000010000101010011010010111011010101010101000100101111011110010010011101011001101111111101010111010110111000001111111100010110001100011011111111010101001001001011100101000001011001100001101100010100111111101011100011011010010000111110000010011111010001100101110110011
11001111110111000101110100100100010000011101000100010001111010110100100000110001110101011100010111101001101101101111100111010011110001000000100101000111010111100010011101010111011000001001011111100111011011101001101101010011111010001110001001000001101101110001100001011110111100001101111011
11010010111001000001010101111011010011101000101100001111110111110010011010000110100110111101111011110101001011100001110111001000010000100000111010010011111001101100111100010011001101100111111011100011111000101010100111111110101101000101010101110101000111000001000101001100011111110111000010
