111101110010110100011110101110010111010110001000101101100000100010011110100011001001010000100101101010110000011001101100010010110100010100001111100110100101011100100110011110000101110111101010101111111000000111
000000111101111101000011100110011111001100001111011110110111111110110011011100101001111000001111011100001000111010001110101111010011101001100111110100001001110101111101101100111100111001101110101001111111110100
011111101101100000111010001111001100001101110110001010011010100001100110110000110000101101101110001010100101100011100100000011111110110001110111011110001011111000111100111001111010110101010101000010111101001101
110100111011001010100101101111011101110101111111110100111011111100110011101100100111100011011011100010000011101010101010001111111001111000111110110000011100101100001011010101110001001101110011000101010110111111
110001000000010111111101000110010110110111001111010101111001110010110000001110010010100011001110011101111100000111110101111011011100110100101110010111111101110010010011110011111111101110110111110110111010101000
001011011100111001111010010000001100001001101001010110010110110110011111101110011011011000010100110100001111100100100011001000110001011001110110100111100101101101110110001011111010110111100101101111110000111111
011001011101101100100101110111011100000010000010011001100011110001110010110010110111100110011011000111111010110011101011110010100011010001011110011100101111110001010110001010101110010111101100101101000001111001
001010110011110011110011000000011111111010111011101001110000010101111111010110011110010111101000100100010110010111101001000111100100010101111001111011111011100101111110111001000101001101110011100101101011010001
010101101111110000110111010010110111001000101010100011001010011011001100010101100111111101110011010001010101001100000110110100100011011111100111010100110101011101010010111000011000101111111001110100010001100111
100100110111101000101110000001100001101111111011100110010001011110000001000111110101100011011001110100110010110110000100001011001110100111111110110011000010001000000010111101110001110110110000100110101111111001
001010101101011100010111011110101011110100110000110100011000010110010011011010101101011100011111100001100001100001110011101010111111011110100011110101001110100111111101001010100101110110011110000101110010111010
001110110111110101101100110100011110100011001011011001001110001011110110101111111011101011011010101010010000101111010111101101000111111101110100110101001010001011011101111001011101001110111101101101001011101101
111000101000111000111111011110001101011011010000001000111010001000010001110011100010001111101111101110010100010010001010001111000110110101001001100010011110011111001111010111010001001011110100001001101110011010
001000101001111011100101001101111101010111110100111011101100100011100110110010000011101101110001010101010010011111111010011100111111011000001110101110110010011100100011000111100000001110111001010111100001000011
001011111100111111011100111001110000100010011101001110111011111101111001011010101011000001111000110011000010111111111010011110100001001111111110110101111101101100000011111101000000101000100001101000000000001110
111100110010010110101010010100000000000010110010010110011100111101101100101011110100110001100110110000111100110010111110111101000001111100001001110010101100100000110110101010010111011010111011001111011110100011
001101111100100011110111111001111100011110000000111111001100011111010000001111110110101000011111100100101101110011101001111010101010111101001110101000010111101111111001011110011111001111010001101010111111001011
100000001010010100101011101000000000110001111101101001010110001001110101111100101001010101011110110111111101011111111110010110011111111101001000011111011110110101100101101010101000000111101001011100110110001111
010101101111000000001111010111100111101110111110111111011010001110100001110110010000011110010111000101011110100110010111101111010010110001111111110110001001100011110010100111111000111010011111101110101010110111
101110011111011110000111101010100101001011111001100000100000000010100110011011101101110110011001110011000001111011100100011011010100010001110000111100001111101001100101110101100001011010100010111011110111110111
011010111101111001110011111010100101111101101100000100011011100110011000110101001111101100001011010011110000001011111110110001001101110101010001001111110010010001011100110111111001010011110001100010101111100110
111111011100101011101110110000001110011010001110110111100011101110101110111000110001100010010110010111110011000001011100111111010111111111010011101100101100110101101110110100111001001001110010110011100110101001
000111100111110000101010110111111111110101101111010101011111010011110011001101100111111100110100111000000100001100111101001011110101000100001100100111011010111011101110000010101101110001011011000001100011100010
011100111011010101111000001010111010111010000000011110010111110011010011101001100100100111101111010110101000100010000111011101010011011011100001101000110111100001111001010111110000110010100111101100011000001011
101110101101011000110000101101100001001110001111100010001000011111100011010010101101100110000010110111101011011011110011101111001011010011010001110011101110110100111110010110010001001010011011001111010011110011
101000101111111001110111110100111011011111110111101001111100001111101011101001111011000010111101101110001111000100111000110001011000101001000100111010111001110001110101111000111010011001101011100001000010111011
100011101001101001110111011100001110010111011010110111000001110011011101100100011101011001101010000000010001000101001111000110000100100110010110011011000101100011011111110111000000100000101101001101100111010111
000011100010111000111000111101000100110111111001101001000100010101011001101100001011001011011010000110110111110011100000100111010010110010101101111000010101011110111101111111110001111110001111110001001101010010
100111010110110010101101100010000111010010001001110011100001000101011110011011110100100000001110111101111101001011101110100111001001001100011100001110101100000000000111011011011011011011010111010011000000101111
110001101011011110100001001111100100101101111101011001001100001111101111011000111010111111000110101001001010110110001111101011010100110111101000111111110101100100011111010110101010101110011001110111110111110110
100100100010010001101000001111101011111001111010001101001101000100111100011111010110010110000010010101111110110001101001001000110100001100101111111110010011010110111111111011110101100100000100011010110011111011
100011000100111000000001111110000000110111010010001010100111011001111001011111010011110111010010110100011100101001111000011100111101001001010001000010100001101010011011111000101101000111111111101010100110111100
010010010011000011010101011110011001010100110011101001010110000000101100111101000100001011010011011101101101100011111010001101001010111111011101101110101001110110101011100001111011110101110000010100011101101010
101010101101101111001110011111111100010100001100011011001001001110000101111111011101111000011010111101111101011011011000100101111100101100010001001001100101011111111010000101111011001111111100101010000010001011
110010010001101000101111101111010101101110100101100001011101110011001101000011011111010111001100111010110001101110011101111011010111001101011110000111010111010110110001111111010111011000100111000111111100110101
011011111100111011011110110111001111000011110011100100001100111001001110101111101111010100111100000111001111010101000110000001110110111110100101010101100101110010000001100001010001111101100010011111101111111110
111101111000001000010000100101111000100010100101011101011100010101110010001000101001100010011011101100010001011011001101100110001111100011110110011110101000001100011111111001111110100101110111011010111111101000
110110100001110111011010011110100001000110111011101110101111110110011000010100001110011111101011011101011001111011000101101100110110011001010011101111101101101100110011110010100000100010010000011111010000100110
111011010111101011111110000100011100111000111001010011100000111111100100001100110110111011110100011111101001110101001100110001110000011001011010001000010011101101111001011101111100010111011011111000101111010000
111111001010110011111101101000011100000110110101101111111000111011100100101010111101010010011101011111111100110111001100101110011111110101111110011001011110010001010000010110111000011101001110101011111101110100
101101101011101101110011011101011111111100101000100011101010011111101110101111001101001110110000011001010001101110110100010110011101000001111110011101110110101101011010100100101010101100110011101001100111100010
100011100011101010000110010100011001011111111100110010011110111110100110011100001100010100100001001000001111010011101000100000111101011110100111011101100010110111101100000101101111110110011011000011011110100010
110010001100111101001111111111111101110011011011101101000110101110001011000011000110111011001110110000011001110001010101111100110111111010010000011001111100011100001100010111111110111011011001110110100111111011
011011111101101101011111011100101110001000100111111111111011111101101000010001111110111011110101111100101100010011001000001011111111000010000011000000101111111100101010100001011101011111010001010110000111011110
011101111110001001011111101001010000011111010110101101101110011011011010001001111000111000111000110101110010011000111110000100011111101110101100111000111110101010111011001111111011011011010010011110010111101010
111101001010001111111010101000111100110001001100010100101001110100111001101110110111001100100101100010111111001011101000101111111101111110110001100111010000001110111100101111110110101001100101101111001100010100
010110010111001110011110011110100000011011011011011011110011101100101110110100100010010111010001101101111010110100000110101110101010100011000010111001000101111111010101110001111110111101011110111101011001010111
001100111110000110010110101110010011101101001110111000111111010010101110110110100100111111011101010000110101001011010000011110011011111100101100011111100111110001011011100010010011110101111001001010111010001110
110001010011001101101011101101111100110101011000101101010110000011111111110110011011111001101011011011101110111101010110001011100111111101111110101111001011001001100111111001010100001001110100000000110000111010
111010001011110100010001011101110011101101111100101111011110010010101111001110111001010111001010001100110001010011101111111100011000110100011011101011001000111110101001001001100010111101110100111110101010010111
111100011100010001101111110110111100101010100100100010111101010000101111111111001001001110110100101011111011011110010001010010010000010100100100000011011111100100111010111101011100100011111010101100010001010010
111000010011001100011011100110010100110010010100000111110111010001100110110001101110001100101001100000100010111101011100111001101010011110110101011011110000100010100111001111101001011010110111000111101001100011
101010101010100001100001010101111100011001011001011111111000100000011111110110010011111010011000101011010010011111011011011010011111010111100000011001111111011000111100110100111011011101111010111011001010000111
011101011011011101101111101000010110100001111000111101111100101000011101001110010101011101101111101111100100101101110111000110111111010100100011011100110011000111001000011011100110111110110111111010101001100101
100011100000100101100111001111110101101000100011011100000110111111011110111101011110111111101010101100110001010111111101010000110001111101111110000010110101111011001001111010011001001111111001010000100101001001
110110101101111101001001001100101000010101101010111010000010111000001111111100101101010110101001100110101101101101011111111100111001010000000111011111111111001101110001111011010100010101100101001110011101100010
111010100110111110010111111011011011010110011111011011000110010011001110010111100110111001010011010001101011100101110100001010010111101111001001010011100101101110011001100000010100111100111001100111100001110101
001110001011110100111101010101011011011000000000011010101111111111101001010111010100001101000111101001000111001110001100000001110101000101010101110011101010110111010100010111100111101110000010111001000000101001
101011010101011010011011010101001000000100111110010011101001101011000100111000011000011101011110111011000000010010100100101111111101100011011001010000011110101101110011000101001010101111101010101110000000011010
111100111110110110110111010101111111110000011010110010100111101001001101101100111100101011101101111110010111000011111011100101110010010110111000001110001010011000100011101011111100111101010011010001001111101111
101111101000110001001100110111011011010110110100111010111010011111100100110011010110011100001000011011010011111111111010000110101111111100000010110010001000000011101010110101010010100101001000010111010000001000
111011110001100111111011100000100111111111011110001010000101010101001000001010100100011111010110000001011001100111110000011000100111010001111001000111001110100001001011010001000001101010011001101011010101010111
000010000111001110100001101000110001001101011011110111010111011000001111011101010100000001111111111111011001101011010100001110110100011111110100111001000000110100011010000011000110011010110100100101110111111110
011011001010100001100111101011001001011101010011110000000101101000001101001101011100110100111100110010001011110010111010110001110111010011010100100000000011010011001111111111010100101011111100110111001100111110
101110000000001100010001010011101111110011110000010110110001000110110111110110101001100111011000101100001001010101110110110000011110100111011001010110110111111000110111110110100111101000001010111011000111101101
000011011100010011001011100111101111011101011011001110101011010110011011000110111111101011101110001101100111111101100101001011001011101011111111010000011111110110001011110110111010100001000110010111011101001111
100000111110111101010110000100101111101110110100100000100101000101110111001111100010111000001101001111011100110011001100000011011110010101010101011101000101110011000111110111011100001011100101001110011000110111
010011111111100111110111110111000010001011111101000100000000000000110000010101000100110011101011010111110110110010011110110110010101110111110111110000101001011001010111011101010100000000110001010100010101000110
101110110011100011111001101110101110111010001001111100111100010001110111000110001011001001111011001101101110010011010100110010000010011100111110101000000010011111111110011000000101100101001010111011110111100111
001110001011000110110110100101111010100011111110111001100110110100011110000101111001110001110100010001011111100001101101110011011010100111101000110110011010011111110011000101111011100110100101001110000100000111
101011011011110011100010100111101110101000101111101010000010000111111110110111010110011111101011111010110001101000011011000100101010111100000110001110110011101101100011011011001101000100100001010011101110011110
001011110111110101110010001011001100101110101000101111110111001100010101011011100111011010111101111001111111010000100000110110101001100011101100100110100001101001010111111111000001110010111111101011100010011000
001011111100010101010111100111011010110101001001111101100110000101110000110100001101001010111110111101110110110111110110011101001101000000111110011111111110001010101101111110111010000100001000000000011011101000
011101011111101001101001010000110001110010011001111011010101101100011001111000111010111000101000101111100010110011110101001100100110101010011110001001100111110100100010001101101111001110010111000011101110001111
010101011110010100000111110000100111010001001101011011110101010110101110100000011101000101011010111011101110110101111101111001010010110111000111100100010011101001100111101011110100111010111111101001010010111000
101100111100101010000101110001101110010100101011101011010100011100100010100101101001000001001110111001100110001110110010100110110110110100010010100001110001001101001111011110111100101100101100011001011101101101
011101100010111001110101001011010001001111111101110001111011011001001111001010110100101011011001001011111111011110110111001110000110111000110111010011110010011111111001001111000010111001010001011100111000100011
101001111101110011111111001100000011001000000011111110100001100101110001001001001010111010111001011100001100001011001000011010000101000100100110010101111100011011111000101100110001010110101001111110101110110111
111110001100101100110000101111110111010101110000110111011100111110100010111010111111011000101010100011011110010110100101001000111001111101011110001100000110000101001000001101010111001110010101010000111111110110
100001001011101111100010110100110010111100111101101101111010101010101001000100001101111010001111000011100110100111100101101000011001010111110101110001110101111011111111111101100110000010001010111111010101101100
000001011110100010110011100100110010001010101111010111010110101010011111100101011110110000011000111111101111011111100011111111111110111111110001100001001011110101111101101001000001000100111100001100111100010010
101001100111010101101001000111100011111110011010011110010000001011110100011100001010011011110101110111010111011010000111010101111100000011110101011000101100101110111100001000111110010011010111101011110110111111
011001010000011011011011100000111100000000000010000101010101111001111011111010011011110110100110101000101101111000010000111011011001111011011100010100011101001001100010001110110011101011101011010110101100001010
001000001010110100001101010111110010011110101011011110011011011110101110100111000110101001101010111111111110111011101110111110000110011000100111111011101101111111101110011000111010110100010011010000110010101111
110100100011101100011111110101001011101101000010011010010000001101010111111001001011111111001010110100011110111001110010111000111010000000010110101010010010111101110000100000100010110011101011101111101101001101
110001011110100010001011001001111111000001011000111110100011101010000110010010010010101010001011010101011111001100110011111110100000110000011000110101001001100111101110111011100101101010110100011110110000100111
011011111111111100000100000011001000100110100101101101011011111110100011101111011101001000111011101011111001100101111111100111101000000010011001101010000011011011001100001101101010111111100010111011001011001010
111101111001111110001111011110001110111011011100101100111010001010000110110100101101101101100011111101101010011110101000011000101001001101101000010000100101011101011110110010001111101111010100000010111111101011
111111101101100011101001100111000101111110110001011000111001000000010110100011111101101000101100110010111000111000001111110001000101000010110101110010101011011110000011001110110011011111101110010000011000100110
111011011111000111110001111011110001011010100001011000011101101100110010110101011111111101010011011110110011111100100011010101001100100001110111101100010100011011011010111000001010000110011000110010100101110111
000101110011111101110111111111111010000100000010100110010111100010010111111011001000101000100010011100000101100011100011010001110001100010110100101110111111010110111111111101111100111000100010011110101111011110
011110110110000000011001010000001111000110101110110110011111101011001101101101000101001110010001100000011011110011111111110011101111111111001100101011010000010010011011111011101001011000001011101000101110010010
111100111111110100111001111111110111001001110111011010011110000100110010010001100100111011101101001101000111000000110111010100100101101110001100010101011011111001000110000100101101010111011110011000101010001000
110110001000011100110011111000001000101000100111001100100011000101010011011100110001001101111010110101000001100100111100010010111010111110111100000100101011100110110001111100111101010101010111010111110001100111
010000000111010010010100010011111110100110101011100101001110000111111101110010011010111000011101100010110111011000010111110101100001011110010110010010010011001011001110011011100111111110001000111111100100010010
011011001000110000001111110011100011001111101010010001011001001100000100111110011111111100111011101101001011011111111111010010100111000101111011101000100001111010101110111111010111001100100111010111111101001110
011111011001111101110011101100010001010100000111011010001101110101101010110111111000010110000101011110111110001111101101000100111100001111010010101100101011100100011111011000100011011001101010111000010111100011
111100001110110001100111101010110111110011011100111110100010001101100001111101100001111010101111100100011001011110101010110101101110011001100011001010101001100111111100011111111010111110111110101010010000100001
001101011110011110110011100000000100001110101110100101001110101010010010001011011001001001110010010001001011110000101010110011100101011010110110100011011011000010010011111011000101011010110111011000101110010101
101000101101011101111100101110100111010110101101110111111010111011010010000011110101001010100111001100000010001000110110101001010101110110101101110001110010101010000100111011000111000101000101101000010100100111
