0111001010101011001010000111100010110111110000010101001101100000010001000011110111111101111010011000111100111000011011110101001100100011001110011111101111110111000111000011111011010101100011111111011100101011010111011011101100100001110111101001011110110110011101111011010101101001
0101101110110101101100011100011001001101101001111101001111110111001011101111001011110010101110101100110011111001111001111111011000110111001010010111111111001001000101110101101010101111110010100101101100111101100111000101111110101010001110111111010011110001101001000110101011101010
0111111101111010101100010000111011101001101011100110011001100100011111011001010101111010011110000110110010011010110011001011001000110011011011101011000011010110010001101101101110001100000000000010010110011111101000011000111011011010001100100100101000111110101101111001110010010001
1100111001000000110100011111001101001001111101110111001100110111000010011011100010010000011011110111111101111101100010011011010011110111100111001010101110110111001011111100100111100011010101101110010010101110100010110110101111010111111111001111010100010101111111010010110110110101
1001001101110110100011110011010001111101100011000101101011101111000111011010110100011110010101101111010010101111111000001001000011100001011010110011001101010110110111101111111100011011011001000111100010111101100100111111000111010100011100110101000001000111011110011101010100101110
1010011111011001001011101110011111000010001110110110100010011001110110001001010110010101110010101001001100011001001111011110011000011100010000000110100100110000111111010001111110011111011000110001011100000101011101101001110111110011110001000111000110011111110011001100101111000110
0101001011100000001011000111010011011010110010101000000010110110010010110100101010011110101100101110111000100101011101100101011101110100110010111011010110111011100111110100111110011010111110111010010010101000001011110111000101000111010100010001110000110101111110110011001000011001
1000011111011110101111001001111101111110101111011101001011111111001011000100111100011110100010100111010000011101101101101010010111111110101001010001011101001100110111011110100110010001010111111101111001101110010111110011100011100100111101000111100010111011010001010110011101110100
1111010100100111001111110010010100110010100100010000111110111101000001101110111100011010100110111011000000011100111101101101011111010001110011110110101000010111111101110110010011111010011100000111101100100010100101100010111110011000011111000000010111111110110111111110110010111111
0100000010011111010101110000100010111111111000001000011011010111110110010000101011001000110010101111100011011001000111000100101101111111010011110011111110111100010111011100110101111000011010101010010011100110010101101110011111111100100001101110110111110001011000111111111110001001
1111110111000111110110011111110101111111101101111111111111011100110111010111001001101111011001111010000101010110010001001110000101011000111100010111100000010111011011101101111101100110111110000010010101100110010010001111011011000100100001011001100011000010110110010001101000011101
0111101110011110011001000111010110110011011011100101001110110101111100001001100010111001011111110101111001101000011111001100010101101111110110110010110101101110011110000011011111101111010001001001011110110011000110010111000010010101111011101111110110101011100100110110010110101111
0110111111001010110111100011111111101001010101101101001111010010101011100011011100110111000110101110000101100110101011011101110110001000100010100101010101111100101110101100100111101100101111001010111111100111100111010010111100000110011011001001101111000010100111000110101000111110
0101100100010110111110001110110001011100011000111101011100001101110111111110101011101010011110110101011000110011110110010000101011001011011110101110001110011111001101101100110000010111111101011000110110111101001110101010010100101110000100111101010011001110001010100101101101011010
0010110001110001001001010011010101011101001100010010100010000101101000011001110001001011010001111010101110111011100101011101111101111111010101111011001101011101101100000110111011011100110010001110000000111001010100101000100101110011100011010001010000101000100100011111111111010010
0101011011111110101100101110110011110000100110111101001000001111000001001011111011011011001111100001010001100110111100100101010100010011101110110010011001101100110111101111001111111001000000011010001001001000010111101101001100010101111101001110001100111110111011000010111110111111
1101011001110111001011111011111100110001110010101100011001100101111111110110111001001101010011111100101111000111110111101001010101010100110000011011111110101100011101110110010011010110111001100011000001101111011010011011101111101110111100111000101111011010001001111110100001011100
0010011011101101011110101011110010110001011111101101011000001110000111111011110111101100101001101011110010100011111000001101111100111001011110001010111101001000000001100000010111100111011100110110110101000110000011010110010010111110111110101100001101111010010110010010100110010011
0000100001110101001100101101111111001001010000010101000100001101101101111001010100100000010000011111011101110001011111111011010011000011111011010110101011100010010111001111010110110000110111101011111110000011110011110111110111001101111011101101011011000111111101100000010101010100
1111010100101011011100100111101100001111101011000100100111010011110110101101000101101101010111100111101100010011110000001100111100111001101110101101111111001001010010100101100010101101010100001100011110010111000000011011000100011001111100100111011011000110011111100000000011100010
1001101100010111011101101010101001011111011011111110001001110001001111111101101111000101110011111010011111010110110101101011111001011110010111111101000010111011101111101111010111100111000110101110011101110100001010011101100110101000001111010111010111001101011011000001010100111000
1110010111111011011111000111111000111001110010000011011111010111100101101110101011010110001100111001111110110101001110101010010110001110011100111110010100110000011111001001100101011101101011111001111110110100011110011001110011100000111111001100100100111111001011111101001011000101
0100001011101100111111111111111001001011110111001100011110101011000101001010011010100100010010010000011001101010001101100000110011110110110001101001000010011111110110001001110110110101001011101000011111100101111111101100101010111101111100110010111101101110010110111101111001001110
1111111110000110100110111010100111110110110100000101101011000000110010101011111111011101111111000111011100111110001000111101110110001111010101001111011011011111011001001001101101000111100111100000010110110010100101011011000110101110111010110110001000101101110001111101111100101111
0100011100101011110010100101101010010101001001100011101100110000111000000110000101100011101111100011111100111111010011100100010111000110010101111001011100000001001001111111101100110011111110110000110110101011000001000101101100111111001010001010111001111111000110111000001111111010
0110101010010100001000011110100111000000111000111111111011011011100100011111001100001010111111011100101000011001111110100101001100000100101111110000011000000111011110100011100111101100110100101111000111010011100110010010011000000000101000111101011101001110111001011110101110100111
1011101000011111011010111101110010111010100000001110000100111101000101111100100100110100101000111001110101001010011001010010100010000110010000001011100110000000111100110100011011111111101011001010110111101010110100001001111110110011011100001010110011010110111111101000111000100111
1110101011110000011101100001001111010010001110111110001001101100111011000111101001111111010010100010110101110000101001000000110011111101110010101101101110010101101111101011101100000111100111110110010011011011000111111111101001100010011011111101110010011101001111010110100110101111
0101111101011111100100110011010111100000101011001011101101001011111111110100010101001110100011111111101000110101011110000110101000100010110011001000010111011101101111111000010111011110000000011111100000100100110111101110110011010111011100001010001110110101110110011001011111111111
0101000010010001110101110011111000010111111110100010110101111001100000010100011010111111001100001001100100110010100010101110011110101001100001011011111110000010011110011010110100100110000000010011000111101010111101100111111111100110000101101100100110010100111101011000111011010100
1100100011010111000000001111101100110011001101100000000101101111011010110001111011011101111110010111100010011100011111110001100110111011001101100001111001101010100111001110000111010001101110011011010111101010100001010011111011101111110110110001000010010000000100001100000000011100
0011100000010101111100111111101111110000111101101011010110100000011111001000111001100101101101101011011100011010010000011000110010000111001010001101010111110011011001111111111000001011111000010001101111000111110110000000011100000001000000001000110101100010111001001000111011000110
1011001001011000110110101111101101111010110100011011011011110000110001001100101101010110011000110001001010100010100001110010000101100110000011111010110110100111011010111101111101000100010001110111010111110111111111111011110101100100111011111100000110111110111111011011010000111011
0011010000101011011110101110110100010101111111011011101011110011110111101010110111010011010110001001110010011011011000111001000011111100110011111000110101011001111001111100110011111010110100110001010100101100000111011111011010100110001010001100011011011101100100010010001111010110
0101000110101000111110110110001100101111001100001001001000100101010001100011101000110101101110111000110111111011111101110001000011101100111010000101101111011011110111100111111011111101000000111000011011011010010111111000100101000010011001011000000110001011111001101001011110110011
1000010010101100000000000001001011100001011111001011101001110110111001000100110010111110101011111101111110101110111110101110110111100110101001011001111111000010100000010010101100010000011111100110101011111001011100011011111101000101111010111101010001001101010101010100110111001001
0101110101111111101101110100111010001001110111111001100100101111010001101110000010100001100111001010011100010111001100011101110111000101100011100000011011110111000111100011100110110100100001111011101000111111101010011110111011000101111111111111110101011100010011010000000101100101
1011111111101010111111001011001010001110101100010000001111101100101101110100100001010101101000001010110000110010100001101011011101100100110110010010010001101010101011111101011110000101010100111101011111011100100100010100011000101100101010011001010110010010101010100110111001010011
1111111100010100111010000110101000101111011011110100011011101110010010001110110101110101011100011100010010100100001011110111110010111000000010010000101110010111011011000111111100001111101011101001100001111010001111110111101101001010110110100110011001010001110111011111111001111000
1111000001111101101100111110111110100011000110000100000001111001101001111010010011100011111010010111100100111100101011011011101001101110100101011111011101010100101000000010101000100110101111100011101100110011011010111001001000001010100110001101100100000001110000100100010111000011
0100111111110101010011101000100110110010010000101011101100001111110010110111001111111100100101111111001100011001001001110010000100001110101100001110111111110110110111000001011110011011001000001100000010001110111100100101011011001110111110000001101101001000111011100101010101011101
0111011111001000011010010001101101000111001111010100111001101001111000010100111011111110100111001100110010111110001110100111010010110101000000111101111001110001111100110000101100000101010011100111000101110110001111010110111000110011111111001110011000011011101000101101110001011001
1100001110100100001011001010010011111100001111100111010001000100001111111001000100010110000110010011011001000101110100110110010111100100100110110001100100000011000001110101011101110011110111000100110000111000010001111010111001001101111111101010100011111110010010000111110100001110
0001100010111000111010110110001110111010010000111010011111101000100011001100111000101000101100111010001100111110011100000011000011010101001111010110101001111010111010001100011101010100101111110010011101000101001111111100000000100011101101101111001101110011011100110001110001100011
1011101100011101011111000001100111101111101110011001010100101001100011001111011111011101101011011011011001110110110010101000100110000111010110110001111011011111011111100100011111100000000011111100010110011111111101011100010001011010100011111100110111010111000110100111011011110001
0101100111100111011110001101011100001111001110110101101110110101110110000001101111110110011001011001011001111000010100100100100101110110010000011101011111000011001100001100110000100111001100011000001010010010000010000101100011101111111011010010011001001000101000110010011100101101
0011010011011001000100001011110111011001101001100111101001111100001010101010110011101110100011101100110101011010001100010011110001001111000000101000101110111010001101111110001000101110100111011000010011101011110100000011111110000111011100010011111010001100110101000111111101100101
1001011010011101101110011100001110100011010000110111101110000010110001111110011011111111110111101110101010000000001011111111010011111011111011011101110111000001011100111010110110000111111101011110101101111001100111111001100011101110011011000110100111000111100110101001110011000010
1000101100101001010111001010101001001111011111100110100111010110000001111101000011110100111000110011000000110001100111100010010110101100100110001111101010110111010001011110101010111101100111101010110000011011011011111000010010110111011101111001011101010001101110001001000101100010
1110011110110000111000100111000111000001101011011011111100010010110010001110100110001101000111001011011000011101111000100111110101010101010111000110100101101010011001111100000100111011110011000111000111010110001100011101010100111111001101011110010011110011011101101110110010110101
1011001111101010001011010110101100011011111001100001011100010100010111011100011111110001000111000011011110110001111101000111000100100110010011100110111011000100110010001111100001010010000101111001010100100000101011111100100110101010010011101001001101110110001100011100011110010001
1001100011011100010100101110101110110000110000101111010011001111111100010010101011011110101000100111011001001000110100111101110100110101000110000001110101010001110110101011110110001010110000011101110001111000000101100111111010101111110011111111111011110111010111110101110101011011
1011010010010111110000010110101111001011101000010100111111011110010110110101011001000000001101100101010101110111011000110110100101011101101101001011011100101011110001000000111110111110001110011010010100100010101010000001111111100011011101010101011100100001011010001000101011011101
0011101011011100110001001101110000110111101010001110111110001010010101111110100010011101000110101110011011111011010111010010001000110111100111001110111000010100101011010010001110001111000110000000100110011000010001101101111010111110010111000011101100100001111011010000101010101001
0010001000010010000001011111011100111110011011111001111001111011111100111011010011111100000000101000100011110011001110011111010011111010101010110111001101010101111111101110101001000101110100111111101111101111111101110101001011001111110011011101101101011100001001010010111000110110
1110111100100000011100100100111100011101111011100011100000111001011101000001101110010001101101111111001001010011101111011100110100001110011000100100101110111110001101110111111110001111011111111011111000010111101100100110110100000111011111100111101000001001000001100001101100111100
0011010111100101100100100010010011101111101111111011110001001100100001100001101101111101110010101000010101001101000001100011111111000000100000011110100101101000011011011111011110010110001110100110111110001011100000110101010100110011101011101000010001101000110001100111010011101100
1100100111101100001011011101010010111111111001010010011100011000111001101111110101111000111100111111100101101101010101101101111110100010011100110011110000010111001001000111101110011011000010011001000100000011011101011011100111001110110001110011011011100101010010010001111100010011
1111010001110000111110001110111011111000110101000001110001010110000011110010110111111000010110011101111011100111110101010010101001101001000011010110111101000101110101001011010101101110000110111101111111111001101000100100010110001011001100100011111101101011111111001110111011100001
1010111101010011001100100111100101111110010110011101100110111110110101011011111110110110001111011010111011101011010000111110011110101110100001111000010110110001101110101101111000100010011110011011111010100101111011001101110010011110101100110000101000101101101110110101010001100101
0101101101000100111000011101010000000100010010010011111000101011011010110101110101100011111101000101011001111110011011000100101111111100010100111010101001011010011111101100001100110101011011000001110000111110101110000011010101100101111001110001110010010001010100010111100001000100
1110110011100101001101111111110010101111100111100111100001010001000111110100011001101110001110100101101101011101100111011111011010101000111111000111000001000111011110101000111111111111111110011110111101011110010100000101111010001001111111101100101100101101111001110011100000011011
1110010010000101011011011010001010111110111111101111010101101011011111111001101011000001011111100001010110100011100011011110010011001000111001111110100111001101000111010100010011011011111010011101101101011100000111010011001100101101000001110110101110111011011010110101101010111001
1110100101000111100110011101110101111011010011000110001010110101101111111100100000111111110101110101111001101111111111111101001111111100100100000010111001010101110000101100101100001111000111011000111011111110110101010100011111101101101011110100011110111101111111010001101000010000
0101011000000110110101011001110011000101111101100110110110001010100111010111001101100111000001101010000011110011011101011101011011100101000010001000100100111011010011001110110010100100011001011111000101110111100110011110010100010101110001010010000101000100011110111111011010001010
0111111101100101101100000011100010111100011101110000101000111010101100110000010111001011111001010111001101100101011110100110011001111111011011110100001110110011110011111110010000011001000100110100110111101111101001001010101001000010101010010111101011111010111110000011111010110011
1011000100010100000100001000101001011000100100111101010010111101011001101111110011110001000011011011010101001100011011111011001110101000111111011011111110110111111100100011000001010100101110011010101010001110000100101101101111100111001101000111001010101101000111100011111111010101
1001101000100011101101100001101011000101111110100111100110110001100111110100010001110100001101101110010011101111011011001111011111001111100000001000101111010011101100101100010111101101001110101000111100010111101101010000010111111100011000011100101101000001001010010001010111011011
0101110011010101110100000111110010011011111100111111101110101011101100010001101010100101101111100100110110010011111000011110010011110110110110011001001111101001111011100011111101100100010110101101100110001000011011010110001100010110010000100100110011111100010111001101100001011011
0010011111111111010011010111101010111110111010001000010011001101110000101010000011101100110111111011111101011110110100100011000111000010101100011001100011010100000101001101011001000010010100101011101011100101000111000000000100011011100011010101110110110001001100001101000110111100
1011010111011110110001111111010010100111100100100000101110110111111001111110110110100010011110000011010011010101111101110010111101001100000100011101111110110100100100110111011000011110110101011000111010100111010101111001111010100010010000011001101010110010111010011001101010111100
1011011100010100000111100100000111111111100100110111111110100100011100111000110111010101101100010110111101001111001001100111000001010001100101000101110110100011011010111110101110110101110100010001001010100000101110100100010011101101001111000111100110100010001001001100110001111110
0110010100100110111100011001001011111111110001110111011101110011010001101010110100111010101011111011101111100000110010000100001100100010110011011110001111110100110100100001111001011011001111101010000011111001001100100100111000111000111101000101110111100100000011000110101111111111
1001001011111000000110000011001111111100100100000100111111011010010111110100100011111010010010100001110011000010111111111110110100010110000011100110010100010111111011111000110110101010101111000011110101110110000110010000100011110100101011101110000111010110101011100110010000010001
1110100110000011110111111111110110010011110000011111010100110100011101011000111001010001001111111110001111100111101110111011111000100101000100111100011011111101110111010111011011111001111000110010001111011101001111011110111100010011000100001111110000101110010011101011011011110110
1100100110011110111111100101111110111010110010011001111100101100110111011100000110000011101110001110010111011001111110000101111010100000001000010010100111100110111101010100111111010110100011111000100100110010011101111101010110011101101001111110111111001101110111100111111010110111
1110101111111111001001111101000111101110111101011101100010111011101000011111110001011011101101110100101111100001101111110100101101101100110111111001010001010000000001011111111001110111001010111010111110111010000000011000101000111110101110000010101010001111110101111011011110111000
1001111110001010001100001001110100010011001001101110110100110010001010010111111100101100111001110100011111010101010100101101100100000111000111000111010011100001001001011101111010110100111110011000010111011101100000100110001101100010011110100010011100100010101100001100010101100011
1110100101010111100110000010000011010011111111100001010000110111011111100011000011101010000011100011101100110111100011010011010100011111101010101010110100111110100110000111100110111111110010101011000100011011101110111101011110110010011101100110111101010001100101000010100001110100
0100101000100111011101010010110101001000001100101100111011111101111101100000101101011110011111011000011100101000001110110001001100001010001110010010110010011011011100011001110100101111001010110111111000101110101101001101010100001100010000100000111110110000111011111100001100010111
1000101011101100110010100011100101111010110011111011011110110100001011111001101110101001110111010100111001110000101100101110010011111101011110100000100001011011001000111001100100010100001100100110111100101011001011100110100001110010001011010001011000001101101000110011100100100011
1011011010011011100011100110010010110101010110111000001110110101110110000011110100011100110101100010001111010011111011001000110110011001111101001101110000101100001011110010010100001110001000011010011001011110000100001110110100001110110010100101101000111100110000000010011111011101
0011111011010100100001001111000000110001110000111001101111011110010110101010100111000101011111011010110001101100001000000110110110111101010110011101011100110101010001100100111011101101100010001111111111110011100000100100101110110010000111011111101011000011111110101110100100100011
0101111000011111111000100010100010011110100111000100101110110010101011100000111111111111010011001111111111110111100110111111011001010011110101011000001011000111011001010100110101110101101001100001110010000110100001011011010000001101010010101110010111011011001000101101111001010111
1111011101101111111010001111010100101001110101010100001111010101101100101011111110011000011111111000111100000111011111110001101000100001000001011000001011101000110001101000011011111101110111101100011100111100010001010111100011101011111011011111111101001111001010100111110111111110
1101110000100011011110110100101101110111010110110101111111010111010011001100100011100001100110101111101011001001001100011110000111011011001110100001101110101010101001100110111111011100110110111110001101100011100001101101000100000000001001010110000110011001110010000001100100110110
0000101110111101100011011011000001101011101110111010100100011100000011110010011100010111010010000110011011101011011111100001101000011010111001111011110010001100101111111001110100000111110101001111111101111111011110111100101100111001100010010011001100100111101100011011111111101011
1001101010001011001111011001011110111100011101111101101100001111111001111100001000010101101101011011110010110110001101011001111100111011010011100001110101011011101000100001011110000111111111110101110001011110011101101100010111101110111010000010100100010101111011111001110011010000
1111011100110111011110111101101111000011101101111011100111011011111101101110001101010101101011011111010011011111111111101111110010001111111001011000010101110001100100110011100001010000000010110111110101100100000001110111100101100010111001010101101011110110110111011011001111100000
1010100100110011100111000010010101100101001001011010010000111011000000101011001111101111001010101101100100101111010000010100001010101010101111110110011110101111100011101111001001111100110100111011111000110001111111001100001101000110111111010101010010011101011011110001010110010001
0001101101001101100011111011011101010110000101001000101101001110101101111010100000000110101111000111111101110110111011010100101101110010111000011010101100111110111111100101100110111100010011011011010101101111001011100001110110101101101010101101010100010101111001011000001110110100
0010010001101100101111011100100100111110010001110010010110111000011011011011001011110100011111011100011000000100011100111110111001010000111000001011011010011001111101011111011111100000101111000000111010100000010001100100011011001001110111100000011110001001001110011000001110001001
1001101010011001100001001111011111101001110010101110001111010111011100111001111111001100111111101011001011111011011001000101000101101100111101111010111001111101111100110001110100110110001111010101101010000001110100001011100111010101111110111000111101101011001011001011111010100110
1011111111101001010110010011100001000110111010101100111011101101010101101100111100001111001000011000100100100000011010111111010100110011110001100000111011010000100110111110111111101101011011001001111011110111001001011010101110001100110101101101000001111111100100111100011001111000
1011111001101011111110000000000110110111110111011000110111011101100100011111101011010100110100000101011101111011110101000100111110101010111101011100010101010110000110111010111010001111011000101001111111110111110101111101110101110010111010000111110010000111111110010010011111110100
1010111100110011100001011110100000010110010000010011001101000000001110011110001100101110100011111001000011110111010111110001100001000010100111011111111110111110101010010011101101000001011111011100011111101111110010100001001001000100110110001110101010100101110000000010000101111110
1110101011100110001100101101011101101111101011111000100010110010001000100111011111010011000011110011110000000010010100111010001101111001110101100101110111000110000000110110111000001000110110011011011001101010110011001011111110000000111001100010000001011111011010000101001011011010
1101011101001011100001100011110110101100011010111001100010111010101011111001011001010111111010011010101101111000000011010001011001111011011110100100101011010110011100110000110101000111111111101001011111001111101101111001111010001101111111101101111100101111011010000101001110101101
0110000010111111110111010111000010010111010100100000111010001011110110110001111110010010101101110100010010011100101011111000011010100000010011101001101111010101001101001100001000110110110110010101000110101111110100010101101101001110011011011010100011100101110100110101010011001000
0011101100001111000111000110111000001110000000110001101011101100101111010100010010010010011010000111111111101001011010001001010100100010001111010111001111100010110111000001110010101110111000110111000100101111111000000101111011101000101011111101001111100100001110001100000101100001
