1111110010110111101001000010110000000111100101111100100000000011110001101111011100010111010100111111100000110110010010011000111010000100011011111011100100011111010001011000111010000101001001
1001011101000100111000001110001000100111010100110011101001000001011100000000111111101100111110011100111111110111111001110101101100110111000011110000000001010110000110010011010000000100111011
1011010111001011001001111001011110010111001111101011010111011000010101001010110100111010010100111010110111001111011011001001101111101101101011001001010010001111100100110110111110010101110001
0100001001001101101101111011101110101111010101111000111011101111001111000110100011011011001110111010101001101110111000000100110001111011001110110101111100101010111011000000101011110111000001
1000100011001101000001000000111100110110011100101011010001011010011100010101111110100011011001101001111011001010011010111001010011111100011011010110100001010100010101101101101101111101010111
0110010011001000001110110011111110000111010110111111100111101101110111010011101000101101110001001101111111011110001110011111111001000111011010001010001010000101011010010001111001011001111010
0110011010101011001100010000000000010111110000011001011001011001100001000110010111110101111100011111111000101001011011011010111100011101001101011000000001111110001110100110101101011011010010
1010100111100110100101110101101000111101000111111010100100111101100100100111011010011000111101101011110100001101111101100010111111101001001101111000100111111001011100000011110011111111011110
1000111110111011011001101110011111111001010000110100000111011011001100000011100100111111110000110111110100111110110100010111100010011111011110110110010011001110110100101000110001101101010010
1011000010110010110111101010000101110100101111101001110111001101001010011000110010110011101001010111100111100111111010011001000010111101001111101110100101100010010111111101011111001111001110
0111101100111100011111111001110111011110001101011010011001111111000001010011001110010111110110101000111101011010110101010100011000011011100001001100110111001100111110110111100110010111010010
1001101101011101100011110000001111111110010110110011100111111101111100000100011011001111111101000100011011111111011010100100101010010010001011011110011001001001100100101101110010011111010101
1110101010010101011010001100010010000000101001001100001001000100011101110110111110110110111011100110111111100100100001100001110011110010101110001010000011101010011010010111011101010110101110
0110011110100111101101001010111101101011001010010111101111110011101000111011110100000101011101110011111101011101100001110100001110011010011011110011001110100110000100100110110100110101001010
0101001101111011010101110110111001011001011110110110101100101101100101111000010100110001101010111101100001000101110111000001110011011100101111110011011110110111110101000111110101111111011011
1010111101111110001011110101011001000101110100111110100100100000001000111001010001111110111110000111101110110000111001100111111111100010101010001011111001000111111010110110000011001111101010
1010110001011011110001101001111011110101000010011011011111110011110001111101011010000011101110110001100001110010111010100101001010101000001101011011000110111011100100101111110010001001110011
0010010011101100101000001010001010111000111011100101111111010001110101110111100111010010101101101100010010011100011011100010001111111011000101011101101001010000011110100101011011010101010100
0010110010001000101100101001011000011100111001110100000111111100000101011010010101111110110100001110011100001110001011101011100010111110101111101010111100011100001001100101001000111111101011
1110001101000001111000000111110101001111101010010010001001111101011110101100011010110001011011111111101110101000110111111101010010001011001011011101001011101111011110001010100011000100110001
1011000110011001110011110011101011100011001010010010100101111101110011110001000111011001001011011000110100001001011111011110110010001100100110101100111011001011000101100110011011001101111101
1100011100010001111111011111111011000011011110111111111111100100110000110010001010111001000000000100011011101101110000101010011011110111101011110111011010110010010101000101010101111111011111
1110011001010101110111011001100010100111111100111001001010000101100110100110001110110100100001100000111111011000110100000011011111100111010100111011001100001001110000000111001101011111010111
1100100010101001111111110110111011001010111001110111111011111011011101100100000001011100010100111011101110001001001001110001100010101010011011010011111000011011010111001101100001001110110001
1110011001000001100100111010110110111011000011101101001100011000100101111111001011000000110110111111111101011111110111001001101111111101101110101011011010011111010011001010101111001011100101
0001010010000011110010100110010111011010111100111111010110011010110000000000001011110110100100001100101100010111000101000011000000101111101111011010101100100111001110110000011101011111010110
1100110010011110010000110100101001011100110110000100011100011011101110010111100101111010000000001101101100010000011110101111001011011001111011101000100111011100011101111100010110101000110111
0010111110100110011000000010100101001101011000001101101100100101110100001100011111001111011111001111001111110000101010111100000101110101000001101110101011100101000010001011110100011011001101
0101000101101110011101100111101000111101101110001111011011110100011001000011101010111101111111001101000011010101111110011010110101010110101001011011011110010010111001111011011101101011110101
0110011111110011101010100001111000110111111001011100111110001010011000110101110110000100101101000001110111001101101010001110001001100001111100000001111111010001101011011001111010110101011110
0000100010000000011011110011101001001011010101100000111110000001010110101101111011111101111011001010000000110110001100010011110000101011110110110001001011010001100111110111010110111101010111
0101000011110001111010010111010111001100000011101010111010101011111111101111011011010011001100100010110110101101101111001111010100100010000011011111001110101100100110111101110011010001010011
0101110110000111100111000101111110010010100011010110011010101011000111010001101010001100000100110000110001011010011100011111101111110101101111100001110000011110011011111011111010011101101101
1101111010101110001100111100111000101011110000000111101001100111101101101101011100000111110001111011010111110001100110010000011100111100110001100100001101011010011110011110011101110011011101
1101111000110100101000110001110111110111000110010100111111111011001100100100011111110010100000000110001111001100100011101101011101101011101110001101000010001011100101110100010011110011001101
1001001110000110010111111111110000011100100010110110011101100011101011111110001111001001010001010111100111100111100101110011111000100110101011010010111001111111001111100111011011111111011010
1100100110101000100101010010101111010010001110010110111010010111111100011010001010111110010110111101011100101011001111000001001010011011011101011110000000110000001011100010100001100011011111
0111111111110110000111001100101100111111110110001101110010101010001110010111111111110101010011000000111001011110101111010001000111101001010010001111111111111110110010100111010011110010100000
1011010011001000110010101101110010001011111000001011001110000010110101011001101101011110001100010001010110110001000110111111000011011010000011110011011100101111110111000100110011111011001001
1011101101101110101001010111110100110011100001000101111101010001001110111000011101011110110001010010011111111110100111011000111010011000010000010111010001000010100000110111111111001111110000
1100110010111011101111110011011111011100100001110111101111111010011000110000101111011101001010100101101000001111011101111101010000100100111000101011011110011011010011011000010111111010111010
0000111010100010010011101101111011011111110010111010010111110111000111011010110101011011110111001111010000011010010110101011010111001111011000001111010010000000111010010111011101000010000010
0101001110010011000111011001110000100111001101110101111010110000011101001111111101111111110011111110101110000000100101011110010100100111110110110100010111010000001110111110111010001010101011
0001100010101110001010110101010100011100100001100101101011001101110011101011011110100100011111101111011010110101100111001000010101010111111110110101111110101110111001000101100110110011000100
0010110011000010011000101111111111001010011000101101011000010101101100010011101111111001111001111010001001010101010101010001110010111111111110011001000010110111111001001011011011100110010001
1100111101101110011001010001010110001101010100010101011100000110111001010101110011101101111111111100101110110110110101110101011101000110111001111001111110101010010001110101111111001110100110
1011001110000111111010010101110111111011100111011001000101011001011001010001001110010101111010011011110110110101000011110100001100100110111110010011001011010000100110111001101010110001011110
1000001001111101101111101001111100000100110000111011110011011001001000011011011000011000000110110101110011111000101111000001001111011100001100011100111100100100100110111100000010111110011111
0001100011101000110111011001111101011111000100011110111000110010001110110100101001100001111101100101111000101110111111011111100001000101011111110001001101010000101000010010101101111111111011
0010011101110110110011011010101010111110100000001011111111111010111101011110110001000110111001101011011100100110000111101110001001000110111100001010011000001110001001111100000111110100000010
0001110100111111111100010111011011011110000110011111101000101111000011011100010111001100010100000100110111110011010001101010110001110011110101111110011100001000010010010111011110001101011101
1100100101101111001000111110101110001000111111101001101100000100101001101101101000000100000001110110101011011111101101010100111110111111001000011001110001010100111111011011010111000101100011
0000000110110111101011100111101010110100111111000011110010100110011100111111101011100110000100110101101001001011101110101000110110110011110011011011010100110010001010011100001100010111000111
1010110100000111110001111001010011011000010100000000101001011111111011110100011101011001001010111100111010101000010111111000101101011110111001011101111100111010011010110111000110110111111111
0100111100001110001101011110111101000111110110001101011001110001110110101100100010000110011000100010111111111011100010100110101101010100100010011101110110110011000000110111000101011010000011
0100111101010101110001100100100011000011111100111011000100100110100111010001011011000010001001100111011001010001011101100100011111100011011110111110110111110010011001010100110000111110011101
1101110101011001001001101001110010001011010111100001101110100101111111101101011101011110110110000000011111110011110011111101001100010000000111000010010111100010111011111110111001000000101101
0001011010111111100101001010111011100011100100011110011110100011111101100010001110111000011001010110000101111011001100110111100101010001011101011111000101110100101011001000000100011111111010
1001110101101010111010011100010100100010110001010111010010110011011111001101100100110111111100101111110011101101101100000010001111011110100000101111101111011110111001100000110111010010010011
0110110101111110010101111011110010011011110111110000010010001101101111011111111011110000001000101011111011111110001010001100011011100010110111111110011011111001111101000001011101101001011100
1101110010100000011011101001100011011111101110000101010101100101110111000011001001110110101010101111010000000011111011000000011110110010111001010100101000010100011001110011111110011110101110
1100110001010010010111111100010111111000010101011100101000110110111011111100001110111011001101111011011110010100101111110001110101101111010100111100001101100110010010000111011110010001111001
1101010100001110001000100110000110010000101110010101001100001000011011101101101011111011000100011110100101010000000011010101110011111010100010110110001111111000011000011110110111001111110110
1101111110111111111001001100101001111000111010111011100011000001010100101010101100100110111001110110001010110110111100011010101101111111000110111111000100010100111101101101011100011110110010
1010101100011010011101110001111001110100011101010100100101111001110111110111000011111010110101000110100100100101101000101011111000011000110101100101001001010011111100110100101001111000110010
0001110110000100011111110111101101101011001001001010100100001001010111001000011101001101100010100001111110001010110000111101110011101001101110110011110000110111100100101111101011010101010111
0001110100000001010001100110111010110110111101101000101000100111111111110001011011000111101011110010110101101100110110100010001110110110010101101110011101101001010000101000101100010000010011
0101001110010111101001100110110110010001100011111010011111110000000011110100011000111111010011110010100110001010000101111011111110111110111111010110000111110101010111110011010111111110101111
0001001010010011111101001010111001110000110011000000000001111110011000010011011001010101000100000101101100110111011101100011001011011100001011001110111011001101000101111101111111110111100111
1011101100010110110111010100110100101011110000101010111001101111100011011001111000101111111100111111011010010001111010000100111100110111101110111101110111011110001110010001001010001010111110
0010110001010000111100100111101110011011111101111001000111100100001001001110001011110000101111001001001010100101000100000001110011110101100111111111111110000110001001101000011000101010111010
0010000011011101101110110101111001111001101011100101101011001110001000101111010111101000011010111111001110111110001111111000111010111011000011110000011111001110001001010001010100100011010110
1111111010111001100111110000110111100111110111000000110010110100011110101011001011111110101111011010101110111000101110111101111001001111110111111001111010110001001001111001000100001000001011
1001001001000111101001110110100010011111101110110011111111111011010011000001101001110101011100001101110011010010011111110101010101001101010000111010001110011011110110000010000110110111100111
0110111110010101000001110110111110110001000110110111101010111001101001011000101011100001110011110101011011110011110010010111010110110100111010110111011110110011100101011100000001100011011101
1100101110101011000001011011011100101001000010110100111110101011010111001111010110100110010100000111011111001010110001100100001110110111010101110011010111000011001110101111111100011010101000
1001011101001111101110100111001000001101011000010001011010101100110101011100110111000111111110110110001001001100000100110111111101001101010111011111100001011011100011101010100011101111110101
1001101100101111011110100101000111110110000000000011111000101011100010101001011001110010111011101010111101010110110111000011010101000001000010111101100011001111010110010000000011101101110110
0110110010101010101001010011001010101111111011010110000010110001000100111011001010101110111111100001101110011111111100111011010111110101110110000000101101010110001111110100100101101100001000
0101110011011101110011011001010000101001101110101100011110100111011011000000101101011100110101001100000010111011110100111010000000010000011101100110100100110001011011011111101000000000011111
1011111101110100101011111110101000000100001100110001001010110110111100000110111111101010001111111010110110110010110011100000111001110000100111100001010010011011000100101100110101011001101000
0000011000001111001011011010011110001111101100110000001110100101101011110101110110111000101010100110101001001101101000000111110100111011110001111000001110110101110001111111110111101100011111
1101111101010101011101110011001000111011001101100101101110000000110010001110111001100010110011001111101001110100000000011100110011111111100010101001000101101101000101101010010001111011110000
0010100001010000101100010111110100111001111100111010011100101011111001011010010011011000110111110110101110110000011110101011000111000100011101110000110011100110110010111000100110011101111010
1101010101101011011111100111001011111001100111011110111011010001111111011011011111110001010000010110101100111100110100100000110000010011011101110011000111111000110010110010000010000101111110
1000101111001010111100111110111100101011010100011100000011110001011001011101101101101110110100100011111011111101010010001101110111100110001001100111111100111110101110111001111111100000001010
0100100001000100001011000100011101110111000111000110011001100101101111100100100001011100010001011010100111001101100101110111110111100001000100111010110111100101101010101010101010100111000011
0110011110101001011100111001101000000110111000111110100111111011110010100100100010010111101100110111000000001011011101101110100111111010000000100101110010111010111000111010010100011111011111
1011101111110111000010010110011111101100111111110111111011010100101010001110010111000001100010000000010110101010011110010100011011111110111111010101110011111001001101001010011111010010011100
1001101000101001101000001110010100001111111111100100001010011111011001100100101111001101010110011011010100010001101000111000101100100011000011011000101011110111101111011111111010101010111000
1101011100110011001101001111001101110110111101110101111111011100001010111100111111010011011101111011010001001010010101011010000011110000111010011100000101011110111011010110110110010111111101
1001100011010101000101011111001101101010111110110010110000010100101101100010111110101111100000110111100101011101101111111111011101101101011000010101111010001010101111111010110000000111000000
0011111101000100010101001000000010011011010110001111000001110100100001000010111010110110101011100111010110100011101010011010110111010110011111011011110011101000101110000011101011010110110011
1010011011111001000101110101101000010001110111111110110011101110110000101101101000000100010001111110011010110100111001001110010011111011101110101110001101101001011101101000101100110110111110
1101001111100011100111011111010110101100010100010110000010001011101111000110101011110111101011111010010000101000011111001100001111110000101000000110001010010110100001111010101101010111100000
0011010000000010101000000000000111100100000010001010010110011110110001011101100011101100101110001101110010110111100101111111110001110111111101110110100001100101111111110100011000011011110010
0001111110110010000001100001100111001010100011110001111110011001000111011110001100100100101110111010100110111101001101110000010101011001011110111011110110010110011000001100001110000110010111
0111110111001100100110110001111000011110010110001111111011001100011010110011011000111010000010101011010111110111111100111101011000100111010101101100001111001011101010001011110011010011010101
0011101111100100001011101001011000001011111100111111000111100011110011111111010110011100010011110110101101010011010100010111111110010100101101110110010011101101010110110011011100101010101000
0110110011111111001111111111101001100101111011011111000011001110100000110111101010111001111000100111011101010010001101100000100111001010111101100000010011110101010000010110110100011111101100
