011101111101011000110110111110010101000011100101000011101111111100011001101110000101000111010000110101110011001010001111
111010111100111010000011100011010111110110100111111001010111111101001011111000101011101111110011001011111000000000000110
111100110100111111001111011101111101101010010001110000100001100010001111010001011101000101011011100011011111111110110010
101000110110011111110101000000101101000110010111000101010011111011100111111100101101111001101011011100010111010011111101
111111100111001100110110011001001100111011101000111101011100111001100000100010010111111101101111101010110010110101111100
111001101011110001100010110101100001101010101011000111011001111001101001100110011001010110011101100011010000101111110000
101001001011011010110111111110110010001000110010100111010001001100110010110111111101100110011101110101001111000000111111
111110100101011111011010111111011110111110111110111111011010110110100101001000100001001100111110100101101001110000000001
000100010101101001110110010110010111010111110011010111000111111111100101111000101000110101101111001100101011011110011101
001000011110000000110100101100101110001000011011110110100011001010111011000100111011111111111110111100010101101110011011
111100010111011001010001111101010111010000010100100110001001010100111100001111100011001010001000110001011111001100011011
111100011001111001010100100111000101111101001010101111101101101010101111011001100101010100001000011000101101100011100011
111101100011100110110011001110110111100011110010110111001011011000001111011011100101001101001000011110101100011101101100
010011111011100111000010011011101110100000100101100011011110111111101000010000000100111011101010000111111100000010111011
101011000111010001111001101011111111010001101001010101111010111111110000110100000100111111100011000110001001110000101101
010100000101110100100001111111011010100010101100111000111011001111011101101010111000110100010101110001000100011101011001
010110010101010111101001111011110011011001110000011100011100101000001110011101010101100111011000001111101001000011011011
101101011110000011100111001111111111100001100100000110111110111001110110101011010111111001110001110001111000101100011111
001010010110001001000111011001010011010001111010100001110000111101000110111100100001011110011000010001101111001111111111
101010010111110011101000011101010111110110100111110010100000110111000110001101110110011110011010011110110111110010111100
010111010010010011101011010111011101110000001110110100010100000111011000001100010101101010101010100000111111111000011111
011101011110101101011001110111101101010111110100011000101000111000100011110001011100100010010110101000010010000110101011
110001001011101010011110101000010101101111101100011111110111011101001111010011100110100110110110111110110000011011100011
000011011010100110011100001011110111001111110110011110100011000001001110111101110000100011111011101010000010110110101100
011011011100010001000000011100110110100110100011011110101011011011111001100110001110110111111100110111101011001101000101
011101001101001110101011101001101011111010101110011010100111111101111000000000100101110011101100101000100110000101011010
001001111110001101111111100100001001111011011110100011010110001001111100000110000001100101101011110101110100010101011001
110001111111001100000111011110011111110000101110010101000010111110101101110000110111110110101011000100001001101001111001
100111001100001000011000100111100101111000101011000110011011110010101110111001111110001111100000110000111100001011101000
111010101111011001010010101100101000001010100110110011010101011111011011110000111000011110101001010100111000111111110111
010011001011100011010000000110000001111110110110001010111010011101000101000010100011010001100011100111111101110110110011
000111101100110011100101100111101010101010100010011010111010111110010011001111101001011110010001111111110110110101111000
011011010101010010111111111010001011101001011111000101010011110101110110010000001111110101101001001001011111011011111000
001100111111001110001000101111110101110101011000101011011011011011101110100011100001010010110101111110100001101000101111
101111010001011100110101110010100011101000101001110110011010000101001101100001000011101111100111000010001101101011010110
111011011000001001101111000110001110101010100000110001011010101100110101011111011100100111000110100101100111111110000001
100111101001110000010100101001011010000101111101000100100111111100100100110111111110111001110100100001110011110100001111
010101011101000001101011110101101110100011110100100101000011101111111100101111000001000100011110111010101001000000101111
100001111011111110011011000011010010011001101110010101110100011110011010011101000010010001010100101111101010000101011101
010001101100000111000111111100101000101000001101111101010111110101110010001100111111000110011110000111001001100110101001
101110110010001010000111000111100111010100111101000111111110010101101011110011011010000101111001011111011110100110010100
101110000110111111111111111100011010111100001000011011000100111011111010110001000100000001100110101000101101010001101011
001001011111011001001101010000011100111000001011000111110110011110011111111001000011011011100110010111100000011000010010
111100011010010110110001000001111111111111110001000100010011001001111111110011001100100101101100111000111111010111100011
011001001101101101111111010010101100000100010110101001101011010000101010100001111110100001000100110100101111011100011110
001001111011011000011011101111011001101100110111101110000001101000000111010110001111100011111101000001001110111000110111
100010110011000110101110000111010101111101001111011110111110110100010110110011011011000010110101110011110011100011110100
011101111011100101011110111010100011101101101100101101101010111100001000101011110000100111110011111100100101110111110101
101011100011111100100010111110010100111011000110110101110111000101010000010100100101010111011110000001000000110111110010
010100100101011000110101111011100011010011010001010001110101111110011100011111010101111100111001100100101101010111101100
110101111011000100111111001110100100110011100110000100001111000110001011101100100001011010111110000001011111011100101101
100001000100011000100100001100001011011101011010101111010110011110101110110110011010010101111000101000011110001000111011
001000010011110110011111111011000001001000010001000011001011111110110110101110101011111011110111101100001110001001001110
101110100011000111111100111010010111100011010100001101010010110111010101100111011001000001111100100111111001011111011100
101111010100011101011011100101011011000111010010100000010101111111110000111100101011001111111000110100011100010011101000
011100001001011101110111001110111101011111101100111010110111110100100010010111101001101110010111100001000101011101100110
011110100000111000111011100001000111011110100101011111011100100111101001000011011100011001000111110100100000101000101001
000111010101010011111000000000101010111010010101000011011110111011110111111001100010001101110000101001101011110001011000
110101010101011110101100000011100011101111000010001000111001001011010110110001101101100010011001111001100100111101100111
111001110011100100111100001101111101111000111011110111110110010010111000111000111111111101110010011100000101010110000101
111000000011110011101000110111100001001011010001001111000011011010000111111010011010011011011111001101100001011010101100
000011010011000011111011001111101101000010011110100010111011000000001000101110101110110000011100101000111101001111101100
000101111110000010100111101101010111101011000110101011110010010110110001111001010110110101101001100011110010110001000101
111100000001010111111110001001111011011010100100101100010011111010110110101110001110001001010011011111000101101111011100
110000101011110100001011101111110001111010100001001111000111111001001111001110011111111110110011010110101101100111100000
011011001011010110101110010110100011001111110100100011100111011011111110100101010000101011111111101011101010100011111011
010101011111100011001000011110011000101101110001011100101010011110000100100110110010001011001010100110111011101100101110
001000101110011000001111101010101011000011010011110111000001011100111101100100101110001001101110110110111001110001000011
110000001101101111111011000110001110111011100111000111101101111011111100010000111011010101010110111011011000110001110110
110110110100000110010110110001111010001100001010001111100011111010011011110000111110101011111011000011110001101111101110
011110010111000111110010101101101101001011100101111010110010010000111100011010011001110101100110111101100001011011000011
110111011100011011100001011100100001110000010011100011000110100011010101010101100111110111111011111111100111110110111000
010011101101110110110100111100001101010110011101111100010101110101101011101001011110011111111001000011111000001000001011
001101010111000011110011110000011101110010110001110111111000111000111011101011011001110001011100001011100001001010000001
010111011001010011000011111001010011101101001010101101111010010100111011011001001100110011101110000110011111001111011011
100011001110011011010011010110100010111001111100011100101110011111111010100111101011011100011111100000101100010110011101
010110000111101100000110010110110100101000001111001010001111110011101001101001111100111001001011100010101111000110100000
011010011011001111110001111100001110010101011101011000110101010011001001100101011100111110010111110001011010011010011110
101110000010001101011111010101111010001000101010010111101001111100111010110100110100101110100001101001001110100111101001
000111010101010000101111000000100111111011011101101101101100001101100101111001101101101111011100101100011100101100001011
011100010001010011111111110100001001111001011011111110000011001101011001100100011001010101101111010110010100111010001110
111000001001010110000001110101101101011110100010100111101100001101110100011010000110111111101000001111111010111001100001
101111010101010001110110110011011110000011100010110011100010011101011010001101110111110011111101011111000110001101101011
110111100111100000110000011000110101110101111000110111001111110110101001001100010011101101000110100100110111111101001101
110100001010010111111100110000000001111001001111000110111011101011111110010011110100001000010101010100001010011001101010
010111110000111011111111111011101001110111011001010011000100000110110111110001001111011010111110011100011001010011111000
101100111111010101101111011111110100110010011010011101100110000000111001001110000010101001111111011101100111111011101101
110110000100100001100101001111010100100101100111010001110111010011011111101000110110011001110100110101111001010101111000
000011011011001101100111011010001011101110101110010101100100111101100001001110101110110110000110100011001110111011011000
011001100011001110001011100000110010011011001001101010100111001111101011111110011100101001001001011111110111000001100000
011000010100100010110001000111101100010111010001011101011111011111111100011111011101111100000111010101011101001111011011
010000011110111110111101101101110100011011100110111100011000100011000110110101010100100111011001000000100111001010001001
101111110010101011001101100010100011001001010010101001110101100110001100101001011011101101111101100000001101000111111100
011001111001010111011011101001110010110011111110011001110011110001110101011011111001110010000111000000111111111000000101
101010001101001000111101110001101101000001101101010111110010000111000111011101000010111111000100111010011111011000110000
101011001101100001011000001100110111000100110010111111010100101101101110011001001000100011111111000011100001011110110111
111110101001110101011100001110111100111110110010110010010110101011111000110110010110011001110001010111010011000111010100
010101111010101101000010110011101111001100111111001101101111001000010111010110001100110010101001110110100010100010101110
010011010111011001111101010011011110000100011111111001011100011011101000110010011111011000110111010010111100110010110010
100110101100111011010111111110101101011100000011000111110000011111110001010100111100100111011110001010111111000000110011
