11100000001111111000100111100110010011000110010110001101011100100110111010011010110101110110010010100110001110
00111011101100011001000011100110110010000011000100111110101000011001010101011110100101111110001110100001110100
10110111000001011010000101101111110001110011011010111001100011111110111000100011100111110100110111001111100111
00011001100101011110110110110001010100110111011011001001111101100011000001110110111010110110000001111001001000
10111000010011000100100011101101100111110101100111010110101001100111111111010000101110001000110001011111010010
11111001110010110101110111001010010111111110110011000001110010011111011001000001111010110101011011101010111101
10111100010111011001000000000000101101110101100100001100011011000001010111011111111000101001110111001110101110
01001100010000011101000000000011101111111111001100100001111000111000110101111111111101111001000011010001111110
11000111101011001101010110010010101100010110110011111111111111101000110100011101011011000010100101011011011011
00100101010110101101110011101010100011000000101100101110010010011000011010111110000010011101110011101011101111
00100111101001101000110001110000101110010100111001010111000001101110011111111000101100110110111010000111000110
11111101101011000100011100110001110101011111001110011010110010101001000111001110011101011011110101000101111010
11001001111101100011100001101001001100011110000100101111000011110001000001110000011101001111110110111001011101
01111000011110111010011011100110111111110011110101010110110110001000011001110010111011011010100101100111011101
00111100101010101010110111101101000010111100111000010111000110101011111100101011010011100101011011010011010111
01110100100111001111111101000000101110011110100100101011100110110000011011101110010011100010000111111110101111
00101010111001110010001010000111001101100101010010110110111010000111101111110111111111110100001001100111100110
01101010011000110110110101110011101111011111111001111100100110111001110011001100011111010010101000000110011111
00010010011010000110000011101111100111001011001111010111110010000111011010100101111001010010011011100101111101
01110101011100110010111001101101101010011001011111111100110100010000101101001110110011110001000010111111011100
01100101011111101001101001101100100110100010101100000001000000010111101110011001111001000011011011100111011111
10111101111110001000000001000100100001011001001011110111101101101110011111011001001010001011100010111100101100
01111010111100011010111011111011001010010010001101011010101010101100001100011111001100010111101011001010001110
01100001110000100100000011100111101111111111010110101000000100010110000011111010111011011101010111110110000000
11110010110101110101101110101010011000000110110110010100110111000001110101111010111010111010010001111001111001
01010010011110011110110011010100110011110111110011000111011100000011111010111100100000100100001011011111101010
00000111101110111011110110101011000010000101100101000001001001000000010111101101110011011111001110110101001110
10111100110011010100100111100111100101101110010111110100011111110111010001101111110001110000110011100110000111
11010100010010010000111111011010100111101011100101100111011100001010111111010111100101110111000111100001101111
10010010101011011001011011001001010101010111111101111100111011010101100010000010110111011110100011111111100110
11100010100010001000110110110100011011111100001000010010111001001101110100010100100110101111100011110101110100
11010110110110100100011001000100010010011111111110101100010100111100111010000010001011100101110011010101011010
10011001100100011111110010000110111100011111110111111001001101101111111011100110010000101001001111100001101111
11110010110111100111111111111110001110111001001100000101010001010100010111011011010000010110011011111101101011
00110101000011000101111011101100001101111010111101101110000011101110110010111000011001011100100001001111010001
00100011111000111000011001101000100011111000001011101011001010110111100010000011101001111110001101111010011110
00010011110011101100111111101011001100011010101010100010100111000111110111000001011111011001101101110000100011
00101101111000101110111011010010011111100011011010110111000011100111110100011100111011010001110101111111101010
01011000000111101011011111010110010000111101001100000100011001110111000000110010011111110111010010011110010010
01100111010010111011110100000111100101011000001100110100111010011111000010011100100010111111111001100011101101
00111110011100101111100110110110010110011111011011110001101001101001000111010101010011111100001110110001010101
11011111111011001000001111010101111001001101101110100000010011111100101110010111010010100010010101010111000100
00100101110010011110100010011011110111110100010000110111100101111000100011001001110101100001001010101110100100
01110101000011111011011011111111110010100111001001101111100011100111101110011111010110111110000000100000111001
01010101101001001010110111111011101001010001011101000100011110111001001111000111010011011101011010000111111011
00110101010111011000100001001111110101010000001111111000010100100110010101010101011101010111101110000111101010
11010111000101101001101100100110101001011010110011000000101110111111110011010001100111011001010111001111100100
10000000110111001110011111110011011000110010010011011110100111010100111110111100110100110011001111111111110011
01100011111111100000010010110101101010010000001010001110110101011001010011011101101001001010110110101111011110
01011010001011110110011111011110000110010111110011101111100111101001100010010110000011011101100111100010111011
01100101110100011000100111001101111110110100011100100000011110010000011100011011001011000010011101000101011111
11001000010001011101100111111001101000110000010101001010110010011111111111011011001110110001111101000010111001
11100101111101111111101100111111011100011101101001000010101010111010000001011000110100111010011000010001011011
01110110111110010110100100100111001011010100100110101000011101000101101100111101110110101111010101010011001011
10111111000100111001010011010001010010110100100111101101010000011001000101101000011100111111110110100001111010
11101001111111111000111000111101100010111001011111111001001110011100000010001100110100101110110111001100111001
01001111111001110111111001100111111010111101101110011101111011110100010010110010100110100110000110100100010000
00111111110100111001011100001111100000110111011101111010110011011111110111010001110000100101010001011011111100
11000101101100111001101111111011111101010010101100001001000000110010001101101101111000110001111100100010111010
01110111101000101110101101110100011110011110010001101001100110111000010100101001001111011000011100011000111000
01101001101111001000101101101011011101000110011011000101110011010010111001101111110011111100100001010011111100
10001011011101001000111010111111100110000100000010001011001100111001111110011010011001010111111000110111001001
00001011111011100001110111101110000101111011001100111111101110101111011111010011111001100001101000111000010110
00101110001000101011001101100010101100101111111010100101101001101100110110101010000111011101101010001010001011
10101111111111101111110100101100000011011111010100111001000010011111001001111110100001110001100110001100110110
01111110111101100100110011001001011001011111110010100110100010001100001010101111100010110000111010001010101010
11101000100010111000010110111111000100101010111011110101111101111110100011101110111100111110011110011000010101
00010010110110101001101100011010111101111110111001000011011000111000000111111001101011001100001000010100111101
00100101100001001000011110111110110101101101110100101011101110010111100100000100011111100110000110000001111111
11010100011110111101011011010100001110010100110010110100101011101011011110010000101011010110111100110011011110
00010010100011100110100111110111100011011001101100010110011100110100001000010010001110011001111101111010100111
01001100000000101010011001101111010100101010000011100110110111110011110101110000010101101111001010110110101101
00011110010010110011000110111100111110110101100111001111111110001101000111011110100010110111101001111011111000
01001000001001000110010111010000000101001111111011011010011011010111110000111010110011110101001111101100001001
10011000101111010101010000100011011100101001001001001100001011011010001001101101111001110010011110101001110011
11000101100111001011000011101000101001101111111010110010011011101101101011110010000010111111010101101000001101
10000111110010110101101101111010011101111101110010100001000010001011010001010111101110011101011100001110111101
01110110101110001100001011111110011111111101011111101010001010000011010100101101001001010011001000111001100100
10000111010110110101011001001001101101101101110010010101000000001000011110100111111110011101000000101001111101
10111001011010110101011010000110000001000001110001100111100100110011100010111111010010001101110011111011111100
11011111000010010111111010101000100010001001110110111010000110110100100011101001010011101010111011101010011000
01010100111111101011101010010011011111000100110111110110111111010101100011100010110100110110010111110111010100
01010001110111110101101110110001001000100111011010011100101101111101001100010110111000001000100101111110011110
10001101001010110001110001101010001111000001001011111011111110111001111111011101111010111001110101011000011100
11010011001000001001001101010100000001011010111111001111111001111101011101000101000011001001100110101010110001
10110011010101100010111101001101100011010000001000101101110110101001110111001010001001111100010010111110110111
11110111110111111110100111010000100100101000010101101110101100000100000011011100010111110111000101000101101100
00111101110111010010000111101001111011111010111011110101100100011111001001110110010011101001111100111001000111
01010110101111011100011111010000110101010011100000110101000010111101110111110111110010100001001111011111010110
11001101000111011110000110110111101101100011000110011111110001111101110110111111010000110101111001010001110100
01001111011100011101111111110011101111011000111001001000101011011110010111111010001010101000011111000110010011
00110110111010001100110010001101111110011110011100000101000100101001001111101010110011011101011101110101101001
00110100010010000000000101001110111111100101100011001100010111100000011010010111110001010011011110011111101011
11100011101101100110000110110100111011001110010100110101110110111011000010101000110111000100011101100100111011
01011011101000110100101100111101111101101111110010100011111100111100110100111101011001101110110000000011111101
00000000001101110100010000010110000111000101110111110110010111110101110100111011000000001011010011111011111011
01001010101011110111000011111110000100000011111111101010011100001100011000100101100100101001100101100001011011
10011111010001000011010111111110110010001100000011011010111010100111010111111111101001011100110111011011111010
10111010011101111011101001011110011101000101100100101001111111111111110011111000101010100101010011000101101011
10000100001011101010010111101001111101111111111111111011110011010100101000001010000100011011001001101101110010
