1011000100000101010111000101101101111111100000001111110001000101101110110001100111110111101010101001
1110111011101101101101000010111111010110000011001110001101001010101010111111010001110100010111101010
0001111000111011110100111111111011111000110001010011101000001011100110101000000001111001011111010100
1001111111110011000011011111000100111111111000101110010111000001011000110101011110100000110011011011
0110111001010011011010001111011010010111111101011011011000000100000001011111001111110101110001110110
0110011110111000111110010010101001010111000110011000011111110100101001101011101100100110111100110000
0101111000100110100011001111001010001101101100111110110111100100110101101110101111111110011000100110
0101001011010110001001000011000011100000111100111110110111101001011110011010100101100010011111101011
0010001010010010101110100100100011111101111100111000110001110000011011011111100100110010101110101000
1001100001001011001100011011101010000110101001111100100010111111011110010001011111000110110011001000
0000001110110100111000101011110111101011111000011001011100110101111110010011000010101011101100100100
0101101110001110101000100101111111110010011001110101101101110011101010000001111100100100011010100001
0011111111000110000111010100100101101010101110101010001010101001101110011010011110111101110111110111
1110000010011100011001110110000000001011111111011101000001011110011101100111110110000011000010101010
1000110000011101000110010111100010110100011101101001100101001111111110001101100111000111100110101100
1011011101101111010100010110000010000101111100110011000100011111001001011111100000101110011101110001
1000011011101101001010110111101011000011011011101001011111100111000101100000110111001011011111110011
0100011111000011001111111011010001001001111000010001001011011010111101000101110011011011100101001011
1101100101101111110010000100010111111000011011111101011101010011011011101100001100111001001011111111
1111100101010011110010111110111001101011001110111101010010101100111110100000101111000101010010010111
0111000110111011010111100111110110011011010101100100100100000001110010111001110101111011111100001011
0001111011011100101001001000010010101110101010001101111110000110111101110101011000111000111011011110
0100000011000101101101011011101111111101011101111100001111110011101101010001111000101000101111101011
0010110101111011001110110010111000000011100100000110010011011110110111010000011000101101100110111011
1011110101100110111101101111011001111100010010100111111000011110000110111010011001110001011010010101
0011110001001101111110011000001111111001101010001010110101001011110011110100110110100111001111010010
1101100011111010111111010111100111101000100011000101000000010111100101000010101101001111110010010001
0111100011111100011011111111111011111000001001101001011011111000100100110010010111011010110001101000
0110100100111011111101001100111111100011010101111110011011010001000100110100011000011110111110111001
0110110100111101010101101101111000110111001110110101010110101100010010101101110110100000000111011010
0110011110111111000110110000100010011011100110011110101101001101011001111010100001101010110010100110
1101100001101101011111110100010100010110011011010101001000011011010100101001111010001100010000110111
1110100001000010110001111101111011110110100101001010101001100010110101001110101101111101011111010100
0010100101000111111001110000110101001010011010101001100100101111111111110111011111101101000001110101
1000100110011011111000010011110100010011011111010110010011111000100010001101111001101011101011101011
0011010101111110011000111111011101010100011100110100000101010101110100101100001110010011101101011100
0010110011101000000101111111011000110110001011110010011010000111100101010001110011110110011111010100
0111111111101101011011100110100000101101011100001011100011001101100011101010100011111011000011111011
1011001111001110101101011110101100011010011011001110011001100011111100011111110001010000000001011111
1111000010011011110001110000011100010011111000111111001010000100010100110011101111001110001010000110
1100111100010101001010110001101110011011011111010011010011100011000110110000101111101100000100000100
1001011111110110110111100111011100111101100111001011011000111011011001010110111001000101011001101001
1001011111110010000100111100001011110111011111111111100001001101111101000100010111010111000111011001
1011010101110101100110111111100011010110110001111110110001110000000000010110101010001011101010000001
0010111111011100010001011010111011110011100011100001001101101111111000110100110011011110011111101110
1001100000010100000111000100110110110001100101001011101100111100111100111001000011101110011101001101
1000011100110001101101101011100101101000010000100111110000011101110000111101100011010100111011001011
0111101101100010011000100110111111100100100110001101111100001111110011000100101010000101000101101011
0001000011000011111000101000111010100111101111001110100101010101101011111100110001001011100011011110
0110101011010100111011111011001111000000111010100110011110100101011111101000011111011110011100111110
0011000111110100100101011101111100010010001101110001111011110010011010000110011111110101010100011010
0001111111100110101101001001110000100101100101011001100001101101101010111110101011110110111111111010
1111111111100101011111110001010111010101001000001100011001011111011011000011011011100000101010111101
0100010011110001100011111110100110011000110010001101100111000110010100110001001111110111011010100000
1010001110110011101110000101111111111101000010110001111000100110010011101010110111001111110010011010
1010011111010000100010101010101100101001000010110111101110101010110000110000011101010111010111101110
0010111100000101100000111100001001001001100010011111110111111010111110110011010110101111100101111111
1110001110101100110011111001011011101000111011100100001100111101111001110111100101000010101100001111
1011011000110100110010101010011011011101011101011101110001001101101101101101011011110111110010000011
0110001100111110100011101111110110111101100100110100000010111110110010111000000011110001101110101111
0010011100110101101001111001100010001111101011011100001001001101101001110011111010100011110101111101
0110101110011000010110010000111011011010000011011100000011010010010111010101010001011111111110100001
0001101101100011010111101011110110110110111110010001000011100111111001010010000010110010111001000111
0110111011110101001111010110011000101110111110010011101110010001011000011101101000110100111011010000
1000001001100010111111100010010010011101110110100011101010110000100010111111100101111101111101111101
1011110111100110011111010010100110011110011111010101100101111001110001001100111100110100111111000101
1101110100001100001110001111110110110100001010110101111001010000111001111110101000101100100110101110
0010101111010110010011010101110110011101100001000101111011011101100100000110110100100110000110101110
0010000110001101011010110110010101011011110111001011111010100110101110000011100111110111001011111011
1010001110011111110000000110010101100101011100001011101011001111110101011100110101101001011110001101
0100111000010000001010111011011011110100100110101111001111011110101110100111111011010110101000010001
1101100000111001110100101001100000110111110011001011000111011101110100111111111100111101010111011000
1101001000001000111111000011110111011111110111011101101000100000010101100111011010111001110011110011
1010100011101111011110101111101101000111110111011001111100110010110000111000010110011100000110101110
0011101001010100011001001101010111111011111001101110101100011110111011000100111001010000110110000111
0101010001011010100111011111110000010111010101111010101011110111100011000010001010111100001011100011
0010111100101110011101101001111110100111001011011111100101100101100100100001100001101111111100110000
1101110110111100100111101001011011001110100101110110010001010101110000101100111101001000101110100111
0101011000001111111111011101101001101010010110010110011001000010001011110111111101010011110110010011
1010000000110111001001111111110101110101000001111011111000001011101101101010101101011010110110011110
0001100001011011110101110110000011001100100001010110011111011000100110111100011011011111000110111111
0110101001111011101110010111110010000010001110111100100100101010101110101111000001111010010110111101
1100110101101111001011100101011001111000011011010000010110010011101111000100011001110000101001101100
1010110000000100011001101010111111000011101111100101001101110111100101101110100110110001110010110010
0101100110111011011110000100110100011000010010000011111100011101101010010000101110101011011011111001
1000001100111010100101000101010110011100111101110101010011101111100101110111011011111111010001010111
1101111000000010111110110011111011000101011001100101110000100100111111111001101101001100100011001110
0111001110010111101011011101111101111110010110101011110001101010111001110111111100101001001100001000
1110101011000111110011001110111100111110001100110110110011011100101101011010001001011100000000111100
1011001111011101110100011010100001010110111010010100011011100011101001000111101010101100011010110000
0100110000101110101010101011011010000111011111010100011111111011110000001001001111110011100101010010
1001111100011110101100011100110001101111000110111111001100101101100011100100011110011000001011110010
1111110000001111100001111001101110001001010001101110100101011111101111000011010110000001111101010100
0100010010100100100111111100100000101110111001000111011111001101100100111001111001111101110000001111
1101111110101010100111111010001011010100010100101101110000010001111110001001111110010110101101011100
0111111011101011111000011011101011010100100111101100111010010011011011001101110100000001110110101111
1011110001010110001001110001001100100011000111110010001110011101010001111011011010000010010110110101
0101101010111101001010011001010100101100101000010111110100111000011001011001011110100011001101000011
0101001111001110010111111011011010010101000111100111100011001011010001100000111101100011100110100101
1111011010111100011010011100111011111111001010001111100001011101001100001101101011000011000010100001
