01000100101010101111110110110011101010100110111110011011010000001011010010010011011000011111010100001001000011101001010111111011011001110001001101011100101111010100110101010000010110010011111100111110
01100101111110110010100111001111110100001010011000110011100111100011011101101101110101010010100001101001011100111100101100110001011111010110000111111100110110000110011011001010110011000111000111111111
10010111100101110010000110010011011000000011010111100001000100000011111011011101111011110110110110011011011000110011101000101000000101001101110101100001101111010111101100001011111011111010001000001110
10011111011001011001000011100101111000100111110101110100011010011100101001101011001010100001101101011111001000100100010101100011000010010001011100001110101101000111100011101110101100100010111001110010
01100000111001101011000110100111100001111000011001100010110111001011101011100101001000011101011001001000011101000010110100000010110101010011001111001111001011110001011101001101010111110000110110010110
10110011111001001100101111001111001011011110001010110101000001101101100010110110011100000111111100100100001111100100001001111111001111011100100110000111001011110110010100100110101001001001010010010000
10110110001111001100101001111101011001100000000111010100100001011111010001100001001111110111111000001111000101001001001100000101111100110110010111101111011101110100001011010011111111011001110001101011
01010010011111010101101101101001011000010101001010111101111111110000100110011000001110001011110100110011001110110101011011001000011110001001111100110011101010111001010111101001011101011110010100000001
01000000100111001011010100110101011000101000110111011001111010000111110100111101010011010010001000010011101100100010010101111101101101111000000011101000011111011101100011110001000111000110111110100011
11100111010001011011001000001010011100100110001101100110100100010100010100101010110111101000000101110101110101010001011010101111101011000010100010000000101011101011110111010111111110000100100011111010
10100110100101011100010110001100100011000111011011110110111101100101001010100111000000000100101011011111100110011100101110011110010111000101010111100100101001100010011010010110110110010010100111000001
10101011110000100101101000110011111010001100111000100010100110011100111101011011110110111011000100110111111010000001011000110111100110100111111000111001110111110111001101110110100100011101110100100110
10100001111111001101011101100010111000001000100110111100101110100001010110010110110100101001001100100010101011111101001110110101001101111000110000100011101101111111011011111011101101111100111010101110
00010000001001110001110111111111011011111000000110101011001011000101011001100010100100010001100110101011101111101111100100000111110100100000010011010100111100110011101110101010011101100001101111100101
10000111010110011000101001111111010000001001011011110000011010101011010111001000011010110100111111011010111111100010110011110010111110100100100101111111100101100100101010000110111100000100100101111111
01011111101011010111100010010100011010011111010101001110110101111110000110001011101010111101101110000010111111101001000111010011111111110111110011001111111111010100101000100110011100101101010000001101
10001000000101011011111101100000101011011001101101001111100110011000010011101111000001101101000011101111011101110111101011001111001001111110101000111111011100111011010111010111010101110111011110010010
01100110110111000111110110010010100010011101110011101100001110011110101100001110110001011100010000110100110001100001000001101101101011000010110100110101111101111110000011111010111101001001001101000000
01000000110110111111110100010100111000010101011101000011101011100011111101110001011101111110110111011000111000000101011010001110111001001101111000011000110001001001101111011110010010100111001110111100
11011001010010111111011100010101001110101110111101111010110101011110001101110110110100111000011010111101110110011111111111011000000010111110111001011001100001010111100011101011011011010011100010111000
11111101010111101111001001110000101110011010011000101100101111110010000111111100011011010101100010111010110001011111101000011000101010011111100101010100100001111011101011100111111100011001011111111110
11011001111101000011010101110111111101110011101011001001010111111011001000110110101001001111110001110101011101101011111111100110010100111100001111101000010111110110101000000110000011101001011110110110
11100101101001101101001111011111111110000011101000001100101010011011001110101001011111110101101101101110100100000100100101110011100010100011000110011111111000100010100111100110101100011011111000010110
10111110011100000100000001010100101001110011001100011011000011001011011111010100011111111110101100100100110110111000100111100001011000100110100000111100010110101000111010110001110111110100100111111101
01001101001100011101001001101100111100000010001100011001111101000010011100101100111100100011100110000111000111110111110010100001001110110010000110110001010110010100011111000111011011101110111001110000
01110101100101101111010011010011110100101100001001100101010110111011000111001010110101101001111001111010001110101101111011000111111101100111110011101010000111110101001000110111100110000110010110100111
01000100100111110110010011110100101101111111101011100101000000111000110011101110111010000010010101101101000011011010111001011111011011111010001111001100011110111101011011010010001110111110010011011000
11100011111000001110000001010001011111111101000010000111000011101001011100101100001010111110100101101010110000110000111011010011110011101011100101011000010010101111110001101100111010011011111111111100
11110000100110100101101000010100110010101111011011010111111111110110100100101011011001110110100110101111110010110101111110011111011011101010101011011001011110101000011000110111100011100100001101101111
00010010110010101011000101110111110001011101100011000100111101110110100101010101010110100111011011101010101001000100110111101101110101001000001101100100100010100101011111100000100001111000010101010111
01100001001111101110000111101011100001110100100111111001101100011010000101110110001001011111001011000100010100101010000011001010100111011110110010100110011100111000010011011111001100000111111000100101
01101111001110111001001011110101010011110101110110101000111110111000011011110101011111001000011110111001111101010111111000001100111110000110111010100101110101010111010101011001110011001000101111110111
00111101011110011101100000111101011111100010010110101000100100011011110011011111010001100110010010101010111101001001111100010110110111111101000101100111110010000110100110010101110110100101010110000000
10110100111000001011110110111001100100000011011000110011001001101111011111110010010011100000101001010111011111110011010011001110110101100101010011111011010011000010100001110010001111110011111011000101
01000101001001001111001011010011101000001010001000001010101101110010011101001100100110000001101100001111100010010110110110011101110000110011011101111111001001100100111111101010100101000100101001111111
01111101101001101001000111010011111100111111101011111010011001100100110011111000010010110001111111000000111100101100010100001011001011010010101110000100000100110110001001010100101101011010100111001000
11010010111101101110000001111111101011110111010011010111111011110001001101001111100100111110000010011111111000100010001110010010000100010110001111001010010100101010000010011110110111011000111101010001
11100001111001010100111111011100010011100100011110101010110011101001000101000001111000110010101011101000110010010111000110101011111011010111010101110010110100100111110010110001001001100111101110011010
11010011100000101010100111011110001101011101110110110111000100011001010110101011011001011110011111110111000011001001011101000110011111110100010000000000000010110111111011000111110000010000111001100111
00100101101110110100101101110110110001100101101101111010110010111110011011011000010110111011100010100010011000110101110010011110010100010111011010011000101000010111111001011011110110000010001111100101
10100011100111111110010110110010101100010000101000100101110101111101110001001100100101011000111110111110010111001101100011010101100000011111011010111001010000100011101111101111011011011001100011110011
10111111110101000011001110111110101110100010100000101111111110100111000111011001001001010011100000110111111011010010100000011100000001001111000001100101001111000100111001111110001100001101110110010100
10110001010001001010111101111000110000100001101011010100011011100010101011011101101100110000100000110100100100111100001110011100010010011101100010101101111111110011001011100111100000000101100110111110
11011011110101000111111001100111010011110101111111100000001011001101100110100101011000010111011000100110010101001000001101011001000011011110011110100001010101010111010110101011111100001110000010111101
11101011010101100100001100001001000010000110001011101110011111011111001100001110010001011011010100110000001110111010010111101010001100101110101101010100100011010010010111011110010110010000111011011101
11011010010011101001101001101110101111111111101010100010001010011100001001001100010111111101111110101011110011000011011110111001000000000011000111110010001111010101011100100010010110001110011010101001
10101011111101011110100000111111101101101001110111100101110000101001010111001111001111001001011001010100111010100101101110001011111101001010101010001101011110010111110110110111001110101011101110100011
00100110100111000011000011110110010100101111100001011100000100011100101010001110011110110010011100111101111011110011110111010011110111101111011101011111111110110101101000011111000110111111111110101001
10000110101110111010001010011111010111101011011101100101011100010011101000010101000001011101101111111000011110001001011011110011001111111111010111010100001100111101001111011000111011011011011110001101
11001010110111111011111000001011110101011001110001110101000000010101110010010110111111010000111011011010011001011111111101101111101001101011101101001111111100010011111000001111111010000001100011011111
01110010100011010000111111101011010001101101110111010110011111100011011101110111100111011111110011001011001011000011011111011011011001011010101011001111110110001100101000111011000010101110001010100010
10010111011111101111011110111100100111010101000100111000100001100111101111110010110000010111000110100010001111010011100111001100111101101010010000011010001110110110001100010101010001101011111111100000
11101010100110100101101000110111110001101010111110001000000010110100010010000111111110110111011110110111011000101001101000001110101110111110011001011001010100001111000110101110100111110001000011011101
01100011101000000101100101100100110101111001001110111010011000111001010111100001110011010011010000001011111110110000110101001111110111111010000101100000110111111101010101110011011100100110010000010010
01111000000110011101111011110010100011101110010010110110100010011010110100111111110010111111100111101001111101101101000101011101110101000101111111100001010111100101101000010111001001010010011111111100
01101110110100111000110101001011111010100011101111010111110111000111001001111110010010011000010101010111110010110000000000101011101101000111011101111110111001110000000011001101100101100010010001001110
11100110001110100110110111010110111111111110101001011110111101000000100011000000111111100111000001100100110100101101111111001001110001001011001111110000100101100011000101010000011100101001001110001100
10111001111111110010000011101011011110101011110011010110001111111110110111101001111100100111111101101111000101111011010101010000110010011011101000011000111110110100010001001001110110100011010011000110
10000110011111011110101100010011000000010001111110001010010010110110100100011101101010100010001001110100010001100011100011000100111111100111001111001110110011111010100100011011011101000110110101000010
10000011000110000100100011001011110110010100010100011001010111101101100010011111000111101100011111111001110101000001011001011101110110011010001111100100110010010110000110110010001111110110000111101101
11101011010100010101101011000011111010101100111100101011101110111101010101001000110001100001011111011001101111111101111000000110000101100101111010110001001001010111011010100110001010000010111110000010
11011101011101110110011101011110101111111010111010000100111010101111110100001111010111011000100111101001100111000010011111000101110001101110011111011000010111101011110011000100100101011011011000100101
11100111111010100111011001100101010101001100100000010011110100011101010111110101011101111111100011101111010100001110001111111101111101011110011000011011101111001111100111001010100110100110111111011000
01100111101001011000010101100110011011100001111111111100110001111100010111101110010001100001011100011010001011011101100100001000101110111110101101011011101001101111100111101101111111010011000001000011
10011111101011111001011101101010110111011000001011010000010111110101111010010111110111101001111011100011111101111101110011110100100000111101010010111010110110100000001011101011111110101101000111001110
11111110001010001011100100010011110100101100111101100100110110001100111101011101011001100000001110001011111010001111111110010000000100001001100101011000110101110101110100111011111100001010000111110000
00110101101001111011101011010011110100100100110110111010100100011111010100001000111011010101011010010010000000100100111110001001010101111010011111110010110101110000101110011101111101000001110110010011
11101100101010010111000100100000111011111111111010100111111110100001010011011000100011010100101110001001110111000110000010010111000110011001011110000011110111011001100001001110001111001000111010111101
10011010110011000010100100101110000000110011011001100010111110010111111000010111100111100011010001111100001111100000011100101010111010100011111000101001011101110111011100110011110111111001101011100001
01000110100010100011110110010110110110111001100010100101000111001010011101011000011111111111111101110101010100101011011011011111111010111111110110110111101001110110111001100100111100011011000011110100
01110100011011111111110000110100100111101000100101101101100110110110110100101110110110111101000011101010010111101010101011110000011110000111010110100000010101001111101110000111101101000011010010110111
00011101000011010011110110000001010010110011110001010010110011000101101101010011010011101000011001111110000000011111101101110101011011111001101111000100111111100111111100011110111100011101101110011111
01110101011101011100011101111110110010010001000010110111110000000111110101011111011101111001010100110011011101010010000110110000010100011111111110110111010110011101110001001010010101010100110010010111
00001100110011001110101010000101001010010001101101011110011111101011101011111001011100100111000100110001111001010000011010000110111100101000101010110111011001101110001110111111110100000111100000010010
01111100110001101011101010100111110100001010101011111101101101101101110110110001000010110101110000111111010111111100010111110111101001001110110110100000011011101101100010101100001111110101101100011011
11111001010101001000110110111100100001101110011111110001101101011100110110011011100011100011001101100001011101100100110001101000001111110110110100011101001011011010110110101110111101110111110010111100
01011100100101111011010101100110101001010101000001110011000000011011100101100011010111000001011011111111111011011010000001010010000101011111110110000101110001010101100001001011110100000011110111100101
10000011001111011100111111001000100111100010000110010100110110010011101100001111100101111001110011110010010001101111001111111110101101001100011111111100110010111101100010011000001111101011100110100100
01010110110101110000011110000101100010000110111101100010011001011100111100000111111000111010001011111101000110001011100010011001010111011110111110111011111001100000100110110000110000101001010001001100
01010101001111110111100101101000101001100001101011101001101101010111111111100011000000011110011111100110011011001101111111111111100001110011011001101111001000111100111010110101110111110001011100010001
00001100101000110001000110110010101100111110100010101001111101100001101101011011111100101100111101110111010100010010011011111101111001011011010001111100110001010011111111011001010110111101110101110011
00011000001100011010000010111000111101111011001101100101000100111100101100000100111101101100100111110100110111000011010110111011100111000110110001111110001000100111001100110110110110000001000110101110
10111001010010101101011110110111000111101100110011100001000011000111111100010111111000101101100001100010101111001000011001000111101111000111011111010001000101000111000010011000001110110101101111001101
10111101101010011110110101100111011001000010111110011101111111011000111100111001001111110011011010000101110011100010001000111001000101100001011110010000000100010110101011111111100001101100001010000001
11111001100100001110010101111110111000001101101010100101110101011101110111110100101101111001001001001100001101100101110001110001010011000100001011111010111011101100111011001011010001010110010111011100
00000011101111010111010111101010001100101010111111010011011111100010101111101011101101010101010101011100010010000001110001110001001000010100111001001011000110011000110101110100011101000100101101010001
01100011010110111101110110011001001100010111110110011101111011001100101011010110011111111011000011110001111011111001110000110010000011011110110001011111010110111001111110011011111100011100010010010100
01111100101100010111110111111000111110000111110100111001011100000110010010100010110100001000010101011100011011001000001101010100001010001000011100101011111111110010100111110110100101010110101110111001
01010001011101001001101100000111110010011010001101100101000110000100011100010110001101110001100111110111110100011100011111001011010011101110101110011110101000111111101110110101111011100000000001000110
11111111110011110010101110000000110111100101011000011110000101111000111001100010010111101101000010100001001110101001111100101010110101111010110110101011101110000100011001011100000101000111111100011011
11000101101001111001101111000011010111010101011101001101001101111001011110000001011100100011100101011000110101011011001110000100100100011111111011000111111000101011111001101001111101000010101011100111
11011010110100000111101011110101111100111111101100010111110100010000010001001101001010000111011100111100001000111010001110001011010111100110001100001001111011101000101000011111111001101101001111001110
01010010001100011011001110110110001100110001010111101000111111101111110111100011011011110100000000011111011111100110010010110011110011001011100101010010000000110110111101111011001011000001100101010110
00111100011010101011100001010110001111110000111110100100110111101100000001110000111010011100011000000100100001000011111110101010101111101000001110111110001000111011101001100111000010011011110101110110
11000100010110100111001110100010001100111001001010010001100111101111010001101111111110111011110110100101010100101000000001010111011011100000100110011011111011111110100011101000100110001100111011111010
11111011111100000110100100111010100001110000001111110011001111111100000101011100000011101111010011100100111001111011101110011000000001101101011011000010101010010100100010111000001010011101101011110101
10110111010011000110010110111110001001110011011111001001011100101010011100000111010111111011011011011110011000111101011001000010110110011110111110000000001010011000000011111110111111100101111011001100
10101010011010111111001111101010101011010110100111010110100011110111010001010100010101000111101101000000000110001100011011110100000000000001100011010101100110100010111110111111001001011011110011111111
10100011101100110011001001101000111101110110001111011011011110001101000101000111010110011110001000101110011111101110010011110001010001101000101011011111001011111111101101111100001111110000101101101010
11101100111011110110111110101001000110001110101101110100010100111001101111100111010010101101111110011111001010101100101100100011110000110101110100111001000001100101011011000101001001100101111101000110
