011101011110011101111011100110110101000110110111001100011101100111101111100001110101011100101101101011111011110111111100011110101100011100100111000110100001100001000001011001001111
101000111111101011001001111100101010110011010101101110010100110101101001001110100101111111101001001111101011001110000101010001010111101000111011000011000010010100010001100110110111
011010010101101001110010110011110101111111010010110110101011111100001000001100011100001100000111100111100011000111011111111110001011111010101100000001000111101001010010100011011011
000000010110000000111111011111111011111011111100001111000010010111111100111100011111000001010011100110101110111110110011000111011100110111111001001110111010011100110100100011100110
111000100000111100101001010011110011101110000100100001000011011101111011110110111001110011100001111110001010011100110101111100110111011101100111111001001000000001000000111011100001
110000101101111000111111100010111000100011110111111101101011111011101011000010111111001110001001111101001011010111110000110111000000101010000111010111001111000010001000101000101100
101010111100110000111011101010101110001011110000101001001011011010010011101000010001101000110010010111111100011011010111011011110000101110100010110000111010011010011011001110111000
011001001111000011110101111111111001011110000010111001100101011100110010101101110011100001010010010011011111000110101010011101111101010101110111110010101101111110110111100110101111
001001011011110001110110011010000100111101000011111010110011011000110100000011111011101000110111011101111101110001011101101110000000001001001001010010010111011010110000001001101001
011011111111001011010000111110001010001000111111001110011101111101010100111010110111111011110100011001010101010011111110011101101011111011001000010011101110011001011100101101100010
001111110111101010101111110111101010100111001001100111110110111011001101010111101111001010011011001001000010101110110111000001100001011101011001100110101101100011000101101101100110
011001110011110100110011101000101101000111011110110100010100110111010101010101001100110011001101011001111100000101000011101111110100100010000001101110011110110010111101011000001110
110110010001011111001110101010011011001010101000011010010011100000110001010110001101101111101000000110101011001101010111101011100110011010000010010111100000010011000101110001111101
011000110111110100001000101011011011000111000101010001100000100110110011111000111011011110111110100110111100011000111111110011000000100001110000010100110101011011111100111010011011
111101110100100010110000001011100000011111011000110010110011000100010101001100101001010010010000101110010001110011101001011000010111110100111110011111001101010110011100010101111101
101101000100111101111100011101111111001011011010000111001001001111110001001111011101101111011000010110010111100011010101010011111000010001111111101111111100110100101010101100010101
101101110010111110101110111101001011111110011000001111000000011111100101110011111110111001001011001100111111011010110011100100111010111110010010110011001000111011101100011101010110
010001000111001000000110110001011100111111111011010100100110011110111000011001101111101111110010111100001001110111110101100001011000100100111101111110110101001011100001010110000100
011101010110111001010101101011101100010111100111100100010101111101010100101111100001111101101111000001010101110100111110110110100100000000110000010000111110011100100000110100000101
010010101000110010111110011110011010101110100111011111111101010011000100101000100111111011111011010111101010101101110100110110011100111001100001001110010010010100101001100011111101
100110101100011010100011000000110010111001101100110110111110110110101000111111000001011111001011010101111111010110010011111101111100010001011110101101100100001100111001101011110010
010110011000101111001101001111011100001000111010010011111010011010101000101001110101010111010011001101001100010111111011111100010010011010011010001100011110011101100010101111110001
010010100111110001011001010011110010101111101001110011001110111110011011101010111010101001000011110110010010001011010111011111100001110101111011100111001000100011000101100111001011
111001101111001110000110010001001011011010001000101100011011001110010011001001011001011100111100110000010101100111111011111001111100000111101110101111010100101110111100100111111011
111001010101101011001001101011001111101101110001101101011100001100101110111111010001110111111011001101000000000010100011100110111010000101011110110010010011011001001010111011111100
000011001010110100100100001000110111100100101110011101001010001011101110110010101110010100001101110111110111010010001101101011000101101001010111110000110100000011100111010101000101
101111001011100010100011001100100010111101110000100011010101101110111001010111101100001110000000101010011110000100111000101100100101100111100001111011101111010010001111101011100100
011010111111101110110101011011110010011001110010110011101101110100011111111001000100010100000010101000011101010011100011000111101011000110001010011010100101010100111011111101001110
101111011111100101000101111001011101010000001011011011111111111110010001001011101111100100000111011100010011001101110011001111111101101010111110101110011110001001011110101110010010
010011101110001100101100111011101010001110010011100010111010110110100111000011100110100111110110100110011111101101111010011111111100101000011011011100000010100110111001100000000101
000100101110111111000011001000110100011101101011100011100111110001110111011000001111110100111101001000011111001110011110110110000001111000001101001011111100110010111001111100010111
111001010010011000111011111010110110101011011010010010010111011010101111111100110001101011101010100001101110100110101010111100000011011110110110011001111110011101010011011011111100
101110001101100110100110011001101100010011100001100111101111110101001110010000000100010110101001100110011010110101010110001011000011010010010000001000111010110101111110011110001110
111001001111000011111000101110101110100110001111111101000101100110010111001110111000101111101010001011001101010000110111010010100111100111011100110010010101000110101001000010101110
011011100111111001010101111110111001000011001000101101011101110011111011100111010110011001011110010000000110110011010100100010111000100110010111000111101111101100111010001111000110
111100110001011000111010111110011101111111001000111101001100000001010111000011001010011011111010111011010101100110111101100111000001010011010001011111000010000000111100110010011101
010110111100100110001011001101001011101110011001000101110111110011011100111010001000001011001010001100011100111011111100001100110001001010011010001101110111111111110000110101100111
010111101110010110101001100111101101110110110011101001011110001111100110010110001101110100000100011101110101110100100010011101111101001110110111011110110100101000111101101010101100
001100100000101101110110100111001110110111100111010011101011101111000011111111001111010110100000111100111001010010011010110100100100010100111000011010101101110100011001000010101011
000110001011111100001101100110010100000001000110101100111101111001010100010011100111101100100100011111110010111000111000000011000111010010100111000101111110011010001111011000100110
001111100000010110000011011100011101001111100000101000011001000101100001101100011001101001001001001110111111011111101111111101110101110111001011000111101100001001001101100000000110
101001001001011100111101001010010000110101001100111110010011111010011001011111101110001111111101000010101111001000100110001111110011111010001001000101111001010001010001000110001101
010101011011110001010010110110110100010001000110000110100110110110011101110010011011000110001111011010010100011100110001010110111111111010011101100110010010010110110011011111110100
100100111111001111010011111110001100110101111011001111110100110111110100100010110111110111101110111010110001000001000001000011111001110100101011111011011100010101100010010111010001
001110000001101110110000100100001000001011101001101000100101110111111100111000010111010110101001110001110100011110110011001110000110111011001101110110111100001011011011011000110000
111110111011100010010010011111111110110100000110111011110001110100110011001110100110111101000010010011101000111101101101110111010101100100111100010010010111000001111110100111111111
111100101111101100101001110111101010101011010111010110011001010000000101000011111110100100010011000111110010110010100100110101011111011011101101010001111101010010001110111001111101
010110111111100010001110011000010110000001001001111110010011110011110101101011100001000110101101100110001001101001101111001101010011010000101110111101001111110101110111011111000100
101010110011110000000110011111110111011110110010000011110011010000011101111000110101101100101111111011101000001100110101100000011010001100110111110000111101111000000001001100110000
000101110001010111111110000110001110000010000011110000110110001110011100111101101011011001110100111000111000011101101101110101110100110110110001100001100000111111110111101110101011
000110000011010110101100001000111111010000101100101011111111110110111100111010100100111111111100111101111010011110110000111100110010110010111101000010100110001111100110101011111101
001111110001001111010110110101101100111001011010001010101101101110001001011010111100101011101101010111110001010100001101010100000000000110001101111111011100101001000111011001101101
001011000100111111000001001111111111101011110101110010101011111111101001011001101001000001001100000110010101101100100100111110100111101001111011001010010001000100011101000101001001
011001111110000111011110010010101110011100001011010100010000111000000011011011011011111101111110101101101110111101001100001010011101001001011000100110101110101100001111010011001001
011010111011011010101101100011001001110111100010110110111110011101100111110011011000110000000111100010111110011011001111011110011111001011011000100001010111001010110111101011110111
101001011101000101011110101000101100101101011010111011001101001011100110111001100010100110010110111011000110111000101111010011100011111101000110111100110010101100000001100111101110
000111101100000010111001100010011101011001111100100001000000001001011000000101111110111010011100110110110111011110110010111111010011111010111010011001010110110001000111010000000011
000111110001111000101101011101111011111110110010101001101010110011001000000011011111111101001011000010110011010011011011101011111100101110000100110011111111011001011000111010001001
100101111011011001100001011110100010010000101000000001001010101111100000110001101110010111110001110000111011010110111010001101110001011000000111011100101101000111101100111110001110
101010010101000110011011010111010101001110111111010110011011111101111110100000111111110101101011110000100111110100111101100100010101100111010110010011101011111000101110111111001001
010110001011011010000100111101001111010110100111111100011100101101100111011100010110011001101010100101011001100101001110001111100100100011101110011111110001000000110101011010110101
000110101001111011111000100100111001101011111000111010101101100111110110011011111011011101011011000111110010101101110111010000000100010010111101100111111011011101011010000110111011
010001001100101100111101011110101010111111100100111001001111100110110011011111100100100110010001001011100101110111101001011011100010000001110110101100100001001101001000011101000110
111110011101101111111001110110101111110111011101001001011111010010011000000100000101111111000011110101110011011111011110001101000101111111000110110011100011101101011010010101011010
100111101101101010110111011110111101110110011011100110101111011000110000110110010001100011100010011110111000001101101011110001110111000010111110100110110010100101011001111110011100
011010011101101110101101011000000000011111010100011110100110100100101100010100001001011101001110011101011010010110010111111101101011001111000011000111110101011100100110000111110010
011001110111101110011011111010101111001110100111100110001000011010111011011011110110010000000110111110111011110010101011100010111010110001110010010111101100000101011010110100000000
110000001110100101100111010100100001100001101010001011010101101011010101111100010100000100101011111110011001100010101010100011101011001001001101110000010011111100111000101011101111
110011010100110111110101110110110001001101000111110001110111000111010110111110011101111011111000001100100101011011000010010000101011000111110111101110010100100000001100000000010010
100101110011110010010000100000110111111100110101100001010000100011111011110000101011110010110110000110111100111001011111010110110110010111000011100011001111101111010101010111011101
110110001111101001100011100110001010001100101110011001001111100101101101110110101101010110001010001101011000110010011011110101100110100101110010010010001101110110100001100100000000
011110111110011011110110111001000111101101001011001010110110101101111011111010010001100111001011111001001110101111111001110000111100111011110010101111000111111000110000110101000100
011111010101100100111011100111111100111011110011011011101101111111000000111010011110011000100101100110010100100001001101110001011011100100001101000110011000101100100000110010000011
010011001001101111101100001110010001100010101000100011001110001100011011111110011101001100010110011011100011111111111110000111111011110101111001011110110010101010101110110110100001
011101100001001001111100000000110000101010011011011111101111101011110110010111010000010001001111110010100010101111101100011100111010110110001100001111011001111001110011100000110101
110001000000011111010010111111000110111101010001110101100001001101101001011011100011110000111111010101111111110111100100010001110010101101101101110111111110011010011011010110110000
100010011100000111101011101001110000101111001111010101101011001010010111111101100101100111101100111100100010011011111000001000110100011101101011110110111111110001100111111110010000
011111110011111101011000101101100010100110101101011000110000000111000110100010110101110010111010111000100010001011101111100011101111011010101001001010111011000010111010111101011111
110011010010010001011011001111111111000111101011000011010101100011001101100000000111000110100110101001000011100001101000100100100101011011001110001010011011100101101111111001101110
111110111011011000001010000110110101111010001011101101001111001010010000100001101110110011001001101000100010010101100001111011010011101000000100111101010100110110001111010111110100
110010000110110010001000100100110010101001011100111011010111010011011000011101101010101011101101001111110011101000110111001011110010011001000111010000001010011111011010111001101101
110110010011011101001100100111100001110010111101101110100110011100011101101101110000111110111001110100010001110000111111011011110100111111110010111011010101010110110001110100001101
100110100111101000101011110101110010111001011010001001000011010011001100111111011001111000001001101011100110010110100110111001000011000110110110001010000010010111001111010010010001
111001011111001011110110001110111100001111001111011001000101011000001001101101100100000110100111011001110001000000101010100100010110100110101101101101011011111100110111111111101010
000001111110000100110110101000110010001110000101101110100011111111001001100010111111110010101111111101111111101010111001010100011100111110111101001000110100111111100011100111111110
010011011001000100100011110100100000011011011001011011111111000000101011010101110010111111100111011111011111001010011101111011111010010001000110011011111111001111110111010110111000
110110111110000101110011101101111111011111010111000110000001110001111000001000111000000011001110111011010100111000111001101110110010101101010110110110111111010000000011111001110111
101100011011000010011100011101010100011011111101111010110111100111000100111110111111100111001110101011000101101110000001000010101010111110111100110011110001100110101110011110111101
010111011101100111001110100010001111101111000001011011111100110001011100101101001101101010001011101111001110001011111100000110101111000110100111100100110001110101011101110011100111
010011001001001010111100101100010110010010000111101010100111011010011011001101011100010101010110100110010011110101000111101100111111101110101000111000111001110101010000001111111100
110101101100111110000000101001110100010110111110011100001111111110000111100111100001000111011011111111011110011110010100100000001110011111011000001101110110111110000111100011111000
011101011001011011001001011001001100011111011101100110000111111001110100011111000100011001001100101011011101000101111000111001110010011101110101110010011111111110101000111100010100
111100100111010010101101000000110100101101011001000110111100110111101011000101110001010000111101110100111000001101100101111110011001000110110110100100110111111100111100000100001000
100011110010001001111100111110100110011111001011101010110100110011100101011010101010011100000011101000010110001000111001110011101111011110111100001111011100101110010111110010010011
011011100110000000001010011111010000011011101011100100011001011101101011101110001000111001100011100011101000100100110011010110011001100110001101011001101011000101011110011011011000
110000101011101111010001001100101011111100000010001101001101110100111010100110100110000101101000111000101010100000001110110010000000011100100011111111111110010001010000101111111111
011100000010110101111111100111011100110001101001110010100100011010111100010101011101011111101011011111111111001011101001011110100111111111111101100001100001100111100110110100111000
111000100111101011000000100111110110001010010011010110111110110011110101111101110100011010000000011001010010111010101110101111000100101111110110100101101011010101111011101111001010
101110010101011000111001101100100101001101110010010011010010001001011101001000100101111100101101011111111100111100100101110010110110011110110111100010100110100110110111101101010101
000111010110111011010000111010011001000110101001111001100111110110101011011000110011010100100101011011001111001111011010010111111111110110000010000011011111110101101101110000001101
