01100011111010001011000110111111111011100010111011111001011010001100101101110111111001011111011110011111110101011100001010011110101100011110101001100101100111100100101011011100010101101111100101010000111111101111111010001001010001101110011100001000011011010110011111101111100011010011011011000111001110110001111000011010011011100000100100001000101101101011100100110101010001001001111110001011010110000101011111001001010011011011111100011100001100100001110010010000110111
01111100111100100010010110100000001111010000101110010111110110101011111101110011010101110101100111101111010100001100010010111100010101001111000000010110110000011101100001100111100010100000001011000100001101100110101110011111111101010011111111100000011010110110101000110000101110001101101011001000101111111101001111010110010010110010001111010111101011111101100011001011111110001101010001000111000101010110000011101001001011100101101100111101101101000000101001110001011011
11010000000001101000110100011101101001001001111001110011100000001100000110111000110101111111011000000101001101011010001110111010111110110000100001001001111011100000100110010110101001111010101011001010001100111111100101101101110000111000100001110111000101000100100010011110101111111111110101011011111101010010001001110101000011110101110101110010011001010110111001001111001110110101101001011000011100001110001110010110110110011010101111000011001101111000110111101111010011
01011111110111001110011010101001100101110100001001000011001100100000001110000111011000111010001011000001111011111011111001011111001111111011100010011111010011011101110100000010011010010111010111101010000100110110110010111100010101010000100011110100001000110000101000010101110011011101001111110100111010110000011111111101011110010110111010010111000100011101011101000001001111101101100111010101011010010110011111111101010010000001011101100011111010100011001000000100101000
10110111100111101111010001111010111111111101011111110101100000111001010110100110011110101101110110101001111011010110100011011001011011101001100110111101011011001111111110011100111011110101111111101011010000100001110101000000101100101111100001110101101101101110011001010100011011111001111000101011101010010000110011110111111001001000110101001111000100101111101111001001111001111010101110110100101001001111111010001011011001000001010000010000000011101111010100000001010111
11111111111101111110010101000001100001100010110010110101001100001001110111111111001100111011111110101111000001100000011101100111010010011010101111010001011101010011011110000011000111101011110100101000000110110111011111000110110101100111110100110100100011001110101111111011011101100001010011100010010001011001100111100111000000001100001101010111100001101000110110100111111011110011011100001110101110011010111000001010100010000110000011111110101110100011010111111001001111
10100010100111101100011000110001111001000111011110001100010000100000011110011011011001011101000011111010110111010011001001001100010011111101110010111001011000111101101110001110001110100111100101111001111100100011111011100000100110101011110100011100101011100001101101100000001100101111111101010001110110111110000101001000011110101111111101111101010010111101110110000100000101110100000111100001100111000110101110100001111011010000111010111010100100000111110110001101010010
01101010111011011001101000001101001111001000110111110110100001010010000000101101001001001010010010111000001010110010111101110000001011011010110110111101011011001100100101000101110011010011011101110011101011011101011111000001011000110111110110111011000111100100101011011111010110111000110001000011001111111011000001100010011111100111011110111011001001101011110100101010111101011101111111000001101001011110001001110111111001101000101000011001011000011101010110000100010010
10001110100010011110010010010110111110100101001101101000001111011010101110101101101001111101100011110101011011111100001000111001100110100100101000000110001010011111100000011011111110001111111010110110111100110111100100001001100100101111101010010111111001001111010010000101010101110100001110111000001101001100010100111110011010111111001000010111101001110111100010100011001101010111001101001000001000011111001101101010111111001110101101000111101111010110101011011101111110
11101000100010011000100100001011010010101110110011000111111000111100101001110001111101111001010011001100100001101010111010011101100110011101100110000100111100011001101110100111111010100001100110110001000100001000001011111101100100101000111000110111000110001111100011001011110110111011001111101100001000110000010101001100000011000010111000101110111101000100010111110101001111110111100101100000111010010110111011000111111101110111011101101011100010001101101001000010001101
11110001100111000001110010000111110101111110101001001110111011100101111111101100010101000101011111011011000001111011001001101100011100111101100110001011000101101111111011001111100101010001001100101101110110001010101101001111100110011001011111110100001110000111101001001110101111000110010000101011100111000011101001010110011111110111111001101101001011011101101111010001101100111000000110100001000100011110011111101001101111110010100010110011010000110001010001110111010010
00100010101011000001011010000101000110001001111000110000101101101010110011101110101010100011100011000011000000001111101001111110010000101011111101011110001011001011101000010000111110010101011010110110011111100011011011110000100110011011011100110101101100011100010001100110010100101000000011111101000000010110111111001000010101001110000010101101010110001000010111111011110010111101001010001110111100110011001011110010000100101111001110110001010011111000010010001011101111
01110100111111011001110100011010010010011001001101001110110101100101101011101101101000001110101000011011010111100100110001110010000000110101000010111011101100001000011010111101011011100111010100111110110101110100011001110011100011001010000100001011011111100011101011010010100011101101101010011000100111100101101011001100001001110111111001011001100011111010001010011110001011011010100001111011001010110011010000101110110110000110110011001001010000100110101110101011111001
01111000111010001101010001001111000101111111001011000101110110100011111010100110011010101111100111011110001110001101111010010110101110010011001011111010111101100100001001011111010111101101111000100111101010100010111111000101100101010111101000011111011001000110010000111111101110101101111010010011110111111110100011101100111011100000011110101110011011011100111000010010111001110000101010110010111111100111001011000011100100111111110000100110111000011011101001011010111001
00000100111010000101111101000001011101101111101101111111000000010000101110000100010101000101101011110101101010000100011101001101111011000010111101010011001110111001001010000100111111101100001000010101100111100000111011111001000001100111111101001111111100111110000010010111010001101011101111110101101010011101001111101000100010111001110110101111100010100111110101011110111011011011100101010100100001100110111111100110100111001011011000110000011000101111000100010011011101
00100110010101011100110011011100011011100100011110111011101111111001110010100011100101111111010110001100110100101001100011001110100101100110011011000010000010110001110001101010110111011001110010000000000110010010111101101101001011111011000101110111111111001010001101110100011000111101100000111100100110011100000100111111101100100110011000101011011011011001101011100110100110101101111010010100100010110100001001010101000000110111010101101000001011010011000000110010011110
10100010111100010101011101110100110001011110011111010101010101010111010100000010111111110100000010110011111111110001001100100011101101111011100101100111001010110011001001000001100000000001010011101011101100010011011111110110101111010111001110011110010101111011000011110011100100110101111011111101111010111101010101010000100111111000110001011010101100000000101011010010101111100100100110001110010111111101010111101111001011101010111010110101111011001100101011101110100101
10100110011001110111011000011100110111001111110111110001010100110111110110001111111111110100111111011110110101011001110100001000100110101111010111110001111000111111011001110110111010100110011110110101000101111001100001111100001111010010010001100100010010110101111100100000111010110111101100110111111101111011111101101010111101010000111001011001010100001100110101101010010011001100011110111100101101111001001010010111111011001110010011010111100011110111111010111001111101
00101101010101101111110010101110000100001111010110011010110111000100111010000100111000100100011010111000110000100010010111001111000110011111111110100001110011010111001111111111000101011110100100111111110010001000110000101111100110000011101100111010110110010101011101110011101100101010101011100011100111000000111011010011111001011110000000101111000110101000011000000010001111000100000010010100011000110001111101110010010100111011110010011101100001110010111011010110101100
01011100100101101010010110010111110011011010100110100000000010011010111010011000101010100001100111110010111101011101001001000000011111100101101001100111001000111101111011100000100101100110110111111101010100011011000100110001011111010100110001100011101010110000110010100101000011110011110010011100001100001010000111100110000001011101000101011010111111000110110110110000101000000010001010011111011111110010110110110001010111110101111110010011111011001011101110110000000001
01010001000101011110001100111001101100110111111110001000010111110011011000101111001011100001011111000010111011001011100011110101010010001010100110111000011110111111101001000111011011111011101110001111010011101111111111110111101000010001011111100010111000101001111101110110001100001111011011101100100011011011001110101010000101110110011011110101010110100000001110010001010101101100010010011111001001110011011010101100111010011110101111111011101001001011111100010111111110
00001101001110001011101111100000010000011111010001111010111100011010110100011011010001010010010011111100100010001011010111011100010110000000111010111101110011000000001011100001010011000101101001011000100111011000111000010101101111011111101011100110100010010101001110101010111011000011101101011110111011000010101010001100011110110010100010101011100110100101111110001001010100111011111101001000011101100100110110010000010001000110110000011110111110000101010000100011101101
11010111000110111110000111110011111101100100000110101100110011010011111001110001011110111010101101011011010111000110101100110110101010011100000010111110001110111111011011011011101101001010111001101111000011000011011001100101001010101101111111110101111011010110010001111000100100010100011011100101001010110001111111000101111100101100010111010010100011010101101110001111111011101010000110110101110001111000110011100111000011000010101111111100000100111111011111101010101000
11001101101101011000100101010010100111010001111100011010000101111110100100110101111010110011110011000111101010110101111111010001100111010110011100001101111100001101110001110010111111111001010011110101110111001001110010101110010001011110100011110100111011110110001010100100110001101010101001001111010101001101010001001000111001011010010101110111000111101101010001010010110001101111111011010011100100001000101101101110111011011011100110001110101111010001110011110101100111
11111011010011110010001001101111111111101001010001101011100001101011110101000110110100100010000101111011101100110001111111110010111011000000101100001101111000101110111111100110101100011001001000010010011000101000001011010101010001011010001010101110000110100110111110000110111001110011010010001000011000011111100011011001110000101011011011001000010000111001110101001011101111001000101001110001010100010010010010010001000101000010111000011001001001100011111111001001110010
01110011000110000111100111110011110111010101100010000001000010010101110110010100110110111011010101110001111001011110010110010010110011101011101100001110101000111000011010101111011100100011001111010111111111001010111111110111101110111111010101011110011011010100111011010111001101010110010011111000001101111100101011101111110011011001100100011110101011111111011110101101011101100110100100110100011010100001011011001101011110010000111111011111100111101011111111011110110111
10100111001000010001011111001010001000110001100001100111010001011101001000100101111010010010101111110010111001001111110110001100111101111110101011011110011101000000111001000000011110110011010111101010000110111000101101111010011000011001011101010110000110110001011000001101111101111101011111000101101011000111011111111000110100111101011011110111101110010010100001110101000101011110011100010111010111011001111110011101011110001101101010100010110010011101101101000011101010
00000111100111111101100110111100111000011111010001101110111101111111000011010011111001111100001010110111010010101000111010100100000111111111100001001101000111011001100101010011100010001011100111000010000101100101000010111100101011001011110110100101101101000010010000001001000001101111001001110101110111111011111000110010101010001100111001111011110111110111111101111111110111010110000111111001110111001001110111101110111011111100011110110101101010000011111101101111101111
11100111100101111011101010000111011001001001100110011111101110101000010101011001001011000101010111011000101100110001010111100010111100011101101100110110101100000001011001110111010001111011101011001001001110011001010111011001100011101110100001001001011100110101010011001110100011101010001010100011010011100011101001110110001010101101011110000111110001111001110001101001100101111001101000011000111101101100001010101001000000010000011010010110110000010110100010000110111011
01100011110000011011000110000011111101010111000010010001001100111011101100101110101111111100110011101100100101101011010101001000111011100011011001100111011110000011100100101000100110110011101001111010111011110101001100001011000001101111101001000111101110111011010101010110100101101101101101000011111001101100010011010101001000000000111110101000010010101011101001110100011111111111010000100111000011011001001101000111001110110101101100000000110010010111000011001011011011
10011000111111001111101011100110001100101011111111111010111101100011110101000001101110101011001101010111011111100110110111101110100101111001010101110100101110111111101100101110110110110110000011100101000011110100100110101100001110011100110111110110011111110000101101010100011101000110111000010101111111101100110100011101011011010010011101000110110111101011100101100110101011110010101100100011101011100110111000110000000110001001111001011010100111111111100101101010000001
11111100110001011111110110001101110101010111011000110011101001010000001111010100101110101101110101111100110000100101010000111100101101111010011011010000100101001011100010010110111101101110110010111011110001111011100010111111101101110101111111011111101011111110111100111000010001101110011111011110011110011110111011001110100000011011110011010110111111100111111110100111110111100011010010101011110110000010110110001001111001001100011111000100100001010101101110100100111101
01110100010011011001111011010011111111101101011000110011110100010001111001011111110010001100010001100110010111000011101010011110110011100110101011111010001100111011010111111111111001110110111101101110011011000110110100011111100100111001111111101111111001111011100110101001000001111001001111100110010001111110010010011110101011011110100010001111111110111110000100110111000101100110101100000001100001110110100011111111111011000111011010111111010110000110110000000100111111
11100101110101000100111001111010001100011110000101110001101110101001011100111110010100100111111011000111111100111001000101101111101101011100010111101010000111110111100101011101101000111111001011111001011011010000001011001011110101111100000111110111111001001111001101111101000000110010011111111111001001110011100000110110110010110011010011001110011111001011001101110010100101100010010101011101100101110000110101110110111001101100111101011101000110101001100101010111110001
00010111101101010101011001110100101000010110101010011110011101000001111001100111110100110000010011000000100111010101100000010011111101110101001010111111001111001111000000101101000111110010101000001111011001111100101110111010111100001100101111100100000101011101110110110001100011101010111010011101111100000111011001010101011001111001010100010111000010010110111111100110001101111001000111110101101101001011100110011010011111110001100010011100101000100000010100010011101110
01111011011011111011110011101011111111010001100011001000011111100010011110111000000010001010011101110111000110011100111001011011111110110110111110100001000110000111111110100111110110010110111110110011100110101000011011011100101001101001000101110011111111101000101000100111010111001101011000110010101000110101101001111000011110111110011001111100110100011111000011100110101110111111011011110100101101101101101111000110110011010101111001111111000100001101101000011111100110
11111100110100010100001111001101001101001010100010100111010110010111111110111101010001111111001111111011111110111010110101011111011010011111111111010101110100111100110010100111111000100011110101011001110011110101010111011101010001110100111110000111111011011110111001100011001111111011110100001010000001011001011101001001000101001010010110110100100001111011010010100100100011011011101110111011101011110100010001101010111111111101101110111011101100001011111101101011000101
10000000110000101100100100110101100010100110011110111000101111110101100101110011110011011101010000010111111111100010111101100100000011110101010100110011100001011110101010111100011010010111001110011011100100101001001011111111111011010011001001011001100011101000001001110100100100111001101101100011101011010101101000100110000011101100110110000111010111110011011111000110001110110001000000110111011101010101111111010101010000101010010111000111101001101110001000010100001010
00101000111011101101010010001010010010001011111101111100010100110111011000010100000101111111111101111011000011000110101111010100001000010011111100101010010001101010100010100100001111100100001101100000100111000011111101101101001110011111110000011010001000001011111000111011100111100101100011111101111000100101000011010110111100000111110110110100010110000100111110110000110011111101100001000111110110000111000100101100001010010000110100101100101110001110110010001101010111
11101000101110010100100101001110011110011101110100100011110100100111101110001111010000100101110110111000110011100110011101000001100101110001001011100100110010111111110000011011010101111100010000000111110010011110011011101001011110111111100111000101010010000010110100110101001110011100010010011101011001011001001001111100010000011111001100000010001110101101001011100101011100110010111010110001010100101001111010000010111101000111001110011010101011010111010111011111011101
11001110101111110100111001111111110011111111010001111011011111101111110100010111101110011111101101101100101110110101011111010101101010000111011111100111100000010000001000101101100111011110010111111011101010010011011101100000101010011110101010110110111111011110100011111011111001011100111101111001100100110100111011110001001001111000111000100110011101000000000010100111010100111110110101100010011011101111010011100011001000101100001000100010100010011010111100101110011011
00000101001000100100101001100101000001101111110011110100111111110000011010011000101011010101010001011010111011110100011011010001101111010001101111111011010110001100001010100110111100001011010101111111010110011101101100001111111101101111011101010001100100101010110101010100010011110110010000110111100111000110110001100100001011101111110000001010100010011101100000000111010100111001000101111110011100010011011110000011010000011101100011100110100111011001001001011010001001
10001100000000101111001011010101010110010110001011111101001100001011101101111101110001100000101111000110010011111000110000111110010000011010110000011001111110110100101110100001000111001100011010001111010101110111101111010111001000011111101111011101011001101000110011011111011011111011101100000000100100010100111110010101100110100111101011111111000000101111011110101110011001000111011111100001101110110101110001010100000011011010111011000010101001110101111011100101110110
01001101101000111110001110110100011110011000010000101011011111000001010001000110101100111111111001000101110100111100000110011111010111011001101000100010100111010100110110001011001100101001010111001000011101001001011110111001110100110011101101101010100011111111111011010101111101110111011010001110011111010000111011010110010101111000101111000100110111000110110110110101011010011101001111010001010000010011100010110101100010101110110000101010010011111110001010010001111111
10110010001001110011010000011001111100001101111001101100001001011110010101111111110001111111001011011100010100010000000011001100000011101111000010010011000000101100110110010110001001101110001000011111100111100000101111100101011000000010101111101111110110001110000000111000001010101011011110101111100110110000101101011101010101101111000001000001100111111111110000000101001101101010000001111000111111111110111111111001100110100101000110000010000000111100110100110000011110
01001011001110110010111101101010001101100000111001011100000111000011011111111100101000101111010001100011110001000101110101010110100110110101011110110010101101011101011011011111111010111100001100011110111101011100111100010101011001100001011101010101010100111110010010001110111100011011110001110011010010011001011110111100001101100011011101101010010101110111010111101101111100000011110010011001011010000011001111101000111110111001100111010111010100010010011011101111101101
10111001101101111110000001110100110110111011010111101011110011100101101110011010000101101111011111101011010110011011101111000010010101101010111101011011110110001110100100111001011101111100110001111011010101100010100011000110110111111001001111110010101101011100110001100111011110101001111011110001100000100011100110110110111001110001101010110001110101101100111010010110110111011111011011100111001010010001111111101100011000000111001101011011010110111111001111000001011100
11100101111100110010101111011000000110111000100111100010001010111111110100101010110000110101110000101111101100001000111101101010001011110110111101111001101001110110111110010000110101011100111000010001100000111111011110111101111101110100001011011101100001011001111100000101101111101100101110011010011110110101000000100110011000000100110111010011110011111110000110010110110111000000111000111111010100110011101110111101111100100111111100011111001111001011110011101011100011
11111011110111111101000110010111001100001100100011100010100111010000110111111101101100011111100101110011111110100011100111110101110101100110011111011101110111101011100101110100110101111110111001101011111011111111101001111001101000010101110011000000101111100101010110111110000111101101000110000110110001000011111110011101100101001101000001111001100000110100100001111001111111101111110011101011100011111100111101111010100001101010001101110111010011100001101111111010000000
11001110000001111110110001011111101111010010001010010000101000111001011110011011001101100010011110001001011101101000101101111010011110000101111100011101100111111101101110110011100111110011001011110010100100110011011001010011100000100011011010111101111110011001011111111001101100000110110111100001011011001101111000000101111001111001110101110011110001101001011110011000110000101000001111010010110100110001110110110000101101111111110111000010111001101110110000110100110001
11011001110010010011111111101110010011111111100101100011101001011101001010111101100011111111011000111111100100111011101011010011111010001000110010101010011110100000100001001110111101001001011110111011010110100010001101011000100101001101111011000101111001101110011111111001110101010001001100110110110101111100001111001001111010011000010100001101010101011101101010011111111010000101110111000100101100010100000010100101010110101111110000111110111011111001100001001101100111
00011110001101000110101100010100111111001111111011000001110100110111011111100000100010110010001001000000111111000000101000011010010100100000111011001011111110110101111110010101101111010111101001000110100001110110000011011000011010011100011111010111011111000111001010000010111100001011111000001011011111010011111100100101001100010001000011011011011010100001100111101010110110100110100101110101010010110011100100111001100110110100001100010100011000011110101100001100001110
11101001000010011011001000111000101010000101101111001000101000100011110101001100111110100111010101011011011100101011110010010110010001100101101010110110011011111111010110010111100001011100101100011011101111111101010101111111000011111010011000100010101101011110101010101000010001110000110000011110000011111100011100110110111101011011110001111101000100110011100110100000110111010101110101001111100011101001010111101100100111110001111010100110110111000111101011111001101101
11100110011101011111111010100001001111011100011001101111001000010100110000101011011111011111000001100001111011010111111111011100110111100101110001000101110101101110111000111010111111101100001111011111011110111010011000100100100011110011111110101110101111001100001111011110000111011101100111110111111111101001100001100000111011101111111111100111111101101110001111100111000010110100000110000001001101110011110110000101011011011110111110001000110100001111111000101111110110
00000101110110111111110011001000000000010100110111110111011100011101101101100010110010001101011011011110111100110011111010000001100101110010010110111101111110101010000011100100101110110000011010110111011110001110101110100110000001101010111111100100101100101001011111110101001111011000001110100111110100111110111011001001111010101111001000011011100111101111011110000011000110010100011010100111100001101011110110110000101101111111011000010111110010110001010000100101101011
00100111011010000100001000101101011011010011101110001000011110100000101101011101110101011101100001010001010010100000011100101100010110100111011100001001000101101011000010010100110110011100110001111110000111001111010111010011010011010100001110101100001011111111000100110111001000011100100101011111011001010011000101110001101001001111100011100111100101101110100100001100000100110010100111110101111011011110111101001101110110111001001101110101010000101100011111110110100100
11001110111111101101110111011101010011110100110101111100011101111101001101001010010100110111100011100101000110100111000001000111000100100100110011111111110111110011011110111010010011011001101110110101010011001101000101111011001010101111110111011010011101010110001011100000111111011110010100011111001010111111101110111011000010101010010111100110111011001010011110011111011000101110111000111100010100001100111011010001001010010101100000011111110101110111010001001100011101
00100101001111111001011101111011110000010100011100101110010001111111100001010111011100010111001011001011100100110010000010111110101000110000000000011110110000101011010010011101111110111110001001100111010001111110011101111111011111011011101110111101010011000011101111001011001001001101100010001000000100010110101010110110001100100010110000010000111110111101101111001110010101111100000001011100000111001010010000000001011000010010111101100110110000001011101101100101100011
10001111000011010110001101011000100111111010101000010010110000100100001100101010101001111010101001111110111011110010001101001011001010011111000001011010011000111110110011000010111001101011010110010101011000100111101010100100011101011000100100000010000101111111111001111111011011010000100011111101110101110010000101110001111110111110001111010000000100000110001100001011010000011010010011110011001110111011100001011101100001111000011000001011101010001111001100101011101001
01001110010110011100010101111110011010000101111011111000001010011011111011100110000000000010111001111100110001000011101001010111001100010111100101110111000000100001001011100111101100010000111100001101110110111011110011111011100001101111001011111000101001110101110101111000110111111111100110011011110101010011001100100101110001101001100011101010111001101111111110110100000001000100000110111111101010010101101111101001011000010101111010100111011110101000001010111100010111
11000001110111110100110011100011000101110111001110101111101110100001010010000110111001101011100001011111001100010010011110111001101011110110000001011111110110010010010110101001101001100100101001001000011110011001111101011001011000111111011000101110100011111111011111011101011100100111001001111110101101011001111001101011101000011011010101101101001110111100011100000010010001111000011110011001010100010001100111100000111000110111101101011101101111000011110101100101001010
10101000111001100011110000001100101000100111010001011010000000000111111010101000101000001101101010011011010001110110110000110101100011011101100101001010111000111000010101010101001000000011010101001010101101111110111011000010101111100110011111111001010001010011110010101000110000110101110100110011110011011010001110110010100111100111101000111100111000010010010001010000000011010010111110011110100001111110110010100110100110111001100100110000010011100111111100110010110110
01000110111000011100111110001110100111111001001010101000010100101010011001110011011110111000101111110011110111100111111100011111110111110000001100101101100000001011100101111110010011101000111111110010111010000011000000011011111100110000010100101111111001000010100101001111011101011000001110010100010111011010111110111010110010100000011011001110111000111100110010111100000011111010101111001010011101111000011011111100111111011000001101110011111001101001100010101110111101
00101001010111100101000111010101110100110110011100000001101011101111011010111000011101011000111100111001001101011101100101000011001000010111011001010011011100010001101001101010011110101111100101001001001100110010010110100110101110011010010110011000011101000110110111000010111111011101010011110101111101001110111010010010000101101100000101100011011110001101110011111111101011111001111101001100101111101110101000111110100101100101100011010100110111000100110011101101010110
00110101110001100111100010001111001010111000111111010000110100101101100010111010111111000101110111010100000110110101001101011110110111111010100111111111101101111100111111001111010010101010111101110101001101110000101111110111000011100100010111011010011011101110010001001100010111000111011000101100011011111100100011010101111010010110111101111011010101001011111111001100110111010000110111010111010011101111001011001110010011100111100001000001111011101011000110101101001111
00000010010010101110100011101110101101001100011110111001111101010100100101011101111010111101110111001111010101000000110000100100101111110101111001101011010101111110001000100111000010010011010110101110101101101100000110010100000011010111010111101010000101111000011000000111000110010101110110101111100111011100101101010100000000101011000101110100010111110011110011100011001001001000111011010010100011011110101010010011100100011000111101010010110001100000011010011010000000
00110110000010110101111001000100100010110111111000101110101001001100010000101001101100111100111110101110100101010101001101101000010110110111110010000011000011100110111001101001100111010010110000000011010010100011111110011000001111100100111010000010011011001100001000111010111011001001000101111110000101110011111101110011110110100111100110111001111101110000111111101110111010100010010110000101110011101001110111111011001011000001101110101011011010100010111000101100111100
01100100000111111011110001110000010000110100011100110110011110010101010101101010110010010101110100101011001010111011110110101000010000011101110100110001110110101011100111011100011111001110111011100101010111111001110101111001101100100001101000111111011011011111010010011110011001010111010101101100100000011100110000101011011111001111011100011100000001101110110011101101010000100111110000110100110011110000110101011011110111111100101101111101011010011010111111011111100100
10111111001101110000011011101100111011000011110111110011011000111101110011101010010110100000111110001101111111001001000110111010100001111111101100111001101100111011010101110101101101010111110110001101001111001101011001111111101010001111011101100111001111101100010111100111101111010111100011111111100111110000111101100000000111010101001101110111101110001101110001100111010111001110011111111001100110001011011001101001000100000110101100011010011110111001110001111101100111
01110111011011110011011001100001110001101100111111110010000001001100111000100100110010011100001011111000010101111101100100101011111101111110111000100101000101001001110110100111111011001010011101110110110111110110110111011101111001101111111110010000111000001110011110110110101101011011111011001100011011011101111011000001110101111101011110111000011101010000011101100111011001011001000101110010111110001001001010111111001110100011110110010101100101011101010001110010011100
01101010111011100111110001101110010010101010010101000110010010100000110110011011000101100010010110010100100110110001000011011101100011111000000101110011001001010111011111000000101100010011000001111111000011101010010100111100100101100000011101011110011011010101000101101111010011101011100001100001100011100010001011100111000111111101100111110001011001010101110110110000001010001101111101001111000011101101110001100001111001111011111001111100011011100110001100100100011110
01101001101101111001010000001100111111001011100110011001101111111101101110011101110100110011111111001011101011011110010110010000110101111000111101100000011111100011001011100111101010010100111001111110100000100110101001010100010011011111000111111111100111101011011011110100010001101110010101101011100000110010101000010111100011110100110111111100101110110111100000110001011100010111011100001110101101011011011011110101000011000100101001111110111011101000000110000110011111
11001001111101100110000001011000101111110000001010001100110010011000001110001111101010100111100010011000111111100001001011010101100111010011011011000010101111110000011111010111000101111010110000000001010111010101110100110010111110011010010111001101000001011101011100001101011111111100111101001101110101001110000101010101111100101101101000101111010010011101011000100011101001001001101111110101010100011111101111010000000001101111011101000111011101011001100110111011111110
11110001110001110111111110011111111111100101011010110001010000100110111110011000110010101110100110110111111101010000010001110110100010101010000110011111111100001100000011111000011100010011011110001001001001001010100101100100011101101101111111100010010111101011001101100111010101111010101100011111011101000000101101101001111110010111101001010111000111100110000100101110101111101101110111001110011110010001111011001010100101011111011000011110111100111000000100101111010010
10101000001011010101101010110000011001100101001011111010010100000010111001100111001111101011011110100110001111000010111100111101001110111111001001000011000111000100111000100000110101001000100100110110010001100111000001011010011111110010001101010101101110010000111100001110111000011101111000011100100111001010010111001110111001001100111101100011110101100100011111011101100101010110001100111000011001110101011101111000000001111001011100111001101001110111101101001101101011
10011101001001110101010110101011111100100101001101110110011000101101110011010100011001110110100101010001011000011001100010101111111000000000111100011101101010100101101110000101101001001111000100101001001100111111100110101011000101000101101101101101001101011011111111111111011011000110111001010000010011000110011000001011000000011001111011010011111000110011100110001111110101110111110010001001011011010100010111010101011011001011111010010111011110000100010101000101101101
00000110011001010111110000000111111101011111100101101101001001000000101101101010010100101001100100010101001011110110000111110110100101001111000101011101011011010111111000110111011101100001000110011000000001001111100110101101000001110000001011101010101111101101011000101000111111100111001101100011000010011001100011001010110111000000101100110110010111110001111110101111101010000111000100111100001001010101001110001010101110000101000000101010000101110111111000001001110110
00100000000101110000001100111110000010110011011110000100101110110100101000000110001000111010001111011110111101110101110110001100110001100101010100111111111011110100110100000000100010111001101001100011010010011111001011010100100011111011000010000010101100110010101110110011110001110111001010100001010011001001001100000111010111111111101111000000110011000001100110101100111101010010101111000110011000001001101010001101000111101110111000110100011111101001100110110101111110
10110011010101110011110110110000101110111111011011101010111111101001111100001011111011010010100010001110000110110100111100110001111100110101110101111000010111101001100001000010010100100000001010011111110010110001100110100011011010100010100111010100010110000000111010000101011010001110111011010011100101110010101001010110011000001101110011101011110001100001011111110011011101101101110001100000110110010001111011110011101100001111101010010011111111111110110001001100111111
00010001001000011111011111100011011100101100101110100101100010010100100110101100100100111010000111000001111100100011111110100101110010011010010101100111110100101111100111110001010101000100101101000010010011010010001111011001000010110010111011100110101110101100111111110110100111001011111011110110110000010010110110111110001011110011100011111010101100001000001110010011111101111000001001101101100110000010011110101100110101010110110010101000111110100101010101101111100011
10011111010010011000000110111011000101001111100100000001011101101101011001010000110110111011011010000101101111111011111001111010011100011110100101010110101101010111000011111000110101110001100101100001100101001001110010001110101111010010001010011110001100000000100010011100101100000010010000111100100000011011001101111011010110101010111010110001001000101110001000111010110111100111111101010101001111110100010111110100011111101011011111100111110100011100100110000000010011
00011111011100011100110011100000011011100001110111011111010110111011100011100110011010011011111101110111101011111000001011111101001010101000110010111011011001111111100101000010110100101100110100111010101100100011110010100111100100100100001001001011100011110011111110110110001101001011011100011111111100000111010001111001101111101110000111110110011111000010011111101101001101111111010001100011110000001011111111000110010011010011011100100011111011010010011001001111101111
11100011010101111001101100100110010000001110010111010010011001100110111001101100110010011111010101111001010111111110010011011111111111010000000110101111010111111010100010111100100100100010110100011001011010011111101100101000110101111111100100101111100000001100100111011100110111001001111111101000010111111100110111101100010101001111011101101100011111011001010011101000100011101000101010100010001010101010011111011001011001001000000100100010110001110010110111101100001000
10111110010000010011111011111001000100110110111011110110011100110011010011010001011001110010100010101001111111111101111111001111101100010011100010011010111100000101111100100011010111000100000111101010110110101111010011100100000010100011001111111111100101101011100110010111100110010101101100111110010110111110101011111111110110101011111111110010011010111010010011111011101000101010001111110110011000000010101011011011100101100111001101001001110001100111011001001110000101
11011111000011001110010011110110110001011010011111110001111101101110111100110100111110010101000011101101110001010011111100110011111111111010001110010011111001110110011000110010010000101110001100011111101111111011101111011000010101001011101110001101111101010110100101101001011101100110101111111111001101000100001100001001111111111011111100111001111010111011010110001000110011110011110000101111001111000001011011001100010101000110101111010001111110010011010001100010011111
01111010010000100110010011111100110000010111101111110111100100101011001111101001001100111000101100000001000001110010100001111111001101101010011011001101000111011111000010000011101010011100011110000011101110111001101010011011101000111001111111011010000000100000011110111101010001000111100000001001111010101010000010111111011011100111101111010101110110100011001011001101000000111100101010000111111101110010011100111001010011001010011111100110101111000101100001100001000000
01111000110100100010100111011100001110111000101000111010111100000011101010001110101011000110100110111000001111010011111000110001000111100111111010011101101001110110110110010101010010011111110010101111011110000000111001101101110111101100110001101010000100110000011000000111011011110101011101100000111000110000111000110110100101101010010111101101111010100000110001011011110110011010110000101101101000001000000101010001001111011001001011100100111001111111010000100111111111
10110010000101000010000010110011011110101100000000111000111100101100111010101111111101011111000101000101001111010101111101100111000110011101111100110111010101001001111110111011111101111000111011011111010111110101101000110100100111101001111101001111011111100110111111000000010111011111101100011111100100111111000001111111101111011100100111101111011100011100011111101001110100010110111010111111011100010010001100100011100111100101011010100101010010110111111101010111110111
01011010011111110110100011100000000111111001100111111110010111001001110000111111111011110000110101010001110111101001000001111101011101111110100001000001110110100001100111100110111110011011100000100011111111010001001101110001011111110110100110110000110010100100011111111101000010001111000110010101011100000110111001110111011111101000100010101101001100100011100110000010010011001011100001111000011111101101011100101110010001010110001101010100101011110110111000110111111011
10111111001010010110101110111100011101110001101001011101100101000101111011101011000101100110111001011010101010111111111101001101110111010101000101011101010001110111110111010110010011011010111100011101011011101000000000101111001101010101000100001111101111110001111000011010010010111111110011001111110101110110100010101101111001110001110001101111110110111111011111101111011111001011001000011011010101001011101100011101100100001100101110010010110010101101101100101111001011
00101010000011011100100100011111000100101011110001101101011101000010011101110001001110111100011101101110100000010011111001011011100111010100011111000000100001001110011001001100000010100011100111000100001001110010011101000100001100010010111001101000111110001011010100111010111111111111100101101111011101111100110100010101011011100110101110110101110010101001100001101101110011011011111010100100101011101101101000111011011000101110110110101101000110000011010101000100110111
10000011110011000110000111001011110100010100000001100001111101111010100101101101011000101111111001001111010110100011010101110101011001101010111101101010110111110000011001011111110001101011011111101101101111010111010111000101010111111000011100111101000100101100011011111101001010000011111010001000111111111111111011001110001011110100011100100111011101010110100110011111100000101111100010001001010110111110011000101011001101101110111010101111010110111001011000111100101101
00010010100111000000110101110100100101111001101110101111101111100001011001011101101011101001111111001111001111101010101100111111101000111110111110000001101010100001011110110101011100111010101101011110101000010011011111010010111011101001111100111100101110001010101100110000101111101111100111010101001110111110101011111111001000100001011110111100101111100010100011011101110110111100001100111110110011111010110111110111100011111111000101110100001101010100111100100111111111
10111110100010011111101100111110010000001110010101101100100000111001110000100000111011101111001100110111010001110100100100111000010000000101011101011111111000101110111010100100101111001001111101001111011001010111010011010111101010110100110111011111010110100100110001010111001110100000100000110001101111001100010111110110011000101100011110010111101111111110001010010010011111010010111111100101001010110010110111000101000001000011011110100001101011000001111011101011110011
00101111000001010110001110001111101010010001011001010100110011100100010111110000000010010001010010101000101101011100111100111111100110101010100010110000001011001001001110011100110111011010001111010110000001100010010100101110111101111111010111000011000010001000011100110111110011010101100111001001011110110111101111110111101011110000101110111111110101000111011100001000000011001011111000100011111111111000101110110100010111010110011110100011001000100100100111110111110000
11111011010010001101000000101111101011110100111000011101010111110110100011010100111111000111011011001001001100011011011110110001111011100111100000111101100101000101100101111010100110110011110110010010111000110011111110011111101101001110011000111101100101010101001010100110111110010111101110000010011101110100100000101100001111110000101110010010101000110010110111111011001100110010100101010000001111110111110111011110101011011100011100111100011100111010111111111001011110
01000101011000011000010101011110101000110011111101001111101111000111111100100110110010111010111001101010000000111101111111101011111001100110101011001100111111101111101101001101011100011110110001110111100011001111010110010011101101111111011000010000000010111111011011110011000110100001100010110110111001010101110100000011111110101010100111110110101010110100111100100011111111110111011001111001111110100101011110111110101101111111110011110011011011101001111111010010001000
10000010110011100111000110101000001110100110011110010111110111001111101111101011101110100111010001110000110010001001101111111001001001010101100111000111101111010101100111011101111101101111111111011011110101011110011010111100111110001011101011101101011001111110010000110110100100100000111111101001101000011001101100100010111100101110111100010111110111010101101110010110010111000001110110111001101001001100001110110111001110100100000101111000110101111100010110011011001111
11101101011111111111100010010110010001010111001111111000001111001111000110110111010111100000100100001110111101110100101111111011001011110000101111111010011111101110011010011100001000111000001011111101111000001101000111100000110011111101001110110101111001101011001110011001011011111101010101110111001100011110101100110011111101111001111111001010010110110011101010101111110110111111101000110010000111100110011110100110111110011011011101111110101110010011011110001001000100
10110011100001101100001000110000000010001000010110100001111011011110110110110111000011001011011010100110011110110111101000011111110100101101011010010010101111111110100010111000000111000010110101100111011100110000001001101101011010101001100010111110011000000100111011100100110110110011011011101000010110100101111100001100010011101011100100111010100011111010110101111001011111100010010110111010001100110010100010110011011001101101101111110011000110111100011101010011010011
