000101011011010011001100111110010110010110100101000100110110011101001010110010001001110101010101010011110001110111001101100101100111101110110110010111111110000011111101001110011111011000101110001111100011011111100100010010010111100111111110101001111010010010001000110101011010000001000100110011111111001110111011001001110110111101101011011101110010101101110100001111111111011111101111110111000011001111011011001010011010110001001101110000011001101000001101101111001010101011011100
100100111100111010001001100001011011111101110010011010010101010110111110010111110101111110000110011100100000111100001001100111101001111011110001111011111001011111011000101011101011100001100110111001011000110100101111011001100010010010111010101100100011011111011110111011110110011011000010100110000110101011011101011000101111011001101111101011010010000010100101100101010111101011100100000100001110100010011011100110010010111101110101111011111010100011111010000101001010111000110100
101110110011101000110010001110101010100100001001001001011110001101011001111011111010001001010110011011010010001110011111101100101000010110001011011101000110010001011101110011111001111111011001000010110111010101111010111101011011110100011101010101111101100101010110111001110111001011011110110111100011111100000110110111000000010101101101010100000101000010100011000000111100110001001000100110000010000110111101110100111101001111101101110111110011101011101100101101010111000011110111
010000111111111001011101001010000010101110110010100011011010111000111111110110111111100001101000111011010100000001001101100111111101100111011011010010111010011100110110010101010101001111110010000000001111001101010001100011101100001011110000110000101111101001010101011001010100111000110110101111111101111101011001101000111100111111110000101000000111110111101011101100100111010111101011011100100000001000001010010001000001010101001111000010101001000101111111101100101011110111010011
001011101111100100110110110011110011100100010111100011001110110110011110111001001011100011101000000011011110011111001110111111101111111100000111011011000011010111101111100110111011000001111001101001010011000011111110110101100011101011010010001001011100110110011001001100000000101000011111010011111100111100011001101110111001000101111101011100111101010000011001110000111110101100100101010010110111001110100011000000101010001011010110111100110110011000110010010101010011010010001001
101110110111100100001011100011011010100001010010011010110000010111111111101111110011111100011010111100101000111011011101111101110101011110110001011011010111110111001110011100001111011110100111011100110111111010101111101010101010111010011110101100111111001111010011110010101000110001110000010110001110101011101110001011001000110111110011111111001101001100001111011101110110000000000111111110111000010100001011101011101110101110101011101101100001101111101010101110110011111010101101
101011011001100100000010011011011111111101000111111010011010100011101000100000101010011110010010111100100111000011101000000111111110111010001011001011010101010111000010101010111100111001101011100111100100100000101001101100001010010001000111100100110000001101100010001000011111111110000111000111111010110110100001111010101010001100001010011111100110001100110011001000101010101110111000000011010010011000000110111101110011110101110000100100011000110011100110110010010001111101111010
111011100010011010110010011000110001111011011100000001101011110110010001111101001011110010111001110001111100101000110101101010100000011111110011101100011011101101000110101010110011001000101101001111010011010110011100110100011011110001011001111111000100101010011111011110111110000011000110011100100100110111100011001111000001010010011110001110000100011100110000110101000100100110111010010101010101010110001101101000111111011010010101011001000101001100100110011011001111110011101101
011101011010100111100101001111010011111100011011011000110001111001011010111111100011111100011000110111101010000111011011101011001110111001101100001110100111010001000011111000100010101111110111011111001101101111001011110011011110110110100111010000110000001100111111010101101110100101101010101100110111101110001110110001101010011100100111110101011001101100001010110100001011111110111100111000101000111001010110100100000001101101001101001110000011111110011111101110001100010111011001
101001110010111111001001110001111010001111010000001111011101000010101111010001001110111001110101100111000010100111101011111010000110111110101011101000000010111101010110001101110011100100011110110010111101110101110111100101100011010011001011110101011100111001110000010101111011000011000000001101000001110100000100101100111001110000011100100110000100010100010010110110001101100011110001001010001001111010011000010011110111000111000000011110001110010001100001111001100110011011101101
111010110010001000100011111111110111110100111011010100011011011111010100010111001101111110101110101110101110001100110111000010111110000111011011110001010101000101110101110101100100011111100011110101000011001101110111110010011010100011110100100101010011011100111100110111001010110111101110101100111010100100011000100111110101101001111101110100010101101111111011100001101010001101001110110111100001111100101010110010110101101010100010010011100000011111111101111010111111000000001100
000110000101111101111010101101110011001001000001010011001011011000001101100000110111110000011100010100101110001111110101000110100011000001011011010001011000010000011111001001110100100011101001101100100011110110110011110110010111011001011111010111010110001000100011100000111000111111100011110001110101111011100010011101101011100000110110110000011110101110001011111001101100111111100100001110000101010000101010101011000111001101011010110100011001100010001100101010101110010101110101
001110111101111111110110011010000100100011110010000001011010101001111001000110111111111000110011001000101111010110101011001011111101010010011110000101111000011011010000110001110101111111110011100111111010111000101111100011100001101001011011101110110111000010011010000111110101111001110100010111010111010011111111011101001111111101011101110100111110111100111010011011010010010100000011110111111001010111100010010010001000011111110101100100110000111010000001000100111101001010001000
011100010111011001010110101000101100101111100100101001101011001011011001000001110001111111001110010010100101110111001111101110110111000111000110100111011001110110001100001001111101101011001000110111001000111000001101010111010101110001110100001100101111011110111100110111001011010110101010111001110110101111011100011001111111010010111110111101100111111011110011101011111111111001010110100010111110100111110111110101001111011111111011111000011011011101011100110111111000001100110010
010000110101101001010000011011111100010111100100111011110001000101000110110111001001010111011010011010001110011000001000101111111000101010011011100100111100110111011111001110101110001111110101101001110110110101111001011100101101111111000111010011000011100101011000101111010010101101010110101000100101010110101100000111001001101000101110011110010100101111101101110110010001011111111000010111111010011011111111001000110100011100100110010010001000111111011110110111100010101000010111
001110001110111110111110101111101101000111100001100101101001101111100011001100110110101110101111010111000110110100100101110111000001000000000000110010010110101010111111101111100111010110010101010111101111011011100110100101110100011110101011000000011001111000000111110111001101110010110100100010110011110101110111011000001111000111000001000111100000110011101000101010001011111001001100000010001000000101110110110001011001111111010010111001111000001011110001000111010111010111101000
111000111101101101010101011101111001111110011111011110011101000001011000010010011000101110101110110000111111111000110010110100111111011011100111010000001011011111111110000011110101111000111101001100100001111101000001101011100101011011111000101010100011111010111100001100110001010101001010110111001110010111111010111011110010111001110110100111100111101011001011111111001010100011101111110110010110111101111101011111101001010110001111101111001101011011010111001110111000110010010010
001111100101111100001000111100001110111011110110100100001110011111100000010101010000000110111100111011000101001001010000110110110011001101100111000000011101001101101110110011011111100000000011111001011101110011101110011011110111011110011100000110100101011001000001110010111011010110101110011111010010101001100011100011111011000100101000100100011101110010001100011110100010001101010101000100000111101010111100011100100011010111101000011100111110110001100101100000111100001010110111
000110010110100100010101110100110111100001101011011010111101010111111011011011101101101110000100110111111011110101101010101110101101110011010001010101001100110111011001010110010011000100011010000000111001011100001001101110001100101011100000000010111110010011000001101100101110100111011101111110011001100100110001011011011011100010000010101011111000100100010100111001110100101011001110101001111011100011000001110001101011011001100101000010111000000101110101011000110111110111001000
110010111110100100000001000000110101010100100100100001011011100011110101110101110010111010101101001001001110010101111111011010110101000001101111001010101111110100100111000110000001111011100010011111001000101100111000111111011001111110010101110000100010110111111101101111110100001111001000110110100010111000101011000100000010011100001110000010010010111001100101100001011110110010101100011100100000101100010110001101100010011100110110011011001100110010100000100000111101100111011101
000101101101111010110100100000010110001100101111101111111111011011001110000000101010001110101001001011001000110011011111101010100100110101010100011011011111111010011000001110111111110110101111010000101011011010010000111100110011100111000011010111000001001010111100101110111010011010011110101100000000111100001101000101011111010010101100000101001011101101111100010100010001111110111110000101000000010111110111100100000110101001011111111000000100000000101111001000100000010110000011
001001001101111001101000110101100101010101010010111110111111111111010101100011101010111101010111101111101010101110111011011101110110011010100001001100110010111100001111011010000101100111101110101101011111011111111100001011101010111011011111101111101100110001110111000111110011000011000011011000101110001001101100001110101100011000100100100111100001011101110000110010000000000101101100101111010000110101000101011110110011110110010111111110010101111010110001111111101010011111111000
010011001010111001100101111001101000000101101100101111100111110000010011111001111001111111001110110101101111111110111000111011001111011110100100110000011001000100101111111010111000010010000010011001101101110001111110110010101011011011101011001000010001101011111110000101000001111001000100110111010011111010001100101110110010001000100101000110100101101110000001001100100010101010111000100111100100100001010010011100001011011010111100110001001100100101110101010001011010101111011110
011011111100011110011000110101110001101001100010001101111010100111110110100011111010010011101011000101001110011011001011011111100110001011011000001110011101111011111011110101101110001000111010110001100101100011011110110010101011101011111100110111101110010100101101111001010010000100111100111000100010110101001100101111110101001010110001111101011001100101101000100111000001100111000110111111110010000000000101010010111010001011010110011111001101101001100111110111101010111110000111
011110001001100101010111011010100110011010100100100111010000011001010011101110011101100011011111111011110111011100111001001010011000110011111100100011110101000001000000110110010011110001000101110011000110110010010100100011010110100011100001100000110011110011110111010000010101111100010101000111000101101111111011011111001110011001111100111100010010110001110101011101000011110011110110011101011011010010001001101000011101100100011101010100111011000011011011111000000001110001011111
001111101110011011111111111111010000101101011011110101111011111000001101010011111001101100101110100100100110001000110010111110100001011110100010110101110001111111101011110100111001101010110101101001110011110000110111011100101100111011000011111110100100001100111110000011101001111111010101000011101011101000110001111000100110111110011100101011101010011101111101111100111000110001101100110101100101011111011101001001110100010001111110111011011011001110011000110100010001000111110011
100001111111110111010101100101111101011111111010101110001110100100111111000000010101110110101111011010000100000001011001100001010110011110010000110001011000011101101110101110110001100110110011100110111000001100111011100101001100110111011111101000111100011001111110001010101110100011001010101111000000010000110000111110000000011110000010101010011111110000001101101101110101111010100100100111101011110111000101000011110010101010110101110001101101010101100010111110011101111001101011
110100001001101100101010111110011111101100110011010111100011011011001100011000101001011101011101100111101110111100100000011101010101011100011100110110110111101001001101010100011100011001111111001101111010111111000000111010111100111011011000110010101011111011000110001110001001000011101110110010101111100011011101000111010101010101111000000101000000011110101001001010000101000001101111000001111110111011011111011001010111111111110010110001100011010010001111001001011100001111101001
001010010000010111110111010111110100101111110011011001000101101000001110100101110110111101001110001011111100001100100011110110011111010010111111110000001111011011100000110001000100010111110101110100111110001000100100101011101110111010011000010001011011111010101101111000101000011010111001110011100100001110011110101101011101001001100111110101001000010110100101111111010010101001011001010111111010000011111101100101011110101110101011101011110111011101011010110111101111000111001011
000101101011011111001111100000101111011010111111101111101101001110101101111010010101011011000000101111010001111111101111101010010111001000011110100010101111101001001111110111011010110000000000011110101001011110011111110010000010101011110011101000111011110111111001010011011010100111101101011101000110101110001110111100000101111111010111111011111011101111001001101010011110111111011011110010011111100111000011001111011100011000001111111100001100000101100011111010010111001111100110
001101110011111010000101100001100100010010011111010100001100011110011110110110111111001001100010101111110111000010001111110011010101110110111011011111010110011111011001010001011011001010111100000101111010100110011001101111000101111101111111101011001111110001010101011111011010000010010111100111001010110010001011001001101111101110011111101110110111001111010000011110001001011111110101011010110101100010010101110110111110001110101000010100100001001011100000000010111111010111101101
001011111111011100111100100000011111101010111000001100111100100101101100110111101011110100000010101111110110011101110100000101011011101011000010001110111000011010000010001111101111111001101000001110101011110111111011111101111111110110101011010001101111001001000011111000000001001111110010011000111101001110001111110111011100110100110111001101000111011111001000000010111100110110011111101110001111011111010000111000101111110101001011010010110101101111011100000101111011111110111001
011110111100011001001110100000100000110011111110100000111001010100100001011100000001111010000001000011001010110101000110111111111001100100100101111001001011000100001001011100011001011110110111011101010101111110010001011101011000000011111110111101001101100111110101110000111011111001111011100101100111011010101101110011000011111011101001001101101011110010110101010000011000111101100110101100100110111110110111010011101101111101000001111111010000100111101000001111111111101001001111
111110110111010100100001100110011110101100000001001101010011000101001101110010011111100100111010100110110101111101101011001001110111100000111111001101101011011001001001110111001101100110101010010001001011110010010010100111011101101100011001001000111001100010011010101111111101000101011011111011011011110100110001110001011000100100101001000101011010100001111010100001010111110101110111100100100110100110011111000111010011010100001100111110101010110010000010111000001000110010001111
011000111001110001010100111111111111010001100011100010111100101101000011010000001010110000110011011110110011101111010111010010000001101010101000001110111111110111011011001011111001101011111001000110110100000101110100110100100000100111111011010111010000011111010100110111011000010011010000010010011001000001101010100111001011110101001111100111011011110010001100110100110011001100010110110011111011010110011110011101011001010101100101011001101000000101100110110111110000110100101111
101000111001101111011111000011111111000110000010110000110000110110000010000001111100011011001011011110110011101110101100111001110010000000011101101010111011011010111010110010011010001011111011111001110110100110111111001001100100000101101000000001000010100010101000101010011000000001011001101011110010000011100110000111110101010101011010001010110001011011101011101111101011110101000000111111000001001100010101110111111100111010111000101011000110011101110111110000001100010011001100
011011110111101101010100001001010000100111010111110101110011001111001111010000011101001111110111111110111001011110100110101000000000100111010100010111001000110110111011111110000100011111101010111100011011110000100110100100011110101000011110110110001110010110000111111001100010110111011010101101101101001101000000001010010001111110000111011010111101001111101011110010110011000111111101100011010100011011000100111001100000010101101010001001000110110101111111101111011001011111100111
101001001010101110010010110111101110000000101101010110011101011010111101100001110101000000111111001011000000111011001011101001001101110101011011101101111100010110110000001011011101001010111111010110111100111000111010110000100011101110101101001110101101001110001110010000100011011110110001001111111101001111100001011110001111001100101110111110001010011111101111111011101010110010000001111010111000110010100000111101011000010110010101011111111001110111101101101010011000111010101110
110110100010001010111111001011100000001010011001100101011100001110011001101010110001010011111100000010000100011111111000010101101011001011100011000001010011110011111001101011001100110010101011111110010001110011111110010101100000100011111000011001010011100110110110001011101111000001101001111000110000111110000010101010111001000001111111111111110101001100101000001101111100010101011110011100011011111011011011011101110111100110000111010010011010001111000001101101111001110101010100
110100100011000011100101111110000101011111001111010101011001001000011111101110111001100100100101001110111100110010100101100100101110101110001100111110010100100011111110100111001011100100001110100100001010000101001001111101000010110110011101100111101001000110001011011111010110111111111101011101100110001011010011110101110100001010101011100011100100110101111110001110101111011101010111100011100100000100111111101001100011100000100010010110110111111010110010110000001111011000110010
101101000110011011001111011111100010110111001000010000011001011100110011000110000111100101011010010101011010000111011101011011110100111111001001111110010010110010000010001001001010110110011101111100110100111111110001011010011001110011011010101010001111101100100111100100110101101000101101101010101111111101001111001111001011011101111101011100001101010111011110111011011110100100111100011110011100111011111011100011111000111101000011101111110110001111111111111101011011101011001010
110010110101001011100110111001000111111001101101010011000111001001010110101111000010111101010100110011011000000101110011011110101000101010101100001011110011000100011110010001111100110100110100110101010010100111110111101001001011111001011000110101101110011001101010111100011001111101111110100111101100011101110110101010010101001101010111001011111011110110011101000001001110000100101101111011000100000001101001101010110110111100011011111111101110111101110001111010010001010111000111
111010010100101010101010101011101111110001011110101000000111000111000010000000001110001010000011001011110111101101001000000110000000011001011111111011101110010100011110100100010000011110011000000101000110000110101110111101011110100010110101100000100001011011110110101010101011101001110110010100000101000011111110000100100001101110010101111111010111101010001101000010000111111010111011010000010100100001111000101111111101010100101111100010100110110101100111010001111011011111100010
101111111001110110001010010100010101010001100011101111010011111101110110111000001000100110100000000111011101100101101111011101010111011011011011111001101111011010101010110111000100111100011000101001010011011101101111011001100001000001110101110100110011111000111111110011001010110111110011100100001101100101101110000101100100110011000101111011000101100110011010000101100111111000100111101000111100001101110110101011111010000101011101010001101011010011111111111110000110011110011010
000001010101000100100011000000100000010110010000000100001001101011101111110100000110011010101101010110110001111000001101111000011000000110110110111011011101000101110111111011010100010100111100011110100111111110010011100001111000000001011100011110011111010100011010111110111010000111001110011101100101101101101011000011101001110001111010110001100001101011010110100001101111001111100011001100101101110101111111001001010011001011010011000111111100000010100111110111111000000110011101
101110011100101101110111110111100111111000111100010010100010010100001110101101011110001100000101010110111111101110111011011001010111111000111111101010001011111010110111001111011111111010111010111110011110010011001110111001101101100101001101011001111010110101011111100010001000101001111010011110111111111011000010000100110011010111001010111100110000100011100111001111101111111100001001101001110000111011111110101010011010000110111011101110101100111110111001011000111000001001011011
101011111100001001011001010101101100101010111100000110010111001101010110100100110110011011110111111000101110101100101000010101111111100111100101111111110001101110000111001111111010001001000001010111111011110110000110001001011010110001101011011000010010011000111111101001110101100010010010101101000011000111110100101101011111011100000000100010110101111111110011101100011001011001100110111110010100100010110010010110000001010101000101111100001011110000111111111001110100000100011011
111110011101101110011110010110000011111011111110110101110110011000110011010001100101100011010101011110100110010010100010011110010100011100111110101111111101000010001100001100011011110010111110001000001110010110111011100010010100000001101110111111101000101111101101011011011011000011110110111110111111001001010000111101111000110100100111111110111110111111011010111010110011110101011111111101010001010111111101001100111111110100101011111110110111100100011010010100011100101110011010
000001010101111110101111111011100100011101111010011010111010111011110111111010010100111111000101100010011110111111100011111111001011110101110010110101101010011100110111010011110110101110010111101010001100111100010110100000110100111010011101011111110010111011010010010011011111110101111010100100001001100110110111100111011111101010100000111100110100011000111101110111100011100101100101101011011010000110000001011001110011011111101010101011001011101001010111101011110010001010011111
011111000100101100000100000011001010111001111101001100011010100110101110010100100000111001001100010011011111110010101110100110010110110011011010101001010111101100110110001010011101101111001010111101000001110010001011110100111101100011111011111000011101000001110110001110110101011110110010110111011000101101110101001110100100001011101111111101111011001010111100010011010111101111000001010111101110110111101011001101010001110000010110001101011010010101011001010011101111100101011000
110001010110000101100110110010010000001001110000011010010101110110001101101100111011111000011110111110101011000001100010100110110110011101110010011000100010101101110000100001000010101111100011100011011111101000110000100011111101010111001000001010110110000100011100001111110100100110111100101101010011100111100101110110110101101011111101101100101010100010011100111101111010111001000010000101001101000100011110000100110010011100100010011010111100101011111110101001010000010100010010
000111011110010100111000011110001010011110100011010111101111000010101111001100100111001111100001100101001011110101100111011001010111111000111110011111111100011010111111010011111101001110110000100111001110111111110011010010010011001011111100101111001000111001010110100011100111111101101011101110011111011110010001100001111101110101110111111001001100100001000100000110011010100111111111100100110110101111101110100110011111110011101010001111101101000011111111110011111100110110010111
100001101111000111110111101011111100000001111010100100000111110101111100011101110110110000101010111110100000010111011110101100010101100100001110010110111111111010011010101001100011101110111001001011001101011111110001010101000101110011000000100101011011100001011010001001010110011101011011000100010001010000001000000000001110111001111001110010011111010111010110010110001111100111011111111111111101101100011010100111110011101110010000110011011000110110111111111101100110011110100011
101111101100111110111001010110101001111011011100111010011101100000000100100011111100011111111010111100011101001110000011011001001111100111101111111010111101010010100100111111011011111000011010110111101000001110111011010111110010011010101000100100001110001000001011011110001101011010001101111000001110111100001110011011101101101011100100111111101001111101010000100001110111000110100110010100000111110011011011100011010110010010011011111011101101000011110110001001111110000111110011
111111011011110010100110011101010111111100100110100100110000110000101101100101001110000100101101110100100100000000010101111111101000111011110100110110010101000010000010001111111111111100001001101011000010011001101001101000110000111010011011111001110001001000000101000011000011001111111110010110001001001000001010001111110000110111101010001001000011111101011000001100111011100101111011001101001010111011011110101111010111011001001100011110000011010011000000111001100111001101101010
001101011111001111010101110000001110111011000000111110101011011001111100111001100010110110111111011110010101101100111011110010101010011100000001100011011101011011110111001100100111011110110111011011110011000101100101110101001011011001011101100011000100001011010100111100010011001011011100111101011000010010000010111010111110111110111001111000111111011001000101001111101100111111011111000101101001011011101011111000110010000100111110001010110010010110100111101100000010101001001100
100101101001001100000011010111100001001101010100111100111101100110001101111010001100001110011001111101001001111101011110101010100111010010100111111011110111001111001100110111100110111000111100000000101100011101111001100111000101101111110010111101101100101111000001010000110110011100111111100010110001111110000100110001001111100111100000111001101000100100011011111111100001111100011010000110001011000111011100110000110001110101011100001101110100100110001111001000000000001100100100
011010101111010111011110010110011100011000101101001110101110110000100011110100001101110011111011011111111111011100010011001110000100010111101101010001101100111110101110010010101011111111110010010010110110010000001010110010001110101011011100011111111101111000010011101000111111011000011110011001101001100110011100110001000011100011010110111001100001111011111110101010000001111011110111001101101100110000110001111100111110011110010001111110010100100100001001101101101111011101010011
100001100101000110001010000110100100000100110111111011011101010101001001010101000101010011011001110011000101011110001111111001101011111001001111111011001101110001111000011110110001100110100010111111000011011111000101011101010011111110111001001010110001110110101000101001100101011111011011100001110001010100011001001111101110111010111010001101111111100111111101011101000010100000000001100101101000000000110111110100100101001110010101101111100110110010000111111010100001011101001100
111011000111100010000101001111001010000011011011100011010101100101000101001010100011010101000110010110100111110110010100111111010111011010000011101100100101010001001111111000010101011010111111001000101011111110101001101111011010101010110001101110011001101001000010000011100010111101110100100001110101110110000000111101111101101001000010011010111111111111111010001100011111101110111111101100010100101101000010110100100000101011111011111011111011101110110010001101101100101111011100
100001100010110010111110111101011101100010101111111001111000100011111111110011101111000110001100000100010110111111110100111101111111001111101010111100111010111100101111100011000111101110010001101100111111001111001100011101010110010000001010111101010101111100001111011011011100010100110011101010101111111111110011010101010000010011110111000011101111011010011100100110111111110011100100100111011100000111100110001100011101010010011111100111101001110011010001001100111110010011010100
011010010100010000101001010000110110111101010101101111111011000011011101010010011100000001100001100111110101111111101011111011110101000111101000000011111011000000111100100111010101111010000001101111100000011111110010101101011011111110000010000111001101000010111100110111111010000110110101011011111110101000011101100011110001011000001100110011100111000010011000111111110111011101100110110101000100110110111000111101001100010010111011101111110100101111101100011000000110111010001001
011101110101001101011001110111110011111011010100011111010011110101111100110001111001101111000111101001111011111111111000110111101101001000101101111010111010001100111000101001011010101110011000100001001101010001000011000110011001001110001111101100110001110010110100011011001001010001111111111010001010111001011001110110110111110101110011110011001111011111110001111001100111111111101011111111101100111010010111100011001010001010000111011101110000100110110010110011100101010111111010
011010000001100101010001110001111111100001111111011001001000000001110100100100100000011101101110000101100010111111001111110010100010011000001111000011011101011100000001011010000001101001010010111101011001101100001010000000101101011111110011110000111100111101111111110110101111010001111100100000110000111110000111110111000011101011100010111011110000100110100011001110101011110010110101100110011110111111101100111001010101101010101111100110001010111011000011011001001101001011110111
000110100100111110100000011111110111011000101100111010110110001000100000000110111111101000100010110000111111110011011111011100010111110011011100010001101011010111100001010011001100001110001100100110100100111101011010110110010010101000111100001000100110111000100001011111000100110010111111100101101001000100110111111001111110111111101111010100010010001100111010110101111010101001001011001010100011011011110001000111111000100010110000111001011000111000010000001111000011001010100011
010110100110011011110100000101011010100101010101010100101110111111111010001111010011001101110101101010011011011111001011101010011100001011101100010000100111011010001010101110010011000111111001011101111001010111110100101001001001000111101010100101101011101100011100101110001111000011010100000101001011000000011101110100011111000101101110011110001001110110001101100100010000100000110100001110001111001101100010001110110000110001111110110011011010000011111100000001011000010111111001
101010100010111011111010101001101101100110001101110101100100010110111110111110101001101000110101101110101010111011001010100110010011110101010110011111010100010011111011101111000000110100100111100110110100001010110011000011010011110100111010101110010000111111010111010010111101001100000010010100110010010110111010001010001110010101000101101001100111011100100100000110111010000011010000110001010000111010010011101011011001101111001101101001010111111000111011101111110111001001101001
011011111001011100011001011110101010111001111110111000100111111100101010110110010111110100101100111101110000010101011100111101111101011000001001001110011000011000000110101110000111110111010101111101001100010100110111110111101101001110111010011011011110110110000011111001010011111000000101011111101111000001000100011100111111100011110111001010111001010011011011111101111110101000101010101111011110100001100011110101111000101001101101000011011111101011011001000101010001110111110010
101011001010111111100010000011010001001110111000100111010010111111010111100010100101111110101101111001000000110110000010111011111100001011010110100000010010100011101111010011010101111001110111101010101111011000110110110110111101001011110001011110011000001111110010111011110001110000001101000101000011100100010001100110000111111111011000110001011101100001010010110100100010011010000010110100100110011111101100111001000011110010000011111011110110111101110010111111010000110100010111
111100011000100101100010011111111000101001001001101101010111001111011011100110101011101001001111100001010011011101000011111000000011001011111110010111100110111111011110010111011011101011000011111011010101000111111100111101011111011101011100010101011101011011111000100110111100111101001101000100001010010010000101010111110110111101101111001011110010011101100100101110011001110001001110110111110101111001111100011000001110000111110110100111011010000111111100110100110010000100111011
100101001111010111110010111011011100001111011100101000000001000111000110000001000111101101011000010101001101100011001001110010011001101100001110101110100010110001000011100010111110001010100011111111011101001011101010000001111011111100110101101011000100000100011011111111011001101100010000110110110001111111101101111001111001101010000000101101001111100011011001111101000000011111100100011111111110110001100001010111001101011101111011011000100111011010011111001100100101010101010001
010110011000101100110001000000001011001010111111100111100101111101011000110111011111100001011011111010101100101100111100101110000110011111001101111111010010011011111111001011111010010101100010110100100111101001111010010110111111111101110010100100111000111111000111000010111000110101100000101111111111110101101111111001011011001111111110100001011000010100101101000001110010101111110100110011011011100000011101111110010010100010001111111101110001010110100101100011110111100101001111
101011101111011111111100101101000000010010101011001110011110011110010100100101101011101111011011011101010111111010101000100011000001001110111001111111011011101111001111101000110110110110010001011001011001101101100101101011011100101111010011000110100011110110111011110010111001111011011111111100101001001000110101001000110001111110011101001110011000111111111110110101010110000011010101110111010111100011110111111110010001111011100011101011101101011101100100100011111110011100110111
011011111001010111110001011101010010111000000101110000111110111101111101010000010100001111000001010111101101111101010000110100011001111101111000111101100111110110011111000111010011011100010010011010110011010010011000010001000010000101111000010011100000110000001111111011000111001000101100001110101110011110100101100111110111101111000001100001101111010111101011011111001000010110000010110110000101010011011001111110011101010011110011000011011001110101010001111111101011010110010010
011001001001110111011000011100101010101001010111011010000001110111100111110101110011111000100100100101011101100101110000111111110011000100110010100000001111111001011011011011110100101000010101000101101001100001011001110101110110111111011111101100000001101100011100100011100011011101100101101110010011010100110000111001010100001000110011101001010011001111111111000011101001101000000110011011111111011101111100110011111010000100110110011101001011001010011100010000000000110011001000
110110011111110011011110011110011110010000100011001001011111011010010000011111000000000110000100111111110011010101010000000110011111010001010001001101101101101000111000111000010000100001011111111111010010001011001110101101010001101001101101111011011111100000101000110001111100011010111010000011011100111101110001111110100100010011100101100010011001101011011001101110011111011010100110101011110100010001110011010110011101001000101010110100001010010011111001011000110010110010001001
000001101001100111111000100100111010011010100110111111000000011001001101101111001110111010011011000011110101011011000001010011110010011011110101111100011110011011010110011111001000011101001001001100111001001101101001000110100101101111111101100001101101011100010101011100101011111111010110110010111101000110100101101101111110100111100111100001011100010010100011001111100011101111101011000110111101010100011011001111011010011011110101111111110011110100101101101110111101011001001100
100100000111010011110011011110001011100111101111101110101100100001010110111011000011000100001110001110000011001001011001101111010101001110101011110100110010100101101111111100111111110110111111010010110100011101011111111101110111010101011011101100001101111101101010111001011001110101010111110110100011111000000011101100100010110101110101011000001110001100011011001001001011101111101101101010001111111111111000111111010001100111110011001100101011111011101010111111100011010111100001
100100100110110110010110100100001010010000110111010010000010111100011010101110001010011011100110001111100010101101010111010010011111111100000010000100010001111101111110111101110110101101110010011110010100011101101011101110111101111011111111100100111101110101111111111110000011001110101000110101011101011110100011001010011110010011010011111001110111011101000011110011011011101101011101010010111110010101101111011010001010100001110000001100000100100111000100011111010110001100010010
110010000001110011011011100101111101100111110111110010010111101011110000000101111011101101010010011010000100101001011110011001010010000100111110000111101000111111001101101001011100110001101011110010001000100111100011010110011111111111111101101010101011011110110000101100111010100110110101000010101011011000111001111111110111111011000100111100111110101110111100100000111001001001111011100110101111100100101100001000011101110100000110001000101111110001001111001100010100111000100001
100011011011101111001100001101000110001100111000010111100111110101011001111100111100101101001010110100101011101010011111000011100010000000100010101101000110010001101000101101101110000111101010011000010111001010101111011111000011110111111001110111111110101000111011110100110011111101100011111100001011000011001000111011111001110010000010101000101011110001111011110101101101101001100110011011010000011001010101001110000101111001000110010011010001001001111100011011110111001111001110
000100101111110011011111110101101100111111110111100110011001011001110011100000110111111010110010001011110011101110000111110001100011000010101110000011101011101010101110100110101011101000101000110011001010111100011010001110110011011110101010110101011111010101110100010010111111101111111111101011011100101101001101101010000001011000001100110110001101000110110101110100111010110100100111101101110111100110010100000111010000101011010100001100101100010000111000100111011111000001011110
101100100101110011111101100001100011110111111101101101101011010110111110110111111111100110111111001110110001100001111000101100110010110010111000011010111011111001101100110111101001111101110101010111110111111010110100111111101000010011101110011111010000111000110101110110010110000010001101100100010100111011010111011001100000111011110111110110100111001010111110100111100101111100101101001100011010101111110011101101101111000111010101111110110001101111000100010001100011100100010010
111110101010101111100110000100111100011100010001111101100010110101111101111111110111100011001111101011101001101101111110010000111110100001110100010111010101111101100011111001011100100101000011110100101001010101000101111011101111011011110111000111010101110110110101101101101111110010100101101110110011111101011110100011011000111011010100101101110110110011110010110000110001110111011000011001111000101101101110110011000110110110010011001011000110011110111000111010111100100000100101
011110010110010011001100101000001011101011011101010111111011101110111000001000111110100110011111111010011111011101010010010100011000010100111101111000101101001010000101011010111010111011001001010010111011011011000011110000111101111111111011111111001011000101010100100110101111111001110101001010000101000101001011011001111000100010010011010111011010011011011101000010111000101001011000010001010111100000010111111110111101101010000111111110111000000011000010000011100001001001111101
010001111110000111101110011101101001011101111111111101000100001001000001111001110100001111101001001110111110110101011111011000000110010001100110000011011111111010110100000111110100111110000001011101110111011101011100010100101011011001001100110001000101101101000000001101011101011100111101101001010011100001010110100100101101011001000111110101000101010111110111000101000001011001110010100010000010110001001001010000110110001111111100110110001001100011011010110010101000110111111110
111010100011101010001111011101001000010000001111110010010000100101110011001100011000111010010011111001010011110010011010011111001000110010000010110001011011110101111110111111110010111110001101001111101011010001111100110011100111110111010101110111111101111111100010010010101111100110011111010001011100111011100100110111011110111011011100111110111100011110110100101001111000111111111011010100100110100110111100101100101010100001101101010111110111100111010001011111011100011111100001
001101000011111010111111000011111000000111100010001000110001110111111111100000101110011101011011110110011011001000100111101110100101110111100010001100010001111011100110001100000101011000100000011100001101100010101011000100011011111000000001010001000101001101011100101100001011100001101100110010010010110100011101110010100010111110111000110010101100110011010111011010010101001100111111101010010101101100001001110011000100010110010100011111101001110011010010100011000110010011011111
100011111001100010010001111000111101100000100111101110111111111101111111111111011101110111110011111001101101000111111011110010101110110000101001001011010010011110111111001100111010111110000001010111110111011101101101000101101010111111000101010100000101001111010110000011011111011101100110111100000010000010010000111000110011011111011011100110010111111001110010101010110111101110110110010101111111111111011011101101101010111000101111111001110100101011110010000110110001101010010011
100001011101011010111101111111111110000000100000110111110111101111010010000001010110101010111100000111001010111011001100001010010011101011111010000110001100101010010011111010001010000011011010010111000101010101011101011001011101011110010011111000110110111101111101110101111111011000011000110101000001010111111101110111110100110000011011111001001010100111000101111011101000111111101010001101110110110101111101111111111001000010110011111100110110001001110000011100010010010100110111
010011001010100111110111110010100001010011010110111111111011011111011011010111111010110111101011111001000001000000111010110010100001111100111011001000101001111010010100111110001110100011111100011001010010001110010001000101011110111000110100001011010010000000100011010010001101111111001110100110110110011100011001011001110010010011101111000001111101101010001101110001000010111011010110000000101010110010110010100001111110010000001010111110110011110110110000101110001111101111111111
000101010110011110101000111011010101010111001011100011011010101100111010001111000000001011110000100111111100101011001101111101100101111001111000001110110000110100011010000100001111100010010001010111101001111100010100010001110111010011101111111001100111110110101110111000100110001011110110001000111101110001001010010100101011110110010001110110110000101100110110001110011110101000010101111101010110001100111010101111100001011100010100000011100111111011000011010101100100101001001011
000100100011001111001011011110101001101100111110000001011110001111100111110110111001000011000101101110001101111111010011110001101011101110101111101111110011011101100011001101111111100100010000110111110001110010101011101001111100111101101110000101111011011010111100001110101000111010001001000101110100101010101110011010001100000011111111110111100010100100000011110110100110010010100111111001110010110110011110111011110110110100101001100110111111101111110000010100110011100111001011
100001101010101101110110010000111101011101110111010110011011101100010010100110100000001100100111100100000001011110100101001101111101111100100101000110100100100110111100001111011110101110101100111111111111111110001111011010111011101011000111001000101011110010101101101111111001010111111000010110110010001100001000001100111010011111100100110111110100101011010111000000000110110001110001111100000101110001000011111001001011100110001011110010111110011101010101010010000010011111100011
100100101010101111111111000010001010100001001000001101010010100101110010011100000100011011110100110001011111101001111011110110011100011000001001111111101111111111101100110011010000000111000001011111101111000011101111010111111101001111010000101101000011111110010101111000011001111100100000001100010000110011000110100110011010011100011111110011010001001110101011000100110100100001110110011111100110001011011110100101010001000101010001011101101111100100010101111000100100000111111101
101011001101101110000101110111110011010101000010000101000100101000001011111101011110100111110001010101100100110011001000111001111100100000110011011011110110111111111010011001010011001111110011000101011111011100111010010101111011110110111000010011100011110110000001111011111100001110110001111100010100111010101011111111110011001100110100111101111110110010010101100000111111111010001101111101011101111100000001000011010010010111000000010100010111110010100001011110101110101001110011
000000111010010101001111110001011111110110000100111111101011100000111110111100111111110001100110011110010011110011100011111110010111000101011110111100111111110110111101100000011110110010010111011010001110001101110011100101101100100010101011001101000011101000011111101010001111101110100010011100000110000110110011100111001111011000010110111001010101100001011100000111011001111111111001101111010100110111100110011011011000110011101011011000110000001110000110000101110101010001100110
101011110110011000110011000101100101111101110100010001001010111011110101110110100000111000111000111111000001011111111110110101111111100000100100101001011010000001001010110111111000100011011110011100010001111111011110110100011110111011000001110001110011010000011100111111110111111001101101111000000111110001111000110111110100011101010111110000110111110101111110100011111111000000101110100100001011110100011110001101011010010110110111101001001110100001100011101001111000011110110001
101111010010101110010011110100011111011110101111111111100111011011100101100111110111010011010100111011101111000000001010100100011111111010101101000011001101101110111010110100101010111001001010001110010111110111101001101110101110110111010011011011010110011101101001110101111011100011000110011101000110100010100100010110001111111101110110101010111001011011100101111110100011011011010101000100010001101000011110111111010000110000111010011111001001010111110110011111101101010111111101
111101111001011100001100000110111000101110010101111011110011011000110010000111011001111110001111110011001100001011010000101000100000110100101011110111111110100001101110101110110110010000100001101101000001101101101011111010100000111000111000000111011001101001010001101110110111000011010101011111111011011111101110011111001111110010101101110111011100100101100111101000011001101100100010111100001110111101111111010001011111011101111011110110111101010111010110111011000011110100011111
