1011111111110101110111101111001001111011011011110110011111011111111111101111111111101111111111100100111011110110111111111111111111111111100110111111000111010001110001111110011111111111111111001011110111111111111111011111
1101100101101111001111100101101110011110101101011110101110111101111111111111010110111011111000011111111010111111010101101110111111101111111101100111111011100011110101111111011100001010101111111111010001110010001111110111
1111111001101110010011111111110111101011011101111111111101011101011101100011111011101110111010101111011111011011111111001111110101111101111011101011100100110101101100011101110110011110111111111101101110111110100111001111
0001111111111111111011101111111111101101111111100111111001110101001111110011111111101111111111111111101111111111001111101111110011111101110001111110111110010001110011111111011011111111001011110111111110111110101110101111
1010111111110111101011111110100111111110101111010111111110101111000010111110110110111111100111111111101111011011111111101110111111110111111111111011111110101111111100111111110111111111111101111011111111111101111110000101
1011011101110111101111011011110011011100111111111011001110110001101111101101111011110111111111111011101000101100001010101111001101010111111010010011101111011111101110111111111111101110010110110110001111111111011110111011
1111001111110101110010111110001111110111110001111111000000111111101111111111111111111110011110110111011111111110011110000011111001111101110000011011111111101001011111111010011101101101100101011110100110101111111111110001
1110111101011111011101101111111101100111110101110111111110111111101011011111001111111010111111111010111111110010000110010100111111101111011111111111110110111111111111110111110111101110011111111010110101111110101111010100
1000111111111011111111111110111101101101111110111011101101100111011110111111111101111111010111011011101111111100011111010010111010100111100000111111000001111111000100111100010101101101111010011111101001111100111011111110
1111111111111011111011111111101111101110111111110111111010101110111111111011111110001110110110111111111011101010111111101111111101011111111111001000100111111111110111001111110011111111111111111001110010111111000111100111
1111110111111111110001111110111111111111010111010111111111000101111111101111100111111101011110111111010111110110101111010011111101110111111111111110010110111111101101011101111111001110111101011111111110101111011110111111
1111001111111011111111111110111111011111100011111111111111001001111110110101101111111100111011111111111110010100111111101111101111001111111101011101000011111011011111111110000111011101111110111110000011111011111101011111
0111011110100011101001011001100111011110111111010010110111111011111111101001101011110111101110111010001110101111110110111001110111101111110011001111111011000111111111110010111011111011111111110010111111110101111101100111
0110001011111110101111111011111111110110101110010111110101110111011111001000101001101101111111110101011001011111101000111111010011100101111101111110111111011111110111111111101111101011110110111111010011010111111111110110
1110011111101101111111001111011111011111111011001011011111110101111111111111111111010111111011001111111010110111011011111111110101100001011111001110011101111101011111111111111111110110100110101111101111111011111111110011
1111101011011011110101111011111110000000111111111110101011111110111011011111001011111111110001110111110111111011001010111101011111101111111011110110111110011110111001111111101101000100111111010010111001101011111111111111
1011011111110010110111111011101111111101110111011110111111110111010101111111111011100110111101010111110111011111001110111101111100101011111111001111011011111001111110101101010111111111010011111101111111110111111010111011
1110111100111111111100111101111101101111111101111111110001111000110111110011111011111110001001111111011011111101011111111110010110111111111111111111010111011101111011011001110111111100111111110110111110111111110111101111
1111001111111101110110111101101101001010101101111000110110111110001100011011011111111111111111111011001111111101001111011100101010110111111011101111011101101111010111111111011110111110101010111110011111111111111101110000
1101111111111110111101010111111010001101101111111111110111110000111110011011011111110111111100111010111101010110101100111111011111111101000110101110101100110101111101111111010111100010001101110110011101011110111111101101
1111101101101111001111101110001110111111010110110010100111010001101111110100011111110111110111010100110111110111111110001111110111011011111100111010111111111111110111111001010111101100111011111111111111001101111111110111
0101010110111100101111011010101111011111111101111000101111111111110100111101111111011011110001101001111111100010110110111111111101111111011101111101111100101111101011111010111011110011111010111011111111111101110100111111
1011101110111110100011111111011001111101011011101110011111011111111011111111110111111111110111110111111001110011111111111111000111101001111010111011100111111101011110111101011001111111111010010111011111111111111111011011
1111011111111110101101111101101011111111011111101110011111101101010110101011111001011100001110111101110001111111101111110111110111011100101001111011111110100111110000111110011110010110101111110001111010100010111100111111
0110011101110110111011001101100010111011000100011100001111101110111011111011011100101011110111010110110011110111111111111110011111111111111110011101101101010101011111001111110110110100101111111010111111111101100111111111
1111100011110111111111111101010011001101101110111110111111111110100110111110110111111101111110011111011010010010101111011010101111101111011101110111111111001011100000001111110111010110110101101111110101100111110011100010
1111001111110001111110101101101100011101110111110111111111010111101111111111011111101111110101010111101111110111111111011111111111111110011111111101101010111011111011111111011110001011110101111111101111101011111111100111
1011101011111111110111111101111111111111110111111011111111111011100111110010111011111110111110101111001111011111111011101111011010101011011011111000111110111011111011111111011111101101011100110011111111101111101110111111
1100111010101001100110010110110111011111111110111101101101001011111111101111110101111110101110011111111111111111110111001100011110011110111111101110111100111001001111111111111110010111111111111110111011111100010111111111
1110111111101101001010011111111111111011111110111011111111111101110110111111111111111111111111011011001100111110111101111101100111111011011111110111010111111111010110101111111011011011111101110111010100110111101101111110
1111101111011111111101111001101011111111101101010111111111110011111101111100001011011110101111111011101001100011111100111111111111101101101110101111000110111011100101110111100010111011101111111111100010010011101111110011
1110011111111110111110101001101101110111110111011111010011111111111111111011110110100110101111110100110111110111111101110111010111111101001000110110111111111111111111111111011111100001111111011101111111111111100110010111
0110101100111101101110101001111011111111011111011111110111111111010011010110101111001110101110110111111111111110111100101101111001011110111111111101101101011111111111011011100111011111110110000111111111101111111111111110
0011110111111111111111100100110100101111111101111111100110011101101000101110111111111111111011001111111010110101101101000110010101111111110110100111101111110001000011101010110110111101001111111111011110111101011111011110
0001101011111111111101111111101111000011111000110111001110100011101111111011001011101110100110101111100011100110010111011111111111111110110111110111111100111010001011010111101110011111010111001111111111011110111011111101
1111011111111111100111110101111011111010110111110011111101111111110111110011000110111111110111001111101111110001011001111111111111111001111011001110111011111011111111110111110111101101110110111111000010100011111111110011
0111111001111111010111101010011101011110110011111111101101111001111110111110011100110101111111101111101100110111111110011111111011110011111100110000110111101001111101111110111101111100010111111101100111101111101111111101
1111101010111111011000111111100111011111100011110111011011111101111101011111110101110111111111110111011011111111101011111111111011001111111111111111101111110011111011111100101101111110111001011110111011111011001111101010
1010111010011111100111111111001101111111110101110111111100111001111110111011011111011110110001110111111101011011111111101100101000111111110111111101011011001001110110011010101111001011011101111101110110111111111001101101
0110111111010101111101111111111111111110111101011111101101111111111011110101011111111001111110011111001111111111110011110111101111101011101111111111111110111101101100011111111110100111111001111100011010111111111111111111
0110001110111100111011000111101111110011111111111111111100010111101111111001111111101110011110111011110111111101101111111100101111111111110111101111101100011101011111111011111111010111111111101111001110111111101111010001
1110111110111100101000011000111111011001111110111111100111011111111110111011111101111101011111111111111110111111011011011111101110111010111111110111111001111110100111111111111111111010011111110101110111111111111111101001
1110010101111110110110011110111110110101110011011101001111111001001111111110111011010111111010111111000111011001111101011011011111110101000001101111101111101001101111111110000111111101111110111111110111110011101011101011
1111111111001100101101111011110110110101111111011111111111010011101111111111101001110110011111100100101111110010111101010110111101010110111000100100011100111101110001110111011011011110111110111111101100111101011011011011
1101001111010111010100001011111010111111111110111101110111011001011110111110110111111111110001111110111101111111011011001010111011011100111111011111111111111100111111110111111111011111111111011111110001111111110011101111
0110011111111011111111011111111111101111011110011110111110111101110111111100011110101111011111110111101110101111110001110111101111111111101010011110111110011110110011110111110111111110011111100111011111110111111111111011
1111111111100110111001111111111111111100111011110111010111111110111110011101110111111100011011111111010001111100111111011111011010110111111111111011111101100011111111111101111101101111101000110011111101110110111111111111
0011011101111101101011111111111010111111011101111110111111110101011010111101111001111111111110110110110011111111111010101001111110011111110111111100101101111010111011111110001111011001111101011111111111111011011110111101
0000010101011100110110101111111011111111111100111110010110111111111111001111101011111101111111111101111001111111010011011111111100111101111110011110101111111111011110111111111111111111111110111111111001101110011110011111
1101111101111011111111111101100111111111101111101111111101111111111111010011111010111111111111111111010010001101111101110101111011110111111111010111111110001001110110111111101111101111011111111101111111111110111010110010
0101101111100101010101111011111110111110111111111111101100110101111101011111111011010111001110111111111101101111111101111111110010110111110111111101110111101111111111001111111111101111111111111101111101101011110110111111
1111110110011010110011111111011111111111111101111110011110100101010001101001101010001111111011101111111101001101111101111010110111111111110011111001111111100011111110111111010111000110001001100111011111111010011000110111
1111101000111011111111011011110111111111011101111111111001010101100001110110011101100111111111011011110011011010111111011111111101010001111111010011001000011000111111111111111011000111111110100111111111110011011011110010
1100111111111011010111101111111011111111101111011011011001001011111111110011111101110101111110111111100110111111111111111011001111011101111010111111111111111110110000101111100111111011101011011111111111111010111101110111
0101001111111110111010011110001110011001111111111011010011111111111111010111110101111111011111110111111111111111011111111110111111111010100100111101110111110111111001110001111111110011010110111011111110110101100011111111
1101111110101011111100101111001011101111110101111111110100111010011111110001110100101110011001010111111101111110101111111111011101111010110111011100011111000110111111011111101000101001101111001100111111011011110110111110
1111101111111110111001111011111111011110111011111111011110101101110111010110101111111101001110110011110111111111111100111111111011110111111111111111011111111011111111111110011101111100101111101110101011101110111011011111
1110011111010111110111101111110111111111101111101111011101011101101100110110111101111001111110011001110111111101111110111000111011001111110111111001111011111111001110110111011111101111110111011111000100011100101111101110
0111111111111100110111101011111111101111111111001010101101100011011100011101011111010111111110111111101001011111011011111011111011011111011110110100111101010111111101010010000111111001111010010101111101111011001111101101
1011111101101111101111101101000111011111111101111110110111111111111111111110001101111110111111001111111111011100111111100011110000101011101010101100011111111111111110111111101011111111111111111111111111110111101111000111
1111011001011101111110111111001011011111011111111111101111001101010111101111111110111110111001111111010010011100101101100110011110101101111111111011100011111111110111111101011010111101111001111110011111011111011101111011
1001111111011111111111111111001111111110110111111111111111101010101110010101101111101001001111011011111111011111111111111111000101101111111111111010111101110111111111111111001111110111111111010101011101110111111101101111
1111111111010100011111111110111111101111111011110011111101111111111011001011011110111101011111111111111111100111111110111111100011110111111111111101111111011100001110111001101011111011111111010111111011101111001111101101
1101111001111111111111010101011110110011110001111111110111101111001011111101101011111111111111111111111111111111101001111111011110110111101101111110010110101101110101110111101011110010111101111011101111100111111101100010
1111111111111110110101010111010111101111110101101010111111110101111011011111101111110111110101111111101111010111001001110111111111011111110111001101011010001010111111111001101110011111111011101001111010011111111111011111
0111111111100011111101101111111010111101111100111010111111111111011111111111101011111111110011111111111011111101010111101111011111110101011010111011001110110010100110111111100011111111111111001011110010110010111111111111
1111111110111111101000110011110111111101111111111110001000111101111110111111111101110001000011111111101101011110110011100111110111001111111111110111111101011100111111010111111010010001110111011110001101010111011111111111
0111111101111011111101111010011101111110011111111111111101111111111111111111101111101111100110111111110110110000111111111111111101011011101111111111111011110011101111100000111110111111001111101111000011011101110011100111
1001111111110111111001111001111111010111111110101001111001111111001101101011011111101111110100111001001111111101111111111100110110001111001111101111111110011101111111101011100001110011111001000110111011101111100110111111
1111110101111100111100111111101101100110110110111111101101110110101100111111011111111101110110111001111111101111111110010011100101111110110111111011111011111001111111101111111010111111011000111111001110111111101110001010
1010011111111111110111101001110111111101011011010111110111111010101100111110011110111000110011111111111011100101111110111110111011110001101110111111111111111111111110101111111111000111110111111111011111101011110111111101
1011111011110111110111100111111110011111111110111101111111110111111101001001001101010100111111101111110111011011111111110111101101111101011101111010011111111111101110110110110011011110111111111110101110111111110101110101
1100111111110011111111111111001111111111101111011011001111101111111111001110101010100111110111011110010110100111011110111110111011111111111100011101110011110110011110110111111111101110010101011111101011110101011110111011
0111101100111100111110010110101111111101101011101111110111011111111110101111011111101111101100011111111111101100101101111101110011111111110101000110110111111111111110111101101111110001111101111110111101111010111110001001
1101110111111111111111111001111111111111110100110111001011110000011001111111101111111111111111111111111011111111111110101110011101111111000010110010101111101101011001110111111011011111111111111001111011111011101111101111
1111001110101011110101111101111101011111110011110011011111111111000111111111101111001101101111101111110011111011100001011111001111110010011111111111000110001111110010011100011111101101011001111110101111101010111111111110
1001111011110111111111111010010111110001111111111011111011110110111001111011011101000101011110101111110100011001010101011000111111000101100011110011110111110011011111111011110101111101100111011111111011111111110110111101
1100111111111110111100110001111110111111111111110111011011111111101101100111100101011110110011111111010111011111011110010011111110111011111111010011111101000111110101010010111010101011001111111111111001100101111000111001
1011010110111100110110101111101111011101011011110111110101110111101010101101110011011011011011111111111110101001110111100111111111101001110111111111011010001110111111111101101101111111111101011110011001110110111101101111
1111001100111010011001101111111111101010111111111010111111011111111001110101011110111001111101111111111111110001011101111111111011101101111011001110011111101111101110100111101111111111100111011111111101101001110101010111
1111111111111111001101100111111011111101001100111111100101111111110001101111111111111111100110111101011000111101111110011110101110011110111101100111011111111111011001110101111111110111111111011111110011111111110111111111
1110010110000011111111111101101111111010101101111111111010111101110111101110111111011001101011101011111111100011011011011011000101111000011111101111100111111111110101011011101011111011101111111101111100011111111010011100
1011111110011011011110111111011111011111101011111111011001111111111111011110101010011110011101110110110011001111111011010110111011111101001111111110110111111111111100111001111011011010101111100110101010111111110110101111
1111111111001101101101111010110001110111101111100011001011110111001111011101111101111010101101011000001111011111011110101111011101111000111111111111110110111101011100100111111110011111101111111101000110111001010101010111
0011100110010110111111110111111101111111111101111111001011110001111111111111101111000101111111111010111110111111000111011110101100100111111001011001011111100001111111110111110101010111101110101011010101111011010110101111
1111111111111101101111111110010001100111111111010111111101111111101111010111010110110110111101111111010011110111011111011111111111111101110111101111111101101111100111101101111111111111111101111011111111111101111110001001
1111111111101111101101101100100000011101010011110111111111111011111111110111011101111111001110001111111000101010111011111111110101100111110110110111100111111010001111110111110010000110111111110111111111111101110101010010
0011110110001110110111111111101011111110101111101111111111111001101111101011110011011101110111001101100101010011011011111101010011111111011111101010010010101111111101111110110111011111111001111101101111100110111111111011
1101111110111101101110101011111110000111011101111001000011100010111011110101100101110111011010101011011011101011111111110111111111010111111111010011111111101111101110001110111100111110011101010110110011001111111011111101
1111111111001110011101010101010111101111111111111100110110111010110011110011101001111110110111011111101111000011100111101111011110111011101110101101111100011111111111111111001110010010110111111111111101111110101111011111
1011111111001111101111011110011010110110011111111011111111110111101110100111111111111110101111111010111111011101110111101101101111101101111001110110111110101111101101011011111101110111011111110011111010111111100111101111
1111111111101111111000010111011111111111001101111010011111110111111111110101111111111011101111111011110011111111111001111111011100111001101111111101011011111111111111001111111110111111011111111100100101011111101111111100
1111101110111101111110110111111111011111101110010110011101111011111010111111110111111111011111111111111111000011101001111110111101110111111101111111001111111001111110011011110111111111011111010111110110011110101111001101
1111111011001011101111111011011111010111101001110100111101111110111011110100110111111111111111101111110001111110010111001100111110100101101101101111101110101111111111110111111110111110111111010011101110110001110111111111
0110101110010010111111111011111101010111111111111111010110100100111101111111011101111111011001010111100011010101101000110110110011111111000101110111110011010010100011100001111111111101111111111111101111101111101111111101
0111011010111100111101111011111110111111001100001111011111011110111010111011110010110001111101101111001111110010101110101111101010111111111011111111111011110111001011100110111001110000011111101111001111001111101111110001
1111111111111111000111111101001011110111011101101111011111111111011101110111101011111110101111011111111110111111111111111111101111111111011111111101111111111110101110100010101010011011100011110110111011011101111111111111
0111111111000011111111111110110110111110011111101111011001110110110100101111000001101111101101111110111111111111101110111110100100111011110011111101011101111111110100001011111001111111111111101100101111111111010100111111
1111110110111111111110111101111110110011111011101011111011111111000111000110110111111011010111101010111111011110111010101111111111111110100011101111001001111111001011011000111111111100110110101111011101111111001011100001
1011011110110010111111110111111110111010011011100101111111110111111110101110111101011111010111101100110010101111101011101111111110110111110111101010100111111101011111110111111100111111111111101110111111101111111011101111
