1111111111111110011010011111110110111011111100100111011111111011111101111101101111110001001011111101101011111111111111111111101010010100001100111011101011100011011111111111001110111101100111011111011111111011011101011001100010111101101111011101011011111011110011000111111001011011111011101111011111111100001011010010111100111110110110001110011101110001010100111011111011111111101111111011011110111011010111111110111010111000111001111110101111011101000111110111
1101111110000101001111111010111111111100111111101111100101100111100111111001111111010110011011010111011011111110101011011111110111111011111001001001111011001111111111011011110011111111111010111101111001001111110011111101101111111101111111010111111111001111101011110010111110010011111101110010111101101010010110001011111111111111001111100111111111011111011111011110110110011010001011111111001111011011111111101000111111110111111011111111111111111010110110011111
1001111110111011011111011001001111101101001110111011100111100110011000001011111111101111011100101101110010101110111111011110111101111001110110111110110111011111110101101110111111101111101111111111011011010011011100111101001111010110011110111111110010111111110110101111101111101111111011111011011111111111011100111110011110111101111111111011101111011010101111001111111001111110101110111011101011111100111111111111001101111111110011101101111111111011001111111100
1111000100101110111111101001110110101111100111011101111111110010111011111110111101111100111001101101111111111011111101111111101101111111101110111111100111101111111110011110111111111011111011111111110111010101111111101111111111111111111110110111111111001111101111111110111111100111101101111001110111100111111110111111111111111111110111111011010111101110111111101011111101101111101111111111111111000000010110111111111111111110111110111100111010111111001111011111
1110001100111111101011110101101010111111111101111111101101111010011111111111111011111111001110111101111111011111011111111110111101110010010111011111111111101011101111111111111101101101110011011011101111111111001110111001111111011100111011101111010111111011011101100111111111110111110011011110011111111111011110111110111111001111111110100111111011100011111011111111110110101111011011110101110001110011110111011111111110101011111111111101111010101111111111110111
1001110110011111101111111101100111111111101011111010110011110011110011111101100000111010110010111111111001111111101111110111011110110011111111011111111111111011111100001101011100011000010010111111101110000111111101110111001111111111111011011011110000000101011101111111101110011111110101111101011100000111110110101110111011001110101111110101111001010111010111011111110110111011101010101111100111111101011011111111100011011111101101111010111101111011011101011010
0111111111111111111011101010011100011001011111101111100111101001111010111100111000110111111011110111110111011111010001111101100101111001111111111111101111111111111111000111111111110111011011101111111101111111111111110111011101111111001111011011011111111111111111010011110010110110001111110101001110111111111111001111111111111111111110110101111111101111111010101111000111010010101110111110111111111111101111111111111111111011111111101111110111111101101111110111
1011001001101011101111111111011100111011011101111111111111111011100110101011001111011011100111111110011101010111111110010101110111101111110111101010111111111110111101011110011111111101111111111111111111001010101110111101111111110101110110100111100111110111111101111011111111101110111101111111011111011101110111101111111111011101110111111101111110111010111111111001111011111111111111111011100110101111011111010110111101111111110011111111111110011100011111111110
1111000111111101110011111111111011101001111111111111010111111111001011011111111101010111111111101101111110111011111111101010011111101100011000101011110101110111111110111001111111010010101111000111100101011111110111111001111101100101111111110111011110111111100110011001011011111111111110101111111101110101100001111110001011111111100110111011111111101111101011111101011111110101110101010101111101111101110111101111110011101111011110101111111011110100111011110110
1101101111110011101011011111111101101111110011110111111111011101111111111111111111110111110010110111110011011011111111011011011000111111111011111101001011111001111111111011101111011101111111111110111011100010000111011110111110011111101011110111011111111100111100111111111101111110110101110011010011111111111111111111101111111110110111011100111001111100010110111010111101111011101110111111101011101111011101111111101111111110111011011101110110111011100011000111
1001001110110110101111110110110111001111110110111111011100111110101011101010111001011111100101111011101110110111110110111011110111000111111110101110111000111100101001111110111011010101111111110111011111110100111001001111111111111111101000011111111011110011011110100111001111111011111110111111011111110001110100110011100110100011011101101111110011111110111110111110001101010001111111111101011111110111110110101101011101011010011101111111101110111101111101110010
1011111111110101101101111111011101101111111001111111011011011110111111101111100011111111011110111001111110110111111110111110100101011001111111111101101101110101111001110111100111111111110111011111111111011001111101100011011110010111111111010101111100101011100111101111101111110111111011101111111111011101001101011111111101111101011011110011001111011111101111111111111010111111111011111110101101011111101100101111111110111011111110011101111111111101011111111010
1111111011101101101111111111111111110110111011101001111110111011101011111111101000111111111110101110101011111111111100111101111111110110100111001111010111101110011111111110110101111101010011111011100101011110011111111101011100111101111111001011010110111101011100111110011111111000111111110010010011111010011011111110111111111111111101101101101111111110101101101011011011111111110010101011111001100111101101110111110111111101110110111110111111101111110101111111
0111101011100111100101101101111111111011111001011101011111111101101101111111001111110110110111010010011111111011110111101011011111101101011101110111010111101111111110011111101110101111100011100011011011110110101000010001011101000110110110100100110111011110001011011111111100011111011111101011110011011101111111101101000111111001010110111111111111111111111011001101010111100110011111010101111110101110110011111111110110111111111101111100111111010011011111000111
1101011101110100101111101010111101111111111111011010001111011110111011101111110111101111111011111111111111111011111101111111011011101011100001110111110111111111101100110110110010011101111111011111111011101011111100111011111101110001111000011011111111111111111001111011110111010111110101111111111111110111001110011000011101011111101001111101101001111111110100110111111011100111111111001110101010101110011011001011101111111100001111011001101111110111001011001111
1111111000011011011111100110111010110111011110111111010111111111111011011111111110110101011101111111111011001110111111111111101110100101001010111010001011111011101111111111001111010010111011111111101101111111101101000110111110101111011011110011101001001111101001111110111101101111110110101111001101111111011110111100001111000111110111001111011110011111111101010111111101110100110001111011111110110111011111101111101111001101010111111011100111111111000101101111
1011111111100001110001111110111101010011101111111111111110110101111001011010111110101111100011011010101010111110111110101111110011110110111111110111011101100011010101111101000111111101101111001001011101111101101001110011110011111111111110011111001011001011111111111111111110101010101001111111011101010101111001111110111111101111101110011001101101010110101111111111111110011101111101000000110101110011110110001011011011010111101111010110101111111101110111100100
1010100111101111001010111111101111011111111101101101110111110110111011011010110111111110111110011101011101110001111011011001110111011010111110110101111111111111101101001010011010011101111000110101010110101011111111101110101110111011111111101110100111101111101110110110001111111111101111100011001101111101011111111101101110001011101100101110001111111111100011110101110111111111111011010110111101110111110111011111001110111111111110101011111111101011011111111011
0111011101011110010111110111110101111010110111100000101101011111101110110111100111111010010010110111101011110010111111010110111111110111001111111111101011111111001000001111111111110001110011011110111111010001010111111111111101111110010111111110111111111011111010111011010101111011110101101110001110110011111111111111111001011101111111101111101111110101010101111101000110101100100101001110110111011110111010111111110011110011111111110111011100110011011101010111
1011101111111111101111100111011111001111110011110111111110111101110110010111110111111111111111001111111101111011111101111111111111111111110110101111111010011011111011111011011111111111110110010110101111011111111101111001001110011111111101111001110101101111111101011111111100111101111110111101110111111110011101101011111111111111010011111111111101110101111111101111111111110111111110111011011110111110001111011111111111101110101001111011011110110110111111110111
1111111011111011111111101001010111101011011110110010110010101111111111011111011110100110101001111101111111111111101111110110110011001101111010101111011011100111111111111111110101111110111111010000011111110001110011101110111110110011001111110101001110111001100101101001111101011111101001111111101000010000111111101101111110111101101010111000111011001111111011111101110110111010001011111111111101101011101101111111111011101001111111000111011011110101110010110111
1001111111111110101111101111100101101001010011111111111111011100101111111110110111111111011110111011111101111011101111110111111110111100000000011001111111011111110100111111111111111011101011110110111001101101111101111011111011110110111111110001111011011110110111111110111111110111111111111111011101100001101111011001011100001001101111011100101101111111110100111111110001111011011110111101101011111001111111010111011111110111110101101111010011110111111110101111
1101110111101011101100100111111110110111001101101111010111101111111111011011010000100001111111101101111111100100110111101010000110111111110110101111110011100111010111101111111110111111111111111110010101110010111111011111001111111110101111111111111111011101111011111111111111101011111111011111111111111111111111010110111100101111011111101011111011111010111010101011001010111111111111011111110101101101101111111111111011110111111010110111110110111100110111111011
0101101001101100111011111011011110111111110011111001111011100111111011111111101101011111111101111011101111111001111111111110111101111111111111101011111111110111110111111111101111101111100111101010111111111111111111111111101111111011000111111101111001001110101110100111010100111111111110101111110110001011110111111111100011011111111101111101111110011111111011111111110100111100110111011110011111111110111111111101111111110111111101101100111110111111000110101010
0000111101100111110111111010011101011111010111010100111001010111000111110111111100011011100100110111111011000111110101101101111110101101110001111011111001110010110001100111011100010010011011100101110111101111011011000001110111101111111011111110101111111011001111111101111110100111110010001111001111111110111111011010101100011011111100111111111111111111111101101111101010011111101111010111111111111110011101111111111111110101010111101111011111111111011010001111
1111110101111110100101101111110110000101111111110111111110111001101111011100100111111011111111011011110111011010111011110111101000101111000110111111110111111100001110100111110111111011011110011111111111111101111111101111111101111101011111111001111111111111111110111100111111110111110011011111011111111100111111101110111011111101101111011011101111110111011111101111101101111111110111101111011111001111101110101111101010111111110111111101101011101011100111111111
1111101101011111110110001110011011011011011101111111111010101111110111111111111111001110111111111111111001111111100110101111011111101100001101111011110010110011011011111111100101111111111111101111111101111011101011101101101101011111111011111110011101111111111111111111100100101101101110110001010111101101111111101110111111101011111110111111101111011111111111111011001110101111000111111111111111100111110111111110111111110111111110101111111111101111011011111101
1111110011110111110011101111111111111110011111010001110111111111111111111101101111101111000110010110010111111111101110111111011101111100001111111111110011111011101100111101101100111111111111011110111110011111001111101110111111100101111011111110001111111111110111010001110100111110010111110100011101111011110111111111111111111011000111111111101111110111010110101001101110101001011111100110101101101111101011110111111011011101111111111111110010101111101110111111
1101010110110010101110010011101110111110100111111111001111111101110111111111111110011101110110011111100101111001110111000010111110111100011101110100111111011101111001010110111110111111101111000101111000011101100101011101111110010011011111011111010001010011011111111111111111010110101011010111111010010111011101001111111111011011101001101101000111001111101111111110111101110011010010101110111111011111111111101111111111011111111111111001011110011111101010111011
1101111011111111011110100111111111101101110101101101111011110111101101011101111100110111010110001010110111101111101101110001111000101001111001111011100111011111100010101111111111100111110011010011011101111111111100101111110111100101111111110111111110111111111101111001111101111111111111100101110111111111010011111011111111111111111101111011011111111011100111111100111011111101111101011111111111011111011011110011111010111111111011011111111001101111011110111111
1010111011001101100011111111111011011011101111111101111011111111011101111110111111101101011111111111111011101111111011110111111101111110111110001101011111111110101111110101111111101110111111011111001111001101011111101111101101111111111011111101111111101101101110001110001111011111110111111100001101111111111011011111011011111101101111011011011111111111101011101111011110110100011110011111101111110101101111111100110011100111111110010111110011111111110111111111
1001110110111110111111111111101111111011110111000001101111010101010111111111111111110110110111101111011011011100100111111100110111110111001111111111101111111111101011111111101101111111010111111011111111101111111011011100011101110101011111011110101111011110101100111111111011011111111111010110101011101111111111111111001111010111011111110011111111111111111111110111011111111101101100011111111111111110111110101011111101111111011111011101110011101101101111110101
0111001111111100111111010010010110111100100001111111111110111101111101001111111111111001110101111111100000011011011111011001110101001111111011110111111111100111011011101101001011111110011111111110111100111111110101111111111101100111111101111110101111011111111111110110111011111101110110110101111111110101011110111111110011011110100111111101100011100111111111110101000111111111111101111011111111011011111101111110111011011111111000011010001111111111111001111111
1101001011110101111111111101111111111011110101111001101111011011111101111110111111111101101111110101101100111101111101111111101110100010011011111011011111011011111111111110011111101101110100111110001111111111001101011010111111111111101111110100111111111111111110111111111010011111111111101110111001111011101110111111111111111011111111111100110111111111101110111110110011101111111011111101111111011011111111111111101010111100111111101111100111010111111110111111
1101101111111101011110101111101111111111111111011111011101111010100110010111010111011111110111111111111100101111111111111111110110101111111110110101111111111111111011111111111111111111010100111101101111110111100111111001111101111101111111110101101110111011100111011111111101111011111111011100111110111110010011110111111111111111101101111110001111000111111110011111011111010111111111111111011110100011111110111101010111011111010111101111110111101110111001100010
1110111010101001110001011111111111101110001110101111111000101111111100111011110101110111111110101111110111110011101001011111111101000010110111100110101111101111100010000010101101101111111001001110000011010111110011000111111111111101101111011011010011101101011111010010111111101101001110100111011011111111111100111001100111111111011111111110111111011111000101011111111111101101111010011011100111001010010111000111011111110111110110111111111111101111110101111101
0111110101111011011111111111011111111111010011110110101110101111011011111101110111111011111101101111110010111110101101111110111101111011110111111101111110110011011101101111011111111011101101001010111110011011111110101111111111111111111111110111111100111111001111111111111111100111111111101101111100110111110111111111111101111101111111110111100011011001001111001111001111110101111111111111111010111111110101111110110011110100011011011110110111111111011111111111
0110111111011110101100101001111011111111011111101001100111111111011010011111011010111111111010101110111111011111111111111101111111111111101111010010110111011100111110110111010110111110111111011111111111110111101111111101010111111111101111100101101111100001111100001101101001010101111101111001111011011011011111011111010111111111111011111010111111011111011011111101011010101111111111111101100011111011101011011110111110110111111101111111111011111111111001111101
1101101100111011110111111001111100111011011101110111010110010000001111111111011101110011111001111111111010111111110011111111011111011101101111111101111111111101110110101101111101110111110110110111111111101010111110111101111010100001111111011111111010111101110111111101111111111111111111011000101110111111111111011101101111110111101111110001111110011111011011110011100000100111110111101001011111111100110101110110011111011110011111111111110111111000110100100110
0011111101111011011001111111111001111111011111001110101110101110111111111011110111111110111111101111111101111101110111111111111111101111111110100101101000010111111101111011011110010111111111110111111111101111100111111111011111111010111111110111101110111111011110100111100100111111010110111011110111111101111110111100111111100111011011111111111111010111011101111101111111011011101011010101010011111111011001111111010111111111111111011101111011111111100110111011
1011110110111110110100111101110110101101111110011110110111100101111111100111100101001111111111111111111111011110110101110001110101110011110011011111101111111111110001011000101111101111011011111111010100111011111111111101111111000101011110111111011111110101010101100111111010110101001011010011111111111101101111110101011001101110101011111111011000001111100001111110110111101111100001111111101111111101111110011101011111010111001110100111101011100011101110100111
1110110111111111111111111111110110011111011001101110111111000011001011111111111111110010111110111100101110111011111111111111110110111111111111111111111110111001111111111111111110011101111110101011011011111100111101110111110111111101111011111000000110100101101111010101110011110111011111111111101111101111011111000111110111111110011111011111011011111111111111110110110111110111111110101111111011110011111110111111111101111111000111110110111111110111110110010111
0110111110010111011000011110111000101101111011111100111111111111111111001101111101010110111011101111111110101011011100111011010011110111110111011111100011111001110111111110101100010111011101110110001100111111111101111101111100101111111111111111110111110111110011101011101111111110110110111100111111011111110111001111111110110011111110110110101111010101111111101110111011010111001011111111101101101110111111100110111011101111110111111001010011101010110011011011
1101111110100101111111010111111101111111111101111000111001011010011101001111001111111101011011111101110111100101011000011111111111111011010111110100111111110111111111011100111111011110011111111001011111111101111111001110111111111101011111100111000011011111000110111011000101011111111111111101110001011110101111111111110101100111111101001100111101111001111101101111101100011111110011111001110111100101011111011000101111111111101101111010101000110011011111011110
1101111111111111010110111010111111011111100101111111111111111111101110101101011111101011011111101111010111101111111011111110111111011110111011111111101111110101110111111111010101111110111111110011011101110011100111010111111100110100111110011111011111111110101101111101010111111111101111111111111111110101101111111100111110111110111111111110111001000011101111111111011011011011111001111111011110011110011111011111111111110101111101111011111001101011111110111011
0111111110101101111111111001110110010111110100111111111100111110110011110111101111111000111111111111101100101010110111111101001001111111111101001011111111110010110111111011101011111111110011011010100010111011111110001101101100001100101110111110001101011111111011010101101000011101111101111101111001111001110100110101001011111101110101101110111110010111011110111011111011111011100110111111011111111101010111011001101011100001111010101111111011011101101110011101
1100101110111011101011111101111111101011101011001111111110001110010110010111111110011100111000101111100101111111000011111101000111011110011111110010111011101110011001111101111011100110110110111111101111111101111110001110111111011001101101010111101111101110101110011101101010111001011101101110111011111111011111111011010111111110111111001111110001100111111101111111110110111010000111000101111001010011111111111110000111011111110111111001001001011001111111010110
1111111111111111010110111110110111110111111111111110110111101011111111110001111111111110111001110011010111111111010011010010110100101111011100110010111011111111111011110111111110000100110011111111111110111001011111111011011101110000111111011111111111101111110111111110111110111011111010111111111110000110011100111110011111111111111110100111111110111011111001111101111101111111110011111111111111111111111111111101101001011111111111110010111111111111111011011111
1111001111111110001111111111111111011110111111110111111011111110101111111111111011110001011110111111011111111111111111111100011000111111110001111110011100010110011111100011111010001111110111110000101111011111111110011111101110111110001110110011111101111110111111101101111111010110010101101101010111011110111111110111111000110111011110010101101101001111001101111001000111110000101010011010011111101011111111111011101111011111101111001001011111111101011101101111
1111011111111111111010111111101111011110101110111110101001010111110111111100101111111111010111111111011110111011101111100001111101100111111111111011110111011111100100101101111111011110110111111011111111111011111111111011110111111111011111111010101101001111101111111111111111110101111110111011111111111011011111111110111011111011011010111111100011011101111101111011111010111001011110110111001011111101110111110111011111011111111011101111111111010111111000110111
1111101011111100111111110111001110110110011101111110111001001100001101000111111111101101111111101111101111111111011111010111111110111111111111111111111111001111011011100101111011101111110111111101101101010111101110010010110001111011101111011111010111110111111110101101101111011111101110011111111101011111101111111111011111111111111101101100011001011111110111111111011111101111011111111110011111011111111101111111101111110111111111110010011110101101111110111111
1111100111100111111100110111101101111000011111101110111110111101111111001110111110111111110001111111111010110111111111111011111111111001111101111111111111111110111111110111111011111111110010110111010111011110111001011101110010111110111101111111010111010101111111011010111101111110110111111111101110110111011111110001111011011111011001111101111111111110101111001011111001110010111101111111111011010101001011111111111011111110110111111100010110101110101111011110
0110010111011000001111111101100001110101101011011101010111110011111011111011110110011010111111111111111011110111111110110010010111010011111011111111010100110011110111001111100111010111100110011011111110100100100111111110111111101001100111111111101111001101111011101110111110111111111111101111001011111101101011111111111111111011101111011110111010011011111011111011010101110111011011111111101100111111111111111101010100101011111101001110000010010111101110101101
1111111111110101111111011001011100011110001111101101010111111111011111000010110110111111111111111111101111010111111111011111101111111111111111110110111111011010111111111101011111010011111111110111101111111110101011111111110111111011111010111100111101111111101111111010101001100001011111011110111101111011111011110111111110110111111110111111111111111111011100111111111111111101011011011110111110111111110111111011111101111111111110101111110011111101001101011111
1111110111011011110110110111011111101111111111111111101110111101111110100111110011100101000011010010110111001010101101111001001010111111110110111100110111110011111111111111100111001010101111000011101111111010111111111011111101010011100101010001111101111110100111011110111111110111011001111111111111111111001011111110111111011001111001100111101101110101111111010101011011000111110101111111011010010100101011101111111010101111101011000101101101111010011011100011
0111011101110011111101001011100101111111111101111101111100101111100111101111011100011111001101110111011111000011111101100111011111111110111011011111100111110000110011101011111111111011010110101011101101111011111101011011111111111011111101001111111010110110111111111110011101110011111111111100101101111111111001011011110111111111111111010100101101001101111000011101011101110010011101101111001111101011101111110111111101111011111110111011110110101011111011101111
1110101101010000010110101101101101101111110111011111001111110011110111101010110100011110111110110011110110000110101111101111111100101100011111110011100100110111100110011011000101111010101111111101001101110011110101111111000111110111101110101010010111110110101111111111011110111111001001111111111110111111110110101010011101101101111011111111111111101101111110101111100110011101101011111000101101111110110101111111000001110111111111111110111111111100111100111010
1111110111111101111111111101101100111011101111011011110111111111110010110011111001001011000111011100111111101111101111111111111011001110111111111000101100110011010111111111111011111111101111011011010111011101111111110101011011111111110100110101101111111111111101111011101111010110011110110101101111011101111111111101111111010111011111101111111111001011111101111101111111011101100111111111111111111110010111101101110111111101111001111110111110111111111011101111
0111111110111111110111110110110111110110111011111110101111100111111011111100110011111110111111111111011011101110110111111011101111111110101101111101111100011101001111101111111011111111111111001111111111111110011111110110110110110111110001101111111111111110111111101111111111111111111111111110110101101111111101011011111100110101111111111111111111000010111110101101011110111110110111111011111011111111111101111111101100101011111000111101011100111111101110001111
1000111111101011110110111111111111110111111011111011010011101101110001001011101011011111011000010111010111110111010011011110100110011110100101111101011010111111111111100101110111110111011001100110101011100111100111011001001011111111111100111001011101011001011010011111010111011111111111101110101111111111100011111111111111100110101011110101110110111111010010111101011111111100110101110101001101011111111101111110011111001111111111111001111110100110101111100001
0110011110111110101110111110111010011101101111111101111111101100111001001110110111111111110111111111111010110111001110010111110111110111111011111111111011000111001100111110110110101101111101101111001101000111101111110011001100011101110101111011000111011111111111001101100011111010100100110101011011111111100101111101001111101011011111011101011101111101101101100010101101111011111001101110101110101111011100101110101111111111111001011110011011111101101111110011
1111110111101101110111011111011111111110110111011000011101011110111111111101001111111111110100111111100100110101101111111010100111101101111011001101110110101011111111111011111101010110110111101010111011010010111011010110011100101011100000011110111001110001111100101111010011111010100110011111111101110110100110101111101001111111101111001011101101100111111111110101011111111110110001101110011111110101010101111011101100011110100111111110111101101110110111100111
1101111101111011011101110101001111111111111010110001110111111111100111010110110110101111101111110010110110011101011111111111111010111110110011111111111101111111111111111111011111111101011001111111111111101110011010100011101111101110111110011111010011011110111101111111111111011111101111111100010010111011001011110111111100111101100111010111111111111111111100011110111110111111110111111110101111110001011111101011100111010100111101110111010011111110010110111111
1011111011111011010011111100101111010110011111110100111111111110111011101100111100110110111111110111110111110111101111111110111111111111101100001101101111101001111111011111011111111111011101111111111111111111111101011100111111111111111111111111111111110100001011111110101111111111110111110001110100101110110111011111101110111100011110110111111111111100111111111001111101001101101101111101111011111011101111101011110110111111111111110000111011110111111111111111
1011111111111111100110100010101111011101001111101011110101111111110011011100111101101011010010101110100101111101101101101111111111111001111011011111100011111101111110011101010111001011110111001110011011110111110111101111101111111001111101101111001111110110100111111111101101011011111111111111110111110110101111111101001101010111011111011110000011011101011101011111101111111111111100111100110110111110101111111011101101111110101100101011010011101010011111101010
0100101101111111111101110011101111011011011101101111111111110111110001111111100011110101111110111111111110011110001001001111111111111111010011011011011100101010110101111100011011011101110111101100111001111110100110110011101111101000111001001111110101101110111111011001111101111111111100111110010010011101011111111100011110111110110010101111111010111111111111110111111110111011100101001010110111000011110101111110110000111111111101111001010101100011011111011111
1101111110011110011111111100101000011111111111111111011111101011011111110111000110101011111101100010111111011011111011110111011100110111111110101111011101011110101010111111011111101111110101111110110011001011101000011110111111101000101011111011111011110111111000110101111111101011111001111001011111101111001100110111001110100100111011001111110111101101010011011011011111111111100111100111000011000001111000101111101111101001111110111111011111110101111111110101
1110111011011100110111011011011001111001110111111100101011110101111101111110011111111111011111101111100111111111110011101111111011110110111111101011111110111111111111110101010111101111110111010111011011111111110111101111010111111101011110110111110110111101101111101011011110111001111111111111011111011110110011111111111011011110100111010111101101111111111111100111111111110100111111111001111101011010101011100111111111011101111111111111111111110110111111111111
1100111011111010100010101110111111011111110111110101101101011010111001111011011111111111100011101111101100111111111111111110110111110011111101011101111010011111010101111111111110101111110111110110110100111111111111010111111111111010101011111111111110100011111111101011101101111111110010110001111111111111001011001101011111110111101010110111101011011011101111011100111111101101111100110001011011001111101100110100111111000100111111011111100101011101000111111111
0100011000110001111111110111100100111010111111100011111110010111111110001011111111110010111100101011011111001111101101010101010111111100011010110111111111100101111110100100111111001001111101111100111111100010111111100110000111000011011101011110111100101010111101011011011110111111100101001111111111101111111010111110101111110010101111111011110111111111110111111111101101101111111101101111011001011011011111111111011111111011111111111001111011111111000111011011
1111111111101111010111101111111011011111100011111110110111011111101111111111110110111111110110011101001110111111111111101011111111111011111101011011010011111010111110111110111010111111101111111111110110110011101111011111101111111111111101111111111101110111011110001110111111110100110111001101111111110111111111101111111011111101110000011010111111111111111101001100111101111011101111110100010110111101001101011100111011111010011110111111101111010001011011011111
1101011110110101111111010111111111011110011011010011111111011110011010111000111111101111001101111011101111101111100110111111111111111110110110111011011011011111111111111111111100101111011110111111111100111111101110100001000001111011111111110101111111111110110111110011111001111110111111111001110111110111111101110101010111011111111111000011011101111111111111111101111011110111011110111000010011011111011001111011110111111011110011111111101110100111001111111010
1111111111011101001111011011111011110110011100110111111001111111001111011011111101101001011110111101111101011010011111110111011001011111001101111000111010111111111101110101111110110111111110111011101111111110110110111101111111110110111111101111100111110010110000111111111011111111111101011101111110111111111110101010011110010101111110110101111110001101101111111101011111101011111111100110101111010101101011101111010000101011111011001101101011111111011010111111
1010111010110111111111101111110011101111011110010110111111010111110111110011111111110111100111110011010111010100101110110110111111011111111101101110110011010011110111110111111110110100011101000101111111111111001111011101110010111101011111111010110011001011001101101111011111111101111001101101111111011111111011010110110011111101111101111111110101101011011011111100101001010111111111111111111100110111111110111111100101011100000101000111111111011011011111111101
1110111011100111111100010011101011101111010110111111111110111111111100111000001101101111110111111101111101010111110100110111111111011110011111110111011000101011111111101111111010010111101001100111111111100111110100111011101111101011101011111101111010110011111100111100111101110111011111111101111000111111011010111111111110111111101001111111110101111101111011101011100111101110111111110111111011111000111111111111111100111110101001111111111111111101111111100010
1111111111001101110011001110011111011111101111101101111110111110011001011110010111111111111011111111100111011101101111001111111111110111111001101110111111111100011011001110011011111110100011101101011011111101111011000011111111100100100110111011111010111111110101010101011101111101111110111011011101101110101110101111101111111110011110110100111111010111010110101101011101110101111111110111011111110101100101110111111101111101011110100111110011000011100100001110
1111011001101100101100111100011011110111101111111100101111111111001111010111011011011111111111100011111011111111110100010111110110100111110011111111011011011101111111101111101111110111111010111001011010111011011011101111110011111111101111111111010111011111111011011111011111100101100111101011111011111000100011100111111111111111101111111111110111100111101011011101101111110011111111011101111111111111101010111111011111110111001110101011111111001111110111111111
1011111111110010011010111111011111010110100101111111111111110110111111110111111011111110111001010111101000111111101111111111110111011011111001100010111001101111111011101011110111111110111011111010110111000111111101010111111110111111111111111111111111111101110011100110101110111010101011111101111111101110010111101111111101101011110101000101101100101111110111111101011111110111110111110111111111101110100110011011010110111110101111111010010111011111111101011111
1111100010111001111010111110110101101111011111010111101111111010001111111100111101111111111111111100110001011100101100111111101110111010010011001110011110110000000101111111100011101011101111001111101011101101101011111011011111110100001011101101111110010101101111111110110011111111100111111011101110110111111110110111011100000011111011111000101101110101111110101110110111111111010001111111110111110111100010111111100111111011111110110010011011111110111100010011
0110111111111011001011011110111011101110011000111111101001111000011111110011010011111111010110011011111111010011111011011011111011111111111010100110001111111101101010001111111110100110111111101010010110011101100111111111111111111111110110110011011111011110101111111111110110100111000110111101110110101111111101111001001111100011011101110111111101001011111011111111101111111110011101100111001101100111111110111110110100011011110110111100011111101101001111111111
1100100111101111111111111001111111111101110101001110011011001001111011111100101111110101001110111111110111101111101111010101111011111001111110111101101111111101111110111110011101101110111111011110111011011111111110010101111110111101010111101110000100111011011011110111110111101110011111111101011111011011010001101010101101100101111111111111101111110100101111111100111101111110010110001011001100111111111110111010011111110110101110111111111011111111111111011011
0011111111110100011111010111111110111011110110011110111111101111001110111110011101101011110111111111011111011111011011110011110111011001010011011110101111011110101111011100111111101011111111111110111111111110111110110111111111101011111111101111111111111010110111011110011011111110111011111001111110110011111101110011101001111111010111101100101011111101110111101111111010111100011001111100101111001111111111011011011111110111110111011111111101001101111111111111
1101111010111111101101010111111110001011110011111001101101111111110110111111101101101110001110110111111111011111110011111111001111111010010111101001110101000011111101011101101111111111101101011010111101111000111111011001001110100111111111111101110111111110111101101011011001001111110001111101111111010011111111110111011101111111011111110111100101110000100111111110111111101010110100111100011111110111111111010101111101111001111110110111101101001110111111101101
0111110011100010101100011001111111110111011001111110101000111111110101010111011111111101110110101011011001111011111111111111111011111100011100111100011001101111111111000101101111001101111111111110010111011110111101111110111011101101111111011101111011111111101011111101110111001001110111111011010011110101010110101010011110111111110111101111111111111011111000110111111111110101111101111110010010101111111111001111111111111110110100110100011111111110111111110011
1100110101111111111101011001110111101111101111101110110110101011000111111010010111101111011010011101111111111111101111111111111111101011110111111111011111110011111111111111101111010111101111111000111111001111111111111111110011111111111011101111011111100110000100111101111011111111001111110011001000010111111011111111011101010111001111111111111111101110111110111110111110110101100111111110111111011001111111111111111100011011111001111111111110111110110010001100
0101111011111111111011011011110100111111100010110100110111011101011101111110001111111110100010111111111110001001111100011010111110111101101010011111110111101110111101111111111111011101101101101110110111001010111011010111011100010101110010111111101111001110000001011011111011001111110101111111111100010111001111110111011111110110001111111101110111110110111111011111110100101000111010111111111110111111010010101101110110111011111101110101111010111111100111100001
1011110011011111111101010111011101110111110111111011001111111001111111100111111011111100001101110110001111111010010111011101111011011111111111011101101110101010111011101101011110111110110111010101001111110111101111111010111011100011111110111101101110111111111111100111111110100101111111010111011011110010111111111111010111111011111111111110111101110010001011011101110111101111111111011111011100011000001001111111111100111101111111101111111110111000101011111011
1111111111011111111101001111011110001111111011111100111110110111111011111111111010111001101111101111110111011000101101110000011011101111100110111110001011111001111101111011110111110010111001110011011111101111011110111001011111101101000101110100011110001010110111000101111011111111111011101001111010100111000111111111010110111111111111111111100111111101111111111001101011111010111011110101111111111110110111111011000111111101111111001111101111101011001101101110
0110111110100111111011111111110011011011001011001011101111110001011111110100100010110100111101011111000110011100011111100111110111111100111111101111000110011111110111110001111001111111001110010011011101110111011011011011111011111111111110110011101110110111111111111100010001111111011111011011101111100110111101111111110111011010111111111011011111010110100111011011111111100101001010110101101010110011100110111111101011111111010010011111111100111001011001110011
0110110111111100111011111100111111101100110111101100111101110111111110110111101111111110100111111011001111111101010011111101111101111111111111101111000001111110101011111001111110111110011101101101111111111110111111101001111110111011111011010101111110011111010111111111111010001110001111110110100111000111101111100110011011110010111111110111111011110110110110101111111010111111000111001111111101011111110011010101111011101111111111011100111010101111101100101100
1111010011101011110111001111111111100110110111111111010011111111110011011111011111011001100111011101111111000100111111111101111111110101111110100111101011001011111110100111010111101111111111111110111010111110111111001111101110011111111111111101010110111110110101111011101011111100111011101101111011111111111111111000101010110011110111000011111111100111011110111101101111101001111110111110001010111111011111001011111111101101011111101110111111010011111111111111
1110111101111111110110111110101110111011111101010111111010110010011111011111011101110011101011111111100110111111010111011111111000111001011111111011010110011010111110111011111111101111000111011111111110101111101010110110111111111110001111011111101111111011101101011111011111001011100011101111010101110111110101111111101011101101110111101010111101110011111010011011111111111001011111010111011111011111111011010011110100111111001111010011111111110110111111011010
1110111011111110111111110001110111110111111111110101111101101111111101101101111111110111111011111101101000100111101110001101111101011011011110111111111111101111111010111110101111101111111111111100000010110011011011001000110111110111111111111101101111011111100111011111110011001111111101111101111111001111111111001011111111010111011111111110010111001101101111011011100001110001110111111111111110111111111001101111011111111111111111111111111111111101111100111111
0111111111101101101111101111111001111100101011011111111101111111001011111111111010010101110011111111111011100111100110111111110011010101111111111111011111111111111010011100111010111011111010111101110011101101011110111011111101111111111111001111111111111111110010011101011110111101111101111101110111111011111110001101001110101110011110101011101111100011111111010001101111111101111001111101011101101111111101010100110111111110110111011011111110010111111111111011
0111111001111111001100100000111111011100011011111000011101111111011011111111011110110111111011101101111010110111111111010111101111011111111110101101111100101111110011010111110101011101111001110111110111010111101111101011111111011111111111011111110001000111110110111111111001111110110111011001100111110011001110110101111011110111110011111110111111110011111011010111010110101111111111110110110110011101011100101111110111101111111011101111011111001001011111010101
1100110111011011111011111111011101111011111111001111111001001110011101110111111101111011100111111111110011111101100000111111111111110011110111110011111111110111011111101111110111101010110110111010101011101110111011110111111010111011111011001000011111111110111010010111110111111110110111011111100111011101100111110111111111110011100101011111110100110110101111111000011111101101110110101100110010111111101011110001111111111111011111101000101000111111101100111011
1101111111001111111011111111101011111110101110111011011010110111111111111110111001011111110101101011101010101010101010001110111101111000110111010101000010111111001101011100110111011101110111111110001111010111011110001010100011111110111011101101111000111101010111111111111000111111111111111111101101101111101111000101111110101101110111110101101111110011011100110010110011011101110110000101101111110001111011000101101110101111011010111011111111111100101111111011
1011110110011010110011001011110111111001011011111111100111011111101101110011101110011111010001101101111110111101111110111111010111110011111011101100111111110111111111101001111111011111111111000001111110001111111011011111000111111011110110001111111001110111011110111011111110110111111111011001110101110110111101011100101111011111110011111111111111000111110101100011101110011101011011111111111000001001101111111011011101101110010101111101110010100111111101100101
0101111101101111100110111111111111011101111110101111111101011111111011101111010000111111111111111011110101011101111111110111001011111101110110111011111111110111111110111011101001111111111111110110111011100011111111110111110111111111111011011010001111110110111111111111111111111111011011101111111111110101111101111011111101110101010110111111101111101011101111110110111011011011111111100111111111011110101011011101011101101111110110110111001111100100111111101111
1111011101111111110101111111100111111111111001110011111100111111111110111100100110011111111111011110011111111001111111111011111110001110110010111110111111111110001101011111110110011001111111011111111111101111111110111110011001111110111110011101111011110111101111111111111111111111011101101011011111101111111101111111010111111110111110111111111111011101011010110011011111111010111111111101101111111011111110011111111101111111011110111101010111111101111110111101
