011111011101111111111100111111111011111101111011110111101110010011101011111101111111111101
111110111111110110001111111110111111111111111010110101011101111010100010011110011111110111
111101101111111001111111111011101100111111111111001110011101111110111101111111110001000101
001111011111111111110111101100010111101110110110111111010100011010111111101111001111001101
111110111111011110010000101110111011111011111110110111110111111100101101111011101110111111
110110001111111111101101101110110111010111111111110111111111001100100110110110010111110111
100010110101011111111110111001011011111011011110111111011110111110011111111111100111111000
010110111111011101111110111111101011110111010111110010111110111001111110010001110101011111
111111111011011001001010011111101111011111101101111110111111101111101110111111110111100111
111100111101001001001111111111101110101111111111111100111011101100111111111111011100111100
011111111111101010110011011100111001111111011100100111111100111011001110110110111001111110
110111111010111111101111100101111100110011110111111110101111110111111100111110010010111111
110101110010111011001110111111101111011110111110111101111111111110111111110011111101111100
111111111101101110011111011111011111111101111110101111001011010011110011101111111111110101
101001111111110101011111101111101111001110110101011101111011110111111011111111011110111101
111111101110111101110011111001111011001001101011011101111110101101111101111111011010111111
101011101101101111111101111010111011111110011111010111011111101111111110001111101011011001
101011101111111111001001111101100100101110111110111101110111111110101101111011111100011101
110110010111101111110001111111010111011111111111111111110101110011010111111111011111111101
101110101011111111101111111111101111101110110010011110111101111111111111111111110011111010
011011100111101010011001011111101010110111110111111011100111011111011111111101010001011111
011111011111101110111111111111111110101010111100111111111111110011011011101110101111101001
111110111110110011001111111111111111001010111001110010111111111100010111011110011111111111
111111110110001110011111101111111110111111101111111111101111100110011101111101100101111011
001010111111011111111111111111010110111010111110111000101101110110111100111010111110110001
011101011111111111111111111011101111111101101110111101110111110011101111111011110011101010
011110111111110010101111110011000001110111011110011100111111011111111111110100111111011110
111110011011111011011111010101101111110111111011111010000101110111010110011011111111100111
110101110110111010110101011010001111111011110111010111011111111110001011011111111110111101
101111011001111011010111111100111111111010010111100111111111111001111110101111101111111111
101110010110111111011110111011011001111111111110110111110001011111010100111111111101111111
001001111110011111110011111111111110111011010111111111111100111111111011111011110110111111
110111001111111111111111110011100011100111110110010111001111111111111110111111111111101011
011110111111010010011000001101111111101011111111101111111111111111011111011001011001101011
011100101011101011101111101111111111011111111111111110001011111111101011101011111101110111
110111011101111101011111011111111111011100110111010101111111011011111110110101101111110111
101011000101011010111011111111111111110010111111010111111111011100111111111011011111100110
111101110111111010101111111011111011110111111101111111101111010111110101111100111011011111
001101011110011011111111111011111011111111111011101111111011111100111110111100111011111100
111110110111111110111011111111111111111101010011110111011111111100101101101111011100101111
101101111100101111110001111010000111111011011110001011011101101111111111101111111111111101
011011111111110100101111111110110011111111110111110110111111110110111110101100011010010101
111101111111111010111110110001111101111011111111111110111111010011111111101110010110110111
011100011110111100111110111101001111111111111110111111000111111110111110111101111111111011
111111011100110111111011111101110111110101000111100111101100101110111111100111111011111101
101110111101101111100011111111110101001111111100110110111101101111101111111111111111101100
101011101110101111110111111101111111101111010111111110011111110101101111010111111110011111
001111111111010010111001011110101010101111110110111111101111111011111111001110011100101111
111011111111111100111111101111111011111111110111101101110110111001010110111110100001000011
111111000101111000101111111100101110100111111111111111111100111110111111111110111101111011
110111110111111101101111100111011111100111111011110001110110111000111111110111101111111111
111111111011001101011101011101111101111001111011011001011111101101111111110010110111111011
111111101010111011111011110111111010110111111111011110110100111110111101111110111111011111
111001111111101011111111110111001111100111010101101011101001011011110110111011111111111111
110011111101110111111111110000011110101110101110111001001111110110111101111010000111111101
111111111011111111111111111111110111111111000110001111111101011011100111111001101111100111
110101101101100110110110001011111111110001101101111111011011001101101111111110111110111110
011110011110111111110111011110101111011110111111110011111110101111111101011111110011011111
110110101111101111000111001111111011111101111011111001111111111001111011111011111111011110
111111111000111110101111011001011110101111111111110111110111111111111110110101010011110101
101111011111101011111100001011001111111111110011111010001111111110110010111100111011111101
101101111111111111011101101111110000111111111011111111111011111111101000001101101001110111
011101110101111101011011111110111110101010110111111111011110111111101101111111111001111011
111111011111111110101010110111110111111110111011001111111101111111110111010101100111111011
010111111111101110101110111101101111110100011001111110101011111111110111111111011111111011
110111000111111111111111010101110110101011111111110111111110111011110110101111101010110000
100010101111110011111001110101111111011101011101100110111100111111100111110111110010110111
101011111111101011111010011101111110101111111111111111111111100101111010101110110011111110
111110110111111011111100110111111101111001111111100010111111011111111111101011110011100011
111011111010101111101100111111111101001111110111111011100111101101111111101100111101011110
111011001111110111111101001111110001011100110111101111111111110111110111111100111011111010
101111111101001111110111110110101011001011101011111110111011110111110100111110110110011111
111101111110101100110011111101110111111011110111100110111111111011010111111111101111111101
010111111010011101010011001111111111111111111111111011111101011111101011111101111100111111
011111011111000110111111100111101111111101111101110110111101111110110110111111110111111110
111010011111111011111111111100110011111111111101111000111101101110111111111110011100111111
101111011111100101111111010110110111101111101010111011101101011110111111111101101100111111
011010011111110001111110111111011111110111111111111101110101010011011100101011011101111001
101110011111111101111001001001110110111110011111011111111010111101111110111111101111111111
111111111001111111111111001001110110001011110111100101001110111101110010111100011111110011
001110011000100101100111111000111011111100110101111110111101111111111001111100111111011111
011101001110011011111110111101111111011001001101001111111001011101001001111111111111111101
100011010011111111111111101011111100110110111110011100001111111100111111111110111001111101
100111111111110110100110111111111101111111111110110101111100110111101011100111010010111101
111101111011111101111101011011011011111111111100101110111101001101111011011101111111111111
001110011111001111101111111011111110111101011010000110011101101111011110100011101111111011
110101111000011111111011110111010010100111111111110010111111101110011111111111111111101111
111111110111111110111110111111001101111111011111011011111011011111100111111101100101011111
101000100110111111010110101011011111101001111101111111111111111010111101000011111111100111
111111111111111001110100011111111111111110011101111111110101111101100111110111100110111111
111101101110111010111111111001111011100110011111011010111110111101101000110111001111001101
110011010111001110111111111111111001111111111111111111011111101110111011110101101000111011
101001011110110000101111111110011111011111111111011110110111111111101011001110001010111111
110010001111111111101111111100101100111110111111111100010111111011010111010110111111111101
111100110100111111111111011111110111111110011111011111111101111111111100111100110000101010
101111111111111101111110111001111110110111101111000111111100101111110111111011010111011101
101101111111110111111011111111110111110001101100011001111111111111101011110010100111011110
101100111101111011011111110101101000110011110111111111111110011111110111110011110101111100
101100011111111101111011101111111110110110111111111111111111110011110111110011010111010001
111010110111110111111101011111101100111111111011111110110101011011111011001111001111111101
