11110101101111010010111111111101110111011110110111111111111100111111111111110110111111101111011110111011011010001111101010111111000101111111000101111111111111101101101101111111110101111100110111111111111111011111111110100001111100111011101110101111111101101111011011111110110111101101111101001001111101011111111111011101
10100111000100111111011111111111011011111111011010111110111111011111111101100111111011110111011000100011010110101010011111010110111001100011001110101110110110011110100110100011111101111110111111010101111111010111111110101110011111011011101111111001101101011001111111111110101011110111010110111111111101011111011111111111
11111101011111101111101101111111011111001011111101101111111110111110111110111111101100110111111111111000011001111111110010101011111110100111100111111011011110111111111110111111111111110111111011101110110101100101111011111011111011100100010001100111110011101110111111111111111111101111101010001101111111011110011011101111
11011111111001101100111110011011111011111011111100110111011101101101111010000011110111110010101101111101101011101110111101110110110001101111110111110111111111011100110011101111111011111000001110110101110101111101010011111100101111111111110111011001000111110111111110011010100011011010111110110111111110111100111111111001
10011110111111011111111111101011111111111111111110111011111110111001111010101011010111011101101111011111110111111101110110011001111111111011101111001010100011011111111111011111101110111011111111111101110101111110011101111111111100011111111101000111111111111111111110111111011111011001111111011111101001110010110101111111
11111110110111010111111111101110111111111111101010100010111101110111011010101111111111111101110001010111111111101110010111011110100111111111110111101111100011011111111111110111111101111110011111111111111010111010110011111000001011110010101111010110101011111011111011111111111111111111101011110101011110000000111111011111
01111101001111011111100100111111111101011111011111011010111110111010101111101011110111010111110011011111111111111111110011111111111111101100111111011111011111101101001111111111110101111010101111111101010111111110011110111100011111110011111100101111101010001101111001100101111111011110111011011111110111101110011111111111
01101010111111011101011001011101111111111011011101101111111011111011101111011101011111011000101111110011111100101110110111111010110111101110110111111101100101111111111111011011011111010111010111011100111111101001111111011111111001010101101011111001011111111111101101111111011110011111101110111010111110111110111010010100
11111111111111111110111110101011101010101101110111111111101101111101111011101011100111111111101111111111111001100111110110110011111110000101100100001011011011101101001011111101111111111000001101111111111001110110101111011110011110001111111111111011111101111111101111111111111111111111110110011010110110101111011011011101
11101010011011101010111111010111111111111010101111110111011001111110101111100001111100110111111111100111101110110111111011001111111111110101111111111111111111111011111111101111111110011111111011110110111101000111101011111111101111101101111111111111101101110111111111111011110111111111110001111111111101011111011010111000
11101110111110111101111111011111111111101010001111111011110011111111111111111111110101111111101110111001111101011110111100111100100101111111111101011111111010111111110111110111101111111111001011011111111111101000101110101111110001111111110101101111010111111110111011011110111111111110001111110011110111111111011101111100
11011111111111100111101011111101111111111111110001010111110001011111110111111111111111101010111111001101101111111011111111011001101111110111101110011111111101111111111111101111110111111111111111111011111111111101101010111101011111100011101111011101111101111111100001111111001101100111111111111010101111111110111111011110
11111111010110011111101100110111110111111100011111111011011111111111010011111011001110001101110100111111001101001111111101100111111111111111101000111111110101111111111111110111110111001110110110111111100110111101011111111100110111101001111011101111010111011111111111100101101010111101101111100110111111111110111000111111
11110100111111111101111111011101111111110011111000000110111111011110011101011011100111000111111111111111001111101110111110101101110111001011011111100011000111110111110010111111110100110110111010111111101011111111111111111101100101111101111111011011111101100101011101011111101111111111101101111000111110101110101101010111
01111101101011101110111001111101111110111101111011101111111101011111000111011100111111011001111111111010111101011110111111011011110111110111111100111110011110010111111111101011011011110111110111110100110111111011111000011110110100010111111111000111111110111110001111110110110111111110001111111011110111101111111000110111
11110011111110001101111011111101111111111111011111111101101101001110100111111011011011101110111111000011000111111111111101100010100101111111011111111101111111111111111001101111011111111111111100111111011110001111111110101100000111111110011110110101010101101110011111111111111111111111101010111001111101100110110111111101
11110111111000011101111111110101100001111111111111111100111110111111111111100110111011111101111111111111111111111110001110111111011001101111011011111100011101110011101101001110011111110111111111010101111011111110111111101010111111101111111111011011111111111111001111101011110111111111110101111111110111111111110000111101
11111011100100110010110110010001100111110111010111111011001101111110011001110111001111011010111111101011111100101010111110101110111111111010111110111101110010111111111111000111010111011011110110110111010110001111100001101111111101111110011111111101111000010011111011101001111110100111101111101111111101111111111100111111
11111110111101111110101101111111001010111101111101111101100011101110000101101001111100101111011111100111110111101101011111011110101100110110111100001110111011001111011110111011110101110011011010110111110000010111011110011011111111111111101101110101110111101011011101111111000011111111111011101111010111100100101011010011
11010001011111111011110111011111111111101100101001101101111111011111111011010100111110100001100100111110111100111101111111111111110111110110001001110001011101101111101000111110111101110111101110111101110111110111111101111111011111001101100111111110110101111111011001001111101011100111011111011100111111111111110111111110
11111110110001111011110101111111110110110110110011110011011111110011001111111111110111111001101011011110111111000111111011111111111111111111111011111111111101011110101111000110111101100111111010111111001110111111111001111101111011101111010011011001111111011011010001110101110001110111001011110110101111111111111111111111
11001101101101011111111111111011111111111011111111111010111111111111111101111010111101101111111111111111111110101111110111110101111101110101011111011111111101111001101111111111101111111011011100110100110110111111000110101011111111111111101001111111110111111111111001101001000111110111100110111011111111111111011100111011
10111101110110111110011011000111111111110001111101110111111101110110110101100011011001111111111000111100110110011101111101111011101111011110100100111000110111111111110011001111100111111010010111110010110110111011010111110110111011011001111000110011111011010111111001011111111010110011110100111110111110111011111110011110
00011111101111101111110101101011111101111101011110011010100110011010011110110111101110110111110110111011111110111101111111111101111111011111111010111111111010011110111110111111011100111011101111110111111011011111010111100011111111111111111111101100101011111110110101111011111110111101111001011111010111011110101101111101
11010110110111111111111110111011101111111011101111001111011111110110111111110111001111000101111111011011110011011110111011110010111101111110111101111111101101101111001101111111101100001101101100010101111111111100111001011111100111111111111101111110101100100111111100101011111100100101111101100011110111111111111111111111
10111111001110111110110001011110101101111110011110111110111111111111110011011111111111111111111001101111110000111100100110111101111111110111110111101111111111011111101111111110111101011111111110110011111110110111111011110111111110111111111011111110111111101010111110111111111111101110111011100001110111110011110011001101
11111110101011010110111100111101101101010111110100101101111101110111111010101111110011011111100101011110110111111111110010101100100110111100111111110100101011111111100111111010110101110110111011101000110111101011111101111111110111011111100111111111101111100110111110110011110111111010101111011110011110111011011011110011
01111111111111011111111100111111111110101011011011111101111111101111001111011111111000111101111111110111111101010101001111110110111110111101110101111001111010111101010011111111110110111011111111111110101111110110111111111101111111011111111011101101110101111111111000010101101111011111111111001111111111110101110100101110
11111111110011111110111110011001111110011110010111111111011000101111111001111110110110111010010110010010101111101110101111110111101111011111111111111011101111011101101111011100100010111001011001111111101111111111011111111111011110001111110111111111110111100111110111101111011100110111011011111111010100101111111001111011
00011110011011111111111101101001101111111101110001100010011111111111001111111111101101111101110101111001111111111111111101111011101110111010110010110111011011111111111011110111110111111011101111010111101010101111111101001011111011111011110100111011111111011100111011111100101110011111111011111110001011011010110111111100
11011111111010110101101111101011111001110110100101111111011011111001100111101011011110111111010011111011011011111101100111110001111111111111110111111010111100111111111101111111101010111101011001111101111111101001110100110011111011011001011110101111011011111001011011110111101101111111110111110011010111101111111000010101
11011101111110111111111111111011011110111011011111011011110011011101001111111110111111110111111111101010001011001011101011001111011010101101010010101111101011110110101110101110111111011011111001111100111001101110100111100110111110111001010111011010011011110101111111111111110011110111011001101111111111011110110111111110
11111010111111111111001111110111011110011011101111111111011111100111111110100011010010101111101111111101111001011110111101111111111011110101111010111110110011101111110110011101101100010011100111110011101111110101111101110110111111011111111010111111111111111100111111111100111011011010111101100111011000111111111101011111
11110110010110101110001100110111111011011110110110110100011111111111111111111110001111101100100111101111111110110101011110111111111111101111110110110111111111010100111011100011110010101101111100110111111110100110001111011111111101111011110101011110111101111110101111000111111111111100001011111111110110011011100111111101
11110111111111011011010001110111111111111110101111111011111111110011011101111111101101111101100111111000111011001111111111111101001111011110111110111110111000011111111111111101101110111111111011101011111111111111110110110101101111101101110111011111111110111111111110111111101010000110101111111101101111111101111110111110
11111111011111000111101010101111111011111111111110001011101111111111100111000111110011110010010111111110101101111111101111101111101110101111111111010010010101110101110111101111110110110111011110110111110101011011111111111111111111111011111111111101111101001111101011111101111010011110111101110100111011111001011100111111
11010010000101111110111111101111011101110110111010001011010101110111100001011011111100111011111110110111101101111011111000101111011111111111111011110011100111111111100001111111110011110111111111101111110011111110100111110110000111101011000101111011111011111111110011111100110111011100111111110111111101001101101111100110
11111111111101111011110101110011111101101111101101111010001111011111111100111110110111110101011111001111111111111111111101110111001011011111111111100011010111111111111111111111010100111111110101111111111010111111011111111111011001111010011011111000111111111111110101110111111101111101001101111110001111111101111101111101
10011110101011111111010111011111110111011101101110111110110111111011010110111001110110011101111110111101101110111111011101010111111111111111111100101101111011111111100111111100101110100101011110111111011111111111010111010111011101110110011111101110111011101111111010010110111111101101011101100100110111011011110011011011
11111111111111111111110100110111101111111011110010110010111111011110011110010101011001111101110110010111010111111111100010011110111111011111110000111001010111101000111101101110101011111011001111101011111111101110111111111101111001111110110110110001111011111100111110101111111111111101011101101111001101110101111100101000
11100011110110110111101111011111010010110101011111111111000110100001111110110111111110111100100110111111101100111100111111010111101111111101110111101111111111101001111111101010011110110011011110011111111101111110111011011101111110101011101011110110111001111101111111110000001111101111111101111111110111111111111010110100
11110101111001111110100101101111111101011111111101111111111111011110000111101110111111110111111010111011111111111000010111111101111110111111100101101110111010110101110111111111111101111101111111111100111101110111101011111111110111010010111111110111101111111011111011111011111011111110111101110111111111111111011111011101
11111100111111111110011111111101110011111110111111101111111011101111111101011111010110111101111111101111100110010011111110111111011100010011001111111111111110110001110001111111111011111011011101111011011110000111111111111101101111011111001111111110011111111111111111111111111101101110101111100111111111101110110100100011
01111101111111111111101111010000110010110111101001111111111000110111111111111111111111111111100011110111111111110110111111110010010101000100010011111010111111111100111101111101111111110111101111111111111011011111111111111111111010111001110101010111111100110110111011111001111111001101010111111100101111111101011110111111
11101111101111111110111001110010101011011110101110111111101111110011111111111111000111110011001101101101111110011011111111111011101010011110011111111111111101111101011110111011100111111110111101110111111111000110110111111111100011001111111011101111111101111111111011110110111111111101111111010111010111001111010011010111
10101111101000111111111111111101101111001110111111100001110111100000111011001001101110111111111100111101111110011111010111111111111101111100110111011001100110011011100111100101011101010011100111001111111011011111010110101111111111100100010101011101010110011111011111101111110101011111111011001111110111011110001111001101
11110111111001011011111010111101001111111111011110101110111011111011101011111110011111111111111111110111111111111111111011110010111111101111011010110100111101111101101011111000111011111110111001101111110001101110111111111111101011111111011110100110111111010111000011111110111111011111111110100110110110001010010110111100
10101101111011111111110110101001001011111100111111101111111111001111111011111110111111100111111111111001011101111111111111011100100101111111101101001110110111111011111101011100111101111111111100111011111111111110111110111111111101111101111110111100111110101101111111110111100111110101011010111111111100011111111111111101
01111101111011111010111111010011111011111111101110011110111111011101110010001111011101111110110111101101110110111101111110111111101101010111100111101111001110110110111111111110111010111011111111111011010110011001111101110110010101111111011011011110011001101110111111110011111111110101110111111110111101111011110100101011
11101111110111111111110111110111100110111011110000111111010111101001110111011111111111111111101010001111101111111111110101100111110010111010011110110111110010111011111111111001001101111010101111111111110111001110110101101111111110011001111101101111101101110101100011110101111110110111111010101011011111111101110111110010
00100111001111010110111111111001110010111101111101010101001010011111111011010101000100111110110011010011010010111011010101100101011111101111111111111100110110101110011110111011011111110110111001111111111111011001011111010100111110111111111101011101111101011111111110101110011010111110010101110110111111111110111111111101
01101101111111110111111110111100010111011110101010100111111111111111110111001001111111011111100101001011111011101110111111111111101111000111010111001110110100111110111111111111101011001010111100011000001111111011111111110111110100101110011010111111011111111111101110010111011111011010010011111011101010111001111110111111
10100001110111101111111110111111111111111110101101101111111111110111101100111011101110111011111011011111101111101111111101111111111111010111111111111111111110100101110111111011110111111111101011001001010111011011011111111101110111110111111111111111001111011101110011001111011110111101100010100111111111111110011001111001
10100011101011110101111101010101111010011111101111101111111100110111011111010111011111111110101000110111011001111011111100101011111101101000101111101111101110111111011111111101011111110010011111111110010110110011111000011100101011010110111011111011111110100100110001111110101101100111111011111111101011111110111001111000
11111011111101111000101011101110010010000010111111101111111011110111111010001101011111011010001011001011001110111111111111010010110011111110101110110101111111111010110110111111110011111011101111111111110110111111101001111101111011101111111110111000011011000111111001111001111111011111111111110111111110101100110111010010
11111001111111110111110011111111011111100111111110011100110001111000010110110001110110110111111111111111110011110111111110011101110011101111111110110101110111110011111110111110011110111111110011111111011101111111110111001101111011110111111111101111111111010110000111111111110011111111101011111011111101110111100111100111
11011111110111111000111111011111111111010111011111111101111001101101101011111110111111001010110111011110010110111001010101101111111111111110111110111011111111111111110111001111111011101011101110011111001110110111101111011101011111111101111111110011011001011101110111010111100101111010111101111111001011111111101111111101
01000111111111111001101000111101111101111011111111111111001111111110110011111101111111001111111111111111011100011100111100111100111110001110111111100111010110100011110011110111001100010101101111110111111111111111111011111111111001011100101110010110111101111111001011011010101111011010010100000111111101111010110111101101
00110111111111101111001111011111111011111110101011011011111110101011101111011110111111111100001011000110001101111110011001001111111110111111111100011101110111101110111011011110110010001111110110111111011011110111010101101111101111101110111111010110111010011100100111010110111011111011100110111100011101111111011111011111
01111001011111111111111010111011111101111101111111111011111011011101101100111111111111111010110101110001101101100011001101011111111111111000111100010111101001111110111001100101110110111011111110111111101111011011111001111101011111011011111111111011111111001111101111111111111101011111111110001011111111010001001001001111
11001011111101111111111010111111101101110111011110110011010111111011110011001111010110111111101000111011111101011110011001101111011111011001111011111111111111011111111111111111011111111111111011100110101110110101010101111110010011111111010111001010110001010101011111011111011011111011110110111111011011110111111110110011
11111101111111111111111001111101011111111111001111011011101011110010011010101111111011111111111101010111101011111111011111111110101110111111010111111111101110111111111011000111101011001111110111111111110101011100111111011111101111101101111111111111001101010100101110101111111111111111111110011010110101111110011111110111
10000111011111111110011111111011111111101000010111111001111011110111010011110111111111110111111111110111001111111111111111111010111101110011110111101110111111011010111011111101110010010111101111111110111111111110111111101101011111111110101101101111011101110110100111101111011111111110111110111110111111111111111101111111
01111111111111111100101111111111110010111111010111111011111110111111111111011111111111111111111101111101100110101101101010110111111111010111110111110100111110111111001110111011111011111111111111111011111110001110100110111111011110110111111110101111110111111110101000111111110110110100011111110111010010101111111011111101
11110101111110001110110110111011111010011110001111001111110000110100111110111011110101111111010111111011111111111101111101111010101110000101011011010111110111001110111101101100100111010010101111110111101111101110111111111111100111111110011111000111110110110100100111110101101111110101011010111011011111111101110111110111
11111110000111101111101110111101111110111111111111110111011100110111101110101110111011001111100111110111111111111101111001111111111011000111110111111111111111110111011001101101101111111111101101111100111100101111111111111101011101011101101111111111111111111101111111111001111110111111111101110110010000101001011111111111
11111110111010010101110111110111101101111101011110111001111000011111010100010101010011101111011011010111111111110100011110010101111111100011111110111111110010111110110111111111110111110100001011001110101111110111110111011111110111100011111001111110111011000011011110100011011111110101101111111110111100101110111001111111
11111011111111101110001111111111110111111100110110111101111011111011101111101101011011001111110011101011111110000011111111101111111111111110111111101111011110111111111111011011011111111100010111111101111101111100111110111110011111111111100111010111111101011111111011111110111010011101101111111101111110001111111111111111
11011111111101111111111100101111010111111110111011111111110001100100111011111111101011110111111010111001111111111111110001000011110011111111111111110101101111111111101111011111010001111111111110111001110111111001110011111110011111111110110100011100110101110111111101111110101001111110001110101011011111100111111111111111
11111110111100101110110011001011111111011100000111111110111111111101001001010101011111111010111011110110111101110101111111110111110011011111111101111110111111001011001111111111111111111111111111101111010111111101100111111011111101111111011001111101111100100000111101011111010101111001111011110111111110111111111111011111
10110011011110100111011111011100101101101111101111111111111100111111011101010010110011111111111111100110111111110100011101111111001111011111110011111101110011111000111110111110011111111111111111101111111111111011111101111111111011110011101011111111011100001111111001111111110110111111101111011010101110111101101111111111
11101011111111111011110110111111101111101111011110110101111111111011111111110101011110110111111101011101111111101111001100010111010111001110111001110110111111111111110100011111101111111111111101011111111111101011111011110110011011111111101001110011101001001111111101011011111111011111111011111001101010101111010111001110
11111111011011011111111111111111110111110101111111101110111111111011111111111111111111111001011110011101101111011101110011111110111010100101101111101111110110001101111111111111101111111110010111101101010110110111001111111011100111011001111111010111111011111001010111011110100010111011011111110011111110111001101110111111
10111111111111110011011110011011011111001110110101111010101111111101011011111110100101111111101011111111110111001111111111010010111111111101111011010111110111111001111101011101111110011110110111100111101111010111111101110110011111110111111111111111111101100101101110111111011110111100101110111111100111011110101101111101
11111111101110100101110101110111011111001111110100101110110101111010011110111011111011110111011111011111101110011010111111111110111010111011101111111111111011110110111110101111011111101011111111011111101101110110110011000111111101110110011111011110101010110110111100011111111101101110101010111011101101011111100111111110
11101111110110111110001111011111010111001011100111011011001111111100010010011111000111111000101111101110111111101110011101011101011011111101111111110101111011100111011111011111111011110111011101011111100110100111110111110011111101111101111110111000000111101101101011111011110101011010110111001101111110011111111110110111
01011111111101111011011101111101011111111101001101010110101111111101111010111101111111011101111000111111111111010101100111000101111111110101111101011101111011001010110110101110011111111011111011101111110011011001010111101110111111011000111111101010011001101111011001011101011101010011111010111010011001110101001011011101
01100111110011111011111111110111101011010011000011101011100111101111111111101111101111101111101010010111111111101011111001011111111101010100111110110110101111101111011111011010101111111011110111111111101110110110111011111100101011100100110101111111011110111010111100101010111110111011111001100001111001011111101110011101
10101111011111000101001001110101111011111001111101111111111111101011000110001110111111111101110101010010110010011011010110110110011001101011110010111111101010011101011110011001101111111111111111011111101111010010111111100111111111110100010001101111101111111010111111011110111011000110111101101111111111011110110011011111
11111100111111111111011111101110101110111111110011011100011011111101111101111110101111101111101101101110111101011111101111101111111111101011011101111111101011111010110111101000111111110011111111111111111111011011111111111101111111111011000110111111111001111110111011000011110111111111011111011110110101011111110011111111
11111101110101100101011101011011111101001110101011110011111000101001110110011110110110111111001111011100010111111101101111010110101110111111110110000011011111101111101101110011111111110111010000111001100111111111111000001001101111111111111001011110111110011110111111110111011011011110011101111110110101101101101110111110
11111111111101111111010010110110101111111010111010100111110011111111011011111110101101101111111111111011011101011101101111110111111110111111111101110111111111111011111111101111011111001111110111110110101111011111110111111111011001111111111011110010011101111111110110100101110011110011110000011100101111010111110011000101
11100011111011001001011110001111111111110111111111101000111101111110111111111111111111110111111111111110011110011011111111011110101011111111111010011111011001110100001111101111111001111011101101110110101100100001000101000101010011111010111111001111110011110111110100111111001110111100111101011001111011111111011110100101
11111011111111111111111100110011111110110101111011011110111011001011001101110111111111111111111011011111011111111101011111111111110111110110101101111101011011110111110011111011001101011111001100110101110111011101110101110011111001010111010101111110110110101101111111111111110110111010010101111010111111111100111111011110
10110011111011110111101101000011011111111111111110111011111101101111111011101101011011101011111000101001111001111110111101111111001100111111011011101101111011010111001011011111011110000011111111111111100111111101101011011111111111111111010111101111111111111010001011111001101110111011111110001111111111111111011111111111
10111101111111101111110110111111111011101010111111100111011010110011100010110100111100110110101111101111111111101111111010011111110111111101111111101100011101011001111001111000100111011001011110011111111011111100100111111111110011111101111110101111111110111101111001111111111111110111111100110111111111110011010101111001
11111100101101110101011111100011111111111111011100111101110111011101100010111111110111110011111111000111101111111111111111101010101011101111101111110101011111111111111010011101111101111111011001111011011101111111110111111111111111110001101001111001111011110111111101111110111010111011110011010111111110001111100111110011
01101011110111110011111110111111101111111110111101111011111111110111011101100111110111111101110111110111110111111011101111011111110111110110111010011111100111011011001111111111111111011101111111111111111011101111111100011011111111010110100011101011111110101111111110111110111111101111110110111111111110101101101110010101
11101111011111011110011111111101110010001101111111101111111011111100111111001011111101110011111000111011111110111111101111010011101111111101111010110111101111111111111111111001101101011111111011101110101101111111110011111110111111101111001101111010011011110110111111110111111110111111111111111111110111110011101111111100
01001011111101010111010100011111110011010111111111111111111111111111111010101101011010111110101010111111101111001111111101111111100101011001001101111111111111011110111111111111111111101010101111101111101111111110111011011001101111110111111100110111111011110110111011111011011110110011111011011011011111101111111101111110
00000111111101110101111101111111110110100111001011111111110010010111111111111111111111111111011111011111011111001011001111111111111111111010111011001110110111001010111011111111111111001111111101111001011111110010111010111111111111111110111111010101111011111111110100011101011111100111111111111111110111101111000110111011
11111011111100110110101111001111111111110110011111101111110111101011110111001001110011111111010101111101011111010111111101111111101000111011011111110100101111010111111101100111011101100111010010110001111111110111111110101100101111111111101111111110000101111100111110110101111001011101111111101110001100111001011111110100
10111111110111111111010001001001001111101110011111111101111011101100011111011111111011110111111101011101111101111101111111111110010110010100110011101011100110011001011111011011111111111111111000111111111101101110011111101010111101111101111101111111110011110101111111011001101111101111111111101101111111010000111110111111
10100111101111010111111101001111101111111000100101011001101001111111111111100101111111011101111101100000011111101100110100111110011111011111001111111110011111110010111111111111101100101011110111110101101101111111111111111111101111111111011101110110101111111110110111111111011111101111111100111111100011110101101111011111
11101111101111110010011001111111110111110010011111110101101011111111101000110111011111111101110000111101110111111110111101111101101101110111111000011100011111111111111111111111110110111011001110111011110010111010111101001111100011011111011110101010100011010111110110100110011110110101110100010101111111111110110100111101
01111110000011111111111101111100101011010110100111111100111011110111011000110111111111011111111111110010111011111111110111111111111111111111111110111110111101111101111100111101111111100010111101100111110111111011111110111111111111011110111011101111101111100111111011110100101110111111110111110110011111111111111011111110
10111111111100101010111111100110111110111011011110001011001111010111011111111111100101011011011011011110111111101111111111111100101011010111011110011011111011111111111111111111111011011111111101101110100111111110111011111111110110000101111111101111111111111001011011111111110001001011011111001110110011010111101111110110
11111010100101111101011011111111111011111101101111111111001111001111111001101010011100011011111110010111011111111101101111011000111111010101101011110111111111101111111111101111110001011011011101011111111001111111101011101111011001111111111010011111100111111100111110111111111101111111110111101111111111111110111110111111
11011010111011110011111111111011101010011011111111111111011101111110111001111111010111110100101111111011010111111101111101110110111111111101111011111111110101001101111101011111111110100111001011101100011111111111111110101101110111110101101111111000111111111111111111011011111111001111111111111111111111110110110111111111
11111111011111110011111111110011111010111101010111111001100111100101110111101111100101111011111000110101011111111101101111111111111101111010111011110101001111111101111010111100110011111111010011111110111111110011111001111111111011101111111111111111100110010110111111111111111111111111111111111111001110111011101111111101
