1011111111110111111011100111101111111101001101110101111110110111111001111111110110011111111011001111101001111011001011001011111011010101110101111101111111111111011101111011100111111000010101101110001010001001111100010101001110111110111101011111111111100110011101111011011001001111
1111111101000111110111110111001001110011101111110101111010001101101110101110111101111101011011011011111100001111111011111110100101110101010110111101111111101101110110011101010101001001100110111101101011110101101111111110111001110000111111101111011110111110111110011110011111111010
1101111111111101011111101100110111110000101111011000111101001110010100111011111111111101111111110011011111101111111111011111001110001101101011111110101010111000110001111110100111001101100111111101101111101111011010111100111011101011011111100101110111111110101011111011001110001111
1111111111011111011111100111111001111101110110010101111111111110111111111001111110111111001111111101011111111100001110001111001100101111011100111011011110111001111011111111011101011011100111111111110111111111111101011101111010100111111011010110111111111101110111110100110111010111
1111011111110111111000010111111111010111100111111111111111111011011111011101110111111111111111111011111111110001111111100111010111011111111111111001111000011111111110101011001111101010100110100111100101100101111111101101101111011111110101101111111001011101111111000111101011011111
1101011011011111111111110011111110101101101110110110111101101111111100111111111001101101101110110010111011110110101110111110111011111111100111001110111001001110110111111111111110111101101101111111010110101011011101100101101111110111011111011001001111011101101011111011101010111011
1110111011110111011101011111110110111100011111111111111111111111010111111111110111101011111101011110011111111110011110111110111110111111101111111110110111101100110101111111111111101101110111010111001100010111100011010110011100000111110110011110000111001111011111101111111001110110
0000111111101111110111110010011011100011110111011111001111011101111111111111111111001101111101001111110101111011011011111111111111111110100111110000011101111111111111101101101101010010111111001110101111111111111110101111111111101111111101011100111101011101111111010111111111100111
1111101110111110011100011111110100111101100110001000111101101011111110101000111011111101110101101000111101111111111011011101111110011111101110111101111111111001110111011111111111111111111111111101101011101110111011001110111111011111101111111111010101111011111111011111111101111111
1101100111111010111111110011101001010011111111111111111111111111101111111010010110101111111111110100011110000111111111000101111110111011110101011101001110001000101010101110111011111110111011001001111111111101101011101101111011101100111101010000101111111010111111111101100011100110
1110111111001101101100101111111111111111011111101111111100011111111101100111111011110011101111011110110101011000110010011110111111110100111011011111111011110111011111011110111100101111111111111101101111111110111111111101010001111110111111101111111111111111110011111111101111111101
1101001111011111111111110100000111111000011100101101101100111111011001111111110001001111111111011010011110111001111110111111111111101111111011111110111100111111111111111110111111101110101111101111001111110111111111111101111110111111110111111111111111111111111110101011111010111011
1111111111101110111111110111101011101101111111111101010011100011111101111101110100110111111011101100111111111010011111110101111010011111110011111110111111111011011111111110111111111111011101111110101111010111111111111111101111001111111111011111011101111110110010111111101111111101
1111110111100111010111110111011111111001111001111111111111111011001111111111111111001011110011011101001100111110101011001111111000010011111111110110011111111110111111111101011001101111111110111111001111111111111101111011111111111111101110111111001111111101100001111111110011110010
1011110101010001010111111011111010111110111011101111011111111011110111011011111101010011111110100011011110000111111101111100010011011011001111101101010011111111111101101111110101011100111110101000011110101111110111100101000111111101110111101101111111011111100010011100111111011101
1011111011110111111110010110010001111111011111110111011111001011101111111111101101111111111101111111010111111111101100011110010111011111110111111111111110111111011111011110110111101111010111110110111111110111111011001011010110111011111111001110111011101111111011110100111111111111
1110010110111011111010101011011111111111101111111110111111101110111110011001111011101111001111110010111111011111111110111101111010111111101111111101001111111010111101111010011111111101101101001011111111101111111111111110111111010100111111011111111111011101011011011111111111111001
1110000111001001010011111111011111101111101111111011111101011101111101110111111111111010100001111111110101110111011111110110111101011111111111011011110101111011001100111101111111111110111111001111111011110111000111011111111011011111101111101110101011111110111011101111111111100101
1100010111111101011111101111110111011111111111111111111101011011101101101111010111111111111011101101111111001111011111000101111110110110011110111111111111001011110110110100100010011111001101010111000111100111011111011011010110101011111100111101000110101111101001111101111101111110
0111011111111001111111111111111101111001001011111111101011111010011111100111111111110111111011011011001001001111111111110011100111110111101111011001110011100011001111001110111111111101111111001101111001001110111111110111011111011011001111100111011001111100111111111111011101110010
0100110001011011010101011111111101011111110010101111111111111101111010111011111100110010111011111111011101011110111111111011110101101110110111010011111111111011111111110011111101001111001111101101111111001010110100110011111110011011011111111111011110111111011111101011011111001111
1101010111011001110111101111111111111110100111110111111111111011111111100100111001111110111111110111111111111011111111011110101110111011010111111111010000101111111101101000110111101001111110110010111111010011101111111111111101111110111100111110101101010101111111111011100011100111
1111111111101111011011111111000111011011111111111110101111011111110101111110111111111111111111011100111111111111111111011011111101111011110011011111010101011011110111111001111111011111011111111110111110111101111010101011001111111111111001011100111111110111011010111110011111101101
1110010111111101110101011101011001111110010111111110010011001001111110010110111111110111100111110011110111010101111111110111111111010110011111111111001001111111010010111111010110111101001101111110110111111111111101111111000111111111101110101111101111111111011111111101110110111111
0111001111011111110110101111111110111111111111110110110100101111111111100101011001101111101111111010011111101111101111111101101111111111101100101011110100111010010110110101100010110111111111100110011111111111111011111111111101001010111101111110111111011111111011101111101011111011
1110111111011011110111001110111110011110111111111011001101110101101111111110111111001110001111111011010111101111110101101100111110111011111111001110111111111111011001110111110100100100111111100111110011111010111101111110010111100100111111111010111011011011001011101011010111011111
1001111110101111110111111000111011100100110111110100110011110100111111111110111110111111110110011101011100111010011111011111011101111110110011011111001111001100111100111110101101111101011111011001110100111110101111111111111111011100011001111111111111110100110010101010101110110110
0111111001011111111111111100011111110111111011101111111111011011100101110111001111111011010111110011111111010101111101110011111101111111111111011011011111111110111101011111011001111111000011111111111111011111111110110110111111101111110111111110111011011011111011111110111011101111
1111110101110111111111100111110111110111101110001111110111011110111110111100110111101010111101011011110010111111111011010111111110111100111111111011111011101111111111101011111110011111111111110111011111111111110101111011101111111111110011111110001111111101111111111100101111001111
1111000101111111011011111101110011110010101100011111101010010101101111111110000101011011101111000111101011001111011111011110101111111111101111011011111111110010011001111111010101011010101110110110111010001111001111101111101011011011101101111101110111110111111110111111010011111111
1010111101111111101011101111101111110111111110111101010111111110111111011101111111011111101111011011110101101111111111111110011111111101000101111001101001011101111101111011111111111011001111111011110011101011001101110110101111110011111111011011010101101010011001101101011111010000
1100010110011111111110111000101111101001010101101111111101011101110110110101011110101010111111111111111110100111111101101111110111110111111111110110111010100001011011101100011111111010111011111111111001111111011100101111111111101110101111101011110110011111111111111010101011111111
1110111111111011111110101100111111101111000101111111101110111101111010111110011110111111111111111111111110111101100010111101011111010101101111111111110111111011011110111101111101011110011111111011111110111111111101110110111111111011111101001111111011100111101100001110111110111010
1110011111011111000110011101111111100101111101111101011010111111111111111111111111111111111111111111110111111111101111111111111011110111111110111111101111110111111111111110111111011011101011001111110111011111101100100010111001011111011010101011111101100110111001111011110111111101
1010101110101111101111110101011111111011110011111111011110001010111100111010111111101110011111111111101111011111111111010100110011110011110111101011111111011001111111011100111110011111110111100111110010110111111111101101111101001100011111111111111001101001011111111110111111011110
1111101010011111111100101111110101111101111111111011110111101011001111101111111101010111111101101111111111111111101100111111101111110110111101111000101101111011111111101110111110101011011101111100111101110100100111101111111110111111110111100101111101111101110101010111101101101111
0111111111111110111110111111111111111111011101111111111011111111110111110110110111110111100111011101111111001111101010001101111111110110111101111111111111100111101111011111011111011111010110111110010111111101100000000111111110111001101110001111110010111110111011111101111111010110
1010111111111111101101111101101110010111110111011011110101111000000101111010110011111001111011111011111101111011011100111111111110111111101110001011110010111110111000100101001111010100000111111111110110101101110011010101110111111111110111100111110111111111111010000111011000100111
0001111111011111000111011011111011001111011011011000110111111010001011111000110101111101111110111111111110011111111111111100101001110011111101111101011001111111011011101110111111111011111011011010111011111111101101111111101111111111111111111111111111111111111101010110011111011101
1101110011011001100001100111101011110110010110101110111111111111110101111111100101111110011111110101111001111111111110111110111111010111111111011111111100100111110111111110100111000101111011001111111100111110100111111101111111111101110101100111011111011001111110101111111111101101
1111111011111111110110001111111111010101111111101101010100101100111100101111101111001011111101011000111110101111001100101110101111110111111010111111111100111011110111110110011111111011111101111111111110110111111110111111111111010011111101110101110111111111110101101100010111111111
1111110111111011111101101011011111111101111100011111111111101111011101111101101110111111111111111111111100111101000011111111111110001010100110110110101010001111111011111111011011011111111111110010110100101110110010011101111111111111010111110110001110011111101111110010110111110111
1100111110111010011101111111111101111011100010010000001100111111101011101111110110111100110001010100111111110111000101011111110011011110111111011110110101101111111110001111011101110111111011010011111111101101110110111111101101111100111110011111101111011111111111111111110100110110
1111011111001111101110100101100111010111100101111111101101111110111101111111101110001101001011111011111101101101111100101011110100111111101010111111111101111111011111110000011111011100001110110111110011111110111010011011111001110110111111111011011011001101110100110111101111011001
1001101110101111111101111111111111011011111011111100111100011111111111011111001110111111111100100100111011010001110110101001011011111111011111111010111111010111100111010101111111111111111111011111001011111110101110111111010111111111111111110110111111010101110110101111110010111111
1011011011111011101111111111110111101011001110011110101111111101111110111101111111111111111110111110111111011011111111110111111111011111111111100111111111111111010101101101110110111111111100101111111111111111101101111010011100101111011111011101110100111100101111110010101010011110
1111010110110011010111110011000100101111111111111111011101101101111111111111100111111101011000111110111010011011111111111111101110011111110111011111111111111111111100101111101110111101101011111111111111111111001100011110111011110111110011001011111011101010111111101111111110101011
0111011111111100111111100101110111111101111101001111100010100011111011111111111111011011101101011011111011111011111111010011110110101111111011011111111011111111110111101111001110111010011110111011101110111110110011111011110111111110010100101011001110111011011101110010011101110010
1100111110111111111010111111101110111001111111101110101101111011111101110111111111111111101110100111110110101111101111111001111101011111100111110111111101111101111110111111111000010111101111110111111001101101011110100111111110111111100110111110110011111111111001111010101110101111
1111111101110011101110110011111101101111111111001110101111101111101001111111111101111111111110110110011111101110111101111110000011110110111110101110111111111011111111111110100111101011111111010111111100011011101011111010011101111011111101111111111110001111001111101110110111110111
0011111101110100111011111001111010101110111110111111001110111111111111100010111111100110111101110101111110110110001111111111011010111110110101111100011010101111110101001111111011110111001001110110111101011111101010101111101011111111111111011001111111111011101101101111111000111011
1111011011001001110111101011100001111011101111110111111111110100110111111100111111111111001110111100111111111111101110111101101111111111111111111111110111111110111101101111011010000001001101111111111110101011001110111110111011111101111110111111111111001011100010111001001110111111
1111001111110110101101001110111111110111101010111111111101011111101111100101111101110111111111101111110111111110111110110001110011011101111111111111110100111111011011111010111010111110100111101111111011101111110111111011111111011110011111111101111111110101111010111001111111111111
1001110111010111110011010110011110101111110101010111011111110101011111101111011001010111111110001001111101110111001101101111111101101111101111110110011101011111111101111011100111111110111111111111111111111111010110111111110001111011111011111111011111111110101111111011001111111111
0111111111111010111011110110111111111111111010111101001111111111011111111111111111011001111011110110101110110001111011011111001011110100111111001011001011110111111101011011010101011111111111111001011110110111000111111100111101111111010101100111110111100010111111110011011111111011
1110110001011111011111110111110111101101001110111011111111011111101110101010110111010110110111111111110110111111101111011111000111111110111111111111111110101111100111111111010111111100111110011011111111011111101110110101111111111100110111011111011011111100011011111111111110100011
1111011111101010111110111110110111111111101111011011011101110100101111111111001111101100111100111001101111111100110110001011110110111111111101110111011111111010101111111111101111101001111101100110011111100111111001101001110100001001011010111001100111001111111011111011101111110011
1111101110010110111111111100111101111010110111001110101101110100011101111111110110101011110011111101011011111101111101111101111011011110000111000110111110001100100001011111111111100111111100011110001110011111111111111110101111011111111101011111011101001101001000101001111111111001
1111110001111110101101111111111111011101110110100011111011011101101011111111011111111110111111111011011111111111110111111111111011011111111101110111111111011011110001111100111111100101111101111011111101111110101101011011111111111100111011101011101111111010010111111101110111001110
1111111111111111111111101111100011110110011011111011001011101111001011010111111011111011111111111001111111011011110101111010111111100111111110111111001101101111000110111110100011111110111110011111111101101110111110011110101011101111101111110011101011111110111011111101111111011111
1100001011110111101110111111011111100100111111111011110111011111111111110101111111111110110110110111110110111011101110011111111110111111111110101111011111011001111111000111011111111111001110110111110101111111111010111001001001010011100101100101101101111111111010101111111111011111
1110110011011100111111111011111111111011111110011110111111111101101111110011110011010110111011101111111010111111011110011011100111101010011111010111111111111111010100000011111110101111111101010111101110111111011011111011101001111111110110011111101010011111111111101111111101101111
1110111111011001011011111111110111111110111101111001110110011111111010111000100011111111111111001101111101001011100011011111111001101110101101110011101011110001111101111100111110111111111100101110010010111101101111011101011110011111011101111111110001111000111011100110111111110001
1111111111111101111111110011011111111111000110011011010110110010101001000100110111111100111111111110110111110011010111111111011001111011110011011110110111011100110111101111110111011101110111011111111011111101111110110111011111111101101111111110111110101110111111111101011011000110
1101111011011100101011011111111011000100111011111111000011100111011111111101101110101111111011010111111100111011011110101011011111111101011111111111001111111110011101011011111110111111010011111111111111101101111111100011111111101101111111110111111011111111010111000011111111111101
1111001100101101111011110110111111011100011110111111101011011111100101000111110011111110111101101100110101111101011111011110111001111111110111101110101101001011111111111111100011111111011111111111111101011011111111100101101111111110111011101101111111111111011111011111011111001101
1101111111011110101011001011111111101110011111111101111010111110101111111111111110111111101110101111111111111111111011111111000101111101101111110110111111011110000010111111110111111011110101111011111111101111111111111001111101111101011111101011001111011111111011111110011011111110
0111111111111101110110111001011111111111111101100100110100001111101111111011111001110101110011111111011111011111111110110001101000110110111110111110111110011111111111111111011010111111111110111011111101111111101111111111001101111111111111111110111111111111111011111001111111101010
1010100101111110111111110101110001101110011111011111111111101111111011111001111011111101110111111111101111111111101100111000111100111101111111111101111111110111111100111110101100011011111101011100011011111101111111111111111111011110101111101111110011111111011111111111111110110111
1111111111110110110101011111010111001111111110111101011110110110110111111111111111110111010111100111101110011111001010110111111110111101100111111101111100111110111101101111111111101111111111111001111111111110111011001111111111111111011101111100110011111111111111111010011101001111
1011111011111110111111011010111100010111011111101001101100101111011111101011100111111111111011111111111110011110111111011101101101111111110111110100101111110111111111010011110110111110111101111111011111111111110111111010101110011110111000101001101111111111100110111110111110111011
0011110011011111101110111111110111101011111011110110111110100010001111111011110111110110111101110011111110111111110111110110110101111111111110101100010110111011111111011011001001011111101010011101101011111111101101100111111110111100110111110111010110001111011111111110011101011001
1011101000111011011110111111111111101101110011110111111001110111111100011100001101111111100110011111101111111110111000111101111100111110011111101110110010111110011011101111001111011101110011011111110111101111000011011001111111101010111101011101111011111101010011111110111101101001
1111110111111000111001111111011111110111111001111010111101111110101100110111101111111111111110110111111111111111111101011001111101111011110011111111011101111111111011011110111111011101011011101100010111110111111001111111010111101111111101011111101111111111101011011111101110101111
1111111111111011011101001110110011110110101111111111100100101101111111110011110111111101111101110011111110111011110100111111111110001011111010111110111111101111111111111111010110111010111111111100011110110101111100011101101111111100110101110111111100111111111000101011111011100001
0011111101011111101111110111100111110001000011111010011111101001111110101110101111111110010111111111101110011110010110011011011110111111101100111111111101100111111011001011110111111111111111111111111100101100101111101001101111110111111001110111100111111101110101111101111111101101
1111111101111110101100000101110000101010101111011111110011111111111001111010111001111111000111010011110111100011110011010110111111101111011111100111101111110110111010111111101011110011111010101010011101001011011011011011111101011111001111111110111111111011111111111111110111111010
0111111100110111111111111011001011001101111111111111111110011101111111110111111111111111000111111011111101011110010111110001111111111111111111011110111011101101111110111110110001110111101111110111110101011111111000111001111010111111111001011111101100100000100111111101011011001000
1011110001101001110100111011111110111111111110111111111110111101101011111001110011110111111110111110101111101111111111011111111111101110111011111111111110111011101111010111011001001001011110111111110111011101111111101111101011111101111111111111111111101110111111011111011111111101
1111111101111001011111010011001101111111001001110111111111011101101111110011011111101110100111110111010001000011011111111111111111110111101000110111110111111010111100111111111111110111011111110011111011001101110011011011101111000111111111011011010001111001010111111111111111100111
0000011011101011000110111111111110111101110111111110110111101111110111100111111000111111111010111111111111111111101010111000110100011010111100010101111101110100111111101011111101110110110101011111101011111101100111111111010111111110011111101111111011111101110110011111111000100110
1111111011111111101100101101111011111111111110111101111110110111111001111100001101110010111011101110111101111111111111101111100010111111111000011111111110011001101111111101011011111110110111111101111111111011100111101110011110110111110011110111111111110010111111011111111110011011
0011111111010011011111111111010110010011111011111110111111111000111111101111111101100011111111111011110101111111111010111111011110011011001111000101111111110111110111111111110110111111110110111110111011111101111111111101111101100011111110111111011111111111110010101101111111111111
1010111110111110111101111111011111011111011111010100111111101100110010110011101110101111110110011101111111111111011110011010110111001111001111110110010110111011101110111111001110101111101110110100110111100111111110111111111011110101001111110111110111000011100101111011100110000111
1101110111011110111001111101010101110111001101111111101111110110011101101111111110011000101111111011111111111111101100111111111011100001111111011110111011111110111010100111111100111100111110101010011111011111111111111110101100111110110111110101001110111100111011001101010111110001
1111110100111111111111111111011111101111010101111011100011111011111000111011111111110110111100110011011011110110100011111100111111111101110011110010101010100011111111011111011110010111111010110011110101110111000110010011111111100101011101100111111111110111110110111111101100111111
0101100101111111111100111010101011111101111101101100001100000111111011101111101110101110110111010101101111011100101111100101111111111011111111010001111000101111111111100110111110111011111011001111101111001110111111011111100111101101111101100101101001111111011111111111101111100111
1011011000101111111111100101110110110011111101111111111111111111111011011111010111111111010011111111101011011001011111111111110110111101111000111111101101110010111110101011101110111111010111110110100100111101010111101011101111101101110111110111111001111001110101101111111100110111
1000011110111110010111011101110000110011110111011011101011101101101111111111011111111111111110001011101110111011111000110110101011011111111111101111001111111101110010011111111100110001101001011111101101111111001001111011100011110111011111110111111101111110111111111110101011110111
1110110111101110111101110111101111010111010110110111111111001011111111111011111101111111011001111111111111010101110111011111110111110011111110010110101111110111101011100111111110111001101111110111101001101111111010101111100111111111001011111110111101110111101110111110111111110010
0011111101101111110011110111110111111110111001111111011101110010100101010001100101011100111110111011111110111101011101110101011111110111111010110010111010101111011011111111111110100111101111001011111111111010111111100101001111111011110101101110111001110111101101111111010111100110
1101111100111111111101111111111111111100011111010111011110110011111101111011101110111110011111011001001111111111111101001111011110111101111101111111111111110101111001011111110111000111111101101111101110011010111110111110110111101111011101101101111111111010100110111110011111110101
0101110111111000111111011111110111110110111111011111111111111101110111111011111101101110111111111110110110100100111101011101111111111111101101111101111011101111111011111111110010001111111110011011011110011111011111111011001011110010111111111110111100111110111001111111101111001110
1001010101111000110110100110011110101111110110101011110111001110010010011110111110100101000110110001101110111110110111111101010111111111101111101011011011011111110111110111010111100111101111101101111101111111101110111111000110100001110111111111110111111010111001111110111111100111
1111101011100111101011101111110110001111101111100111111101111110110011011110111111011101111010110111101111000010111111111111101010101010101011101111111111110110111111111101100100111110111111110110110011111110111101111111111011001101100111111011011111111111010011110100110111110101
0111111111110111110111101111101111111111111010011111011101111110101011110011110100011111111111111000111111111111110110111111111111100110111110011111101110111101111011101111111010101111101011001111100110111111001011110011110111111111111101001101001011111111111110111100110001011101
1111010111110011111111111111110011111111010110101101111110100111101111110101011110011110111111111111101110110101111011110110101110111100111011111100111100011111111110111111010111111110011111111111111111111110111111011111110101110111101110100111111101111001110100011111111001101101
1011111011111100111111111000010001001110110101111111101111111110111011110101001101111101001110101111101011011111100100101011110101110100110110110011111110101110011101010111111011111010111110111111001011111111100011001111101100110111111111111110111000101011111101111111011110111111
0010111110001111101111101100011111110001111111101111101111110011111011011110111111101110011111111110111111111111111110001111111111101111011111111111101110010111110111101111111101111101111111110101010110000011111011111111111111111011111111111101110011111101111110111110011111110111
1110100011010111010011101111101100110111111111110110111111110111110110110111110111111111011011111111010110111111011111111101111111111111011111011010111110101010110011110110010111011111111110111101101001100001001111111111100111111111111110011110111011100100111111111111011010101011
