10111010101111010111111111111111101111011011111001111111111010101111111010110111111100110100011101111011111111110111101101111101111001111110111011001111110111010011111111111100101111101001011000101111110110111101100001111111000101111101101101111111111011110111
10111101011111111110111111100011101111111111101011101111111111011110101011111101010111111111111010111110110111111111011111111110111101111101111011010111011001110011110111111110111111111111111101111110111011111111101101111110011110111001111111011100111111111000
11110110111101110111111011011111111101111111101011001110010111111100110111011110111101111101101111110011011111101110111011111111011111111010111111111110111111101011100110111101110101111110011111111111100101111101111110111011000010101110111111111011001011110111
11101110111111000010100101110011110101111110110111110111101101011110101110111011011111000011111111101011011111101111110111111011011110110101101111111111101011101110001011000111111110011101111101101111111011101111011110111110110011011101100111011111111101110111
10110111101111110111001111111011111111111110000111011011001111101101111101001110101111011110110001111101010111110111010110111111011011010111101101111010111111101011010011111111110111111100111011101111010111011011110001111101111111001011111110110110011111101110
11111111001111110111010111111111111111100111100001111111111111110111111110011111111111101011101110111111010010111100111101110110010101011111111111111101111111001111101111110101111110111110001011101101111110010111110111101101010111010100111110101101110111011111
00101010111101110001011111101111110000000001110011111110001011110111111111101110111001110001101001111001000101101110111101101011110111111111111111110011011011111001111111001110111111111110111101010111011110101111111110111101100011011111101011111011110100111110
10000111111111111111011100101110111111111101011010111011110111010101011011111110011110101111100111110011011010111001101110110111110111111100100101111101010011111110011011010110011111011111011101111110111111100110111111011111111011111101111111111110111110111101
10101111110111100100111000011001111010110100111111000111111111110111111111100011011111011111111111101011111101111011001011001111111011101111111110111110011001110111110111101111111110101111011010011011101111111000101111110011111111011001111111101111101111111010
11101001111111011110100011111111111011001101101110111111011011011101111111101110010111100111101011011101001111111111100111111011100100111101011111101011111001010111011101111111111111001010111100101111011110011101110111011011011100110111111110110110010101111110
01101111101101101111111111010011111011011111010001111110111011010110110011111111111111111110011101110110011111101111111111111101110111111111010111111110101101100111001101111011111111111111110101111110110110110001101111111101011001011111111111111111111111110111
11101011110111110100101011110111101111111111101110110111111011111111110111111010001100110111010111101111111111101101111101111110001101111000100111011101011110111101101101111111111011110111111001110111111111011111111110111010111001011111110111110010111111000110
11110111010011000111110011011011000110101111111011001011110101101011110001001000111110111111111101101010110010110101011111100111011111111101111010101111111011000111011111011111100111010111011111111111011110111111001111001011111111101111011101111100100111001101
11111011010111011111110100111101111111111111101111111110111101111010111101111111110010101011101111111111110110110110110010101101011101101011111010111110010001111111001111111101111111001110110100111011101011111111111111111111111111110111111011011110111110010111
11111111111111110111001011101111101001111001011101111011011100111011111111111111011101111101111111111001111100111010111111011111111011111011110110011101011111101110101111111111001101111111111011101101101110111111110011110011111111111000111101101110110111110111
10111011111011010111111011111111110110111111111111110101011111101011111011111110111101001111111111010010111010011111111111011011111111010111111111111101001111111111011011011111111101111111110100111110111100110101110110111110110111111111110111111100011111111011
10111111111111101111111111111111111111001010111111111101111111111111111110010101111111111111011100111101111111011011011011011100111101101101110110111111111111111101110111110111111001001011110110111111111101011010101111010111010111011101111111001110111111101101
11110110111111111101100111101011110111010001111010111111110011111110100010110001111110111111011110111110111111011101011101001111001011101101111100001111101101111101101101011101011111011111100110110111010001011111110011110111101111111111110111011101110001111111
11001111110101101011011111101011110110101101111111101111101010101111110111110111111101011111110110110101101110101101110010111011111111111100101101101011111111101111000011110111111111111111110111111001011111011111111001001101110111011110100110111111001011111110
10111110001101011011111111111111101001101111111111110110111101111110011011101100000111011111101010101011111111111011011111111011001101010011101000111110111110101111011111111100111111100111101100111111100111111011011111111101101011001110110111010111110100111101
11101111100011111011110111011111111111111111111111101101111110111111111001110011111010111101011111011110011101101111011111110101110110110111110111101111011111000001111111100111111111111101111111111111111101111110110111101111111001111111101011010101110110111100
11111111111011101111111110011001011110011011101101110111111100110110011101111111111110010011101110111010010011010101111111010001011111110111011111111011011110011111101111000010011111111101110101111101011101101011111110110101110111000111111100111011001001111111
11101100101001111111111111111111101111011111110101111110011101100100001101111101111011111011111111001011011111010111001111111100110111101111111101111011111011111100111001110111111101110111110111111000010111111110111010111011111111010100011101011111011111101101
11011011111101110001011110100111110100111111001111101011001001111111011111111101011111101101110111111101110111111011010101001000111111110011111111111111011010111111011111110111101100101110111111011101111111010110010111011111101011111111111111010101111111111110
10111111111100111111101111111111110111111111111010110111011111111011110001110011111100111111111111111101110011101011100101111011111101101101100111111001010111111111011111010001111111101111111101111111111011010111011101101111011110111011111011111110111111111101
11111110111111001101000111010100110111111110011111011111111111011111011101110011000101011111110001110111111111101010111111101110111101111010111111101110111111001111111101110010110011101111111110101110100000111111110100110011111101111111111111011111011101010011
11110101101111111111100110110111111101110100111001101111111110110111111100011110101010110111101111111101101100010110101001011111111101101110011000110111111111111110111010110111101111111111111111101111110011111111111111111111111111111110111110110111010001111101
10111011111111111011111100100111111111101101111100111111011011111111010111111011111111001100110001110101111111111111111010111011001111111110110101111111011111100111011011111111010111111111111111011111110110110101111111111101011101001100110011111110011110101011
01001011111010001101001110010011001111111110111111111101011101111101110011111011111001101101011010011111011010101100001110001100101100011111101111000110110110111111111111101011011100011001111101111111001111111110110011001110000111111111111111111111101111111111
10001101101111100010100101111101001111111111111101111110111111101011110111111011111001111101111111111110111111111111111111111001101101111110111111111111111111111111110101101011110111110011111100001100111111101011110110111111111110111110111111111011111111001101
01011111110011011111111111101011101101111111101111110010010101111111111010010001111111111110111111011111110101111111101101110101010001100111011111111111110111111011110110011011111110011111111111011111110111110000111111111111111011111111111110110111111100111110
11011101011111011111001011001011001111011111111010101001111111111101111101100111101010011111111111110011011100101101110011110111101011011011110011111011110001111011101111100010110111001110011011111101111011011011101111111011101111101111001100111111101101111110
10111111111101111101100111101010011111011001100100101011111111111111111001111101110111100110011101011110101111111111010100011011001111011111101111111010110101111110111110110111111111111011111111111110110111111011111111111111010101111111101101011011111111100101
01011111111110111111111111110110111111111110101001111111101111111111111111110111110111111101110101111110110011111111110100011011111111111110111111111110110111011101110111111100001000111001111100100111111101111111011011111111110001111101010111011111011111111111
11111111000111111111010110111111111001010111111111111001111111011011011110100110101011101011010011001101001111011011111110101010110111111111111111001111111110011110100111110000001111101110101101101111010101110111111111101100000011111110101011111001100111110000
11111000101101111011111001111001110101011100111111011011011111111011111011111101111101111001011111011001111110111111111100101111111110111101110110110011101101110111101101100011110111110001010101110110101110101111101011110111011111111111101111110111100010111111
01111010111111111110100101011111101111110111111001100111111101111011011110110111011111101101111101100111101111111111001111010011001111101111010110100111110111100111011111010110111110111011111111110100101010100110101111010110100111011011110011010111111100111111
01110111111111011111101111110110011110110110011100011001111101111000111111011111110001110101010111100111111111011001011111111100010111101010111011001111110110101111111110011110010001110011110100101110111001111001111110100111111001011101011110110111111101101110
11111001101110111101111011111111100101111111011111111001100111111111100110101111001111011110010111101111100110110011111101010001111100111111111111110111010111101100101111011011101011111111010111111100111011111111111110110011110111111101001110111111110111101111
11111111110101101110111111110111101101111011101111111011111111101111101111111000110111110101111111011111111011110111111111111111111111011110101011011111111010111011001111101011111111101111111110111110101111011111111111101111011001111100110111010101111110101100
00010000011111101011011011111111011011111110111111111111011101011011111010101111011111101001101111011111000110011110111001001101111110111110101111111111111101111100111111111010111100111110111101111101101111011111011111011111111111111111011101111111010111011101
11111111001110110101111100111111111111111111011111111111111101111111111110111111100011111111111111101011001101111011101011111101111101110111011101111101110111011011111011110110110111011110101111000111000011111111111010110111001111111110011111111110110101110110
00011011100001011111001111101111110110111111110011010011111101010111010101111001101101110011111111111011011010111110111110111101111111101111001011010100110111111011110111101101111110101101111111110011110111111100111111111111101101011010111111110101100101110111
11111110010101011011100111100111110111101110101101111011111000011101110101110110111111011001101010110111101110111011011111101111111010111011100111111111110110111101101011111111011111111110011000111101110111001110111111011111111111010111001011111011110101001001
11010111011101011101110111011100011010011110111010011111011111001100101000110101000111011101101111100111111101110110111111111011101111110110110101001111011000011111100111111010111001001111101010111111110110111011111111111110111101011101011011101101111111110001
11010110111111111011011011111111111111010100101011100101111111111101110111111111110000101100111011111010100111110111001111101010111011111011110001111111111111011110111110101101001011110011111110111011010111110111110111101111001011111111101101011100111111011111
11111101011000111100100010111111010011101100100111110111011011110100011101111101011110111111111110111110111001110111100111111111011111101111111100100111110111110111011110110111011111110110101111111011111011001101110001111100111001101111011111001110110101010010
01111111011001110111110111110111110111111101111111101111100111011101111111101100101101010111110101110111101111111110111011111111001111111111011110011111101111101111111101111101110110111111010111011111110110101111011011101111011011111101111111110011101011101101
01111111101111001101111111100111101011011001011011111111100111111101111101101111111111110111101011110110111110111011111100101100111101101111011110110011111001111100110011111101111011110011110111111001111010111101111111111111111000111110100111000111110101111111
11101101011101101010111101101010101111111111111011100111110111011001110110111111001110111001110011001111111111111111110011111101010011111110111110001011010110011111101001011101001111100001111111011011111101011101011011110111011101111111101111101111111110111101
11111101101101011011101100111011000111111101111100111100111001111011110011001110011111101111011111011111101111111111111101101110110111100011111011110111011110111111111011011111110011111110111111011101111111101111101111111101100111110101111110101111011111111101
10111110111111110111111110011101010101111111111111111001110001111101111001111111111110111011111111111110110001101110011011111101101010111111111110111110111101111111001110101011111011011111101011110110101111100101111110010111111010111111101101010111101111110111
11011110111011111110111011101111110111111111110111111011101101100111011111011111111011110010111110001011111110110111101011010011011111111101111110001100111111111111010011111111111111111111110110110011110000101110011111011110110111011111101111111011111111111111
11111011111100111111100101111110110111110111110111011111111100111111111111111011111111101010111111110110011101111111101110111101110100000111111100011111111101111110111101111111001011101111111111111111011111001111101111101101111110111111101111011011110100111111
10111111111101110111011101111110011111100110011111111111110011111111111111110111110011111011101011111000001011110111111110100111111011000110110011111010101011101111110101111011110001111101010011111110110111000111110111100111001011111110101110111011111100101011
01101111011101111111101011101010101111111000011111110011110011010110010111011101111111111111111101111110110011110110110100100110111101100111001111111110011111101110111111111101111100101011011100101001111011111111101011010111110101011111101101111111110101111100
11111111111111100110011111111101110110011011111101011010101111110111111111100101110101011110111001101001101111111111101110011111111111011100101101001111001111110110000011111001011010111111111111111100010110110111111011101111011111100111011111101111000101101111
01011111111111011001111101010011111001101111111111011111111111111111010101111111111011100110100111111111010111111111111011111011110010101111101111010111011010111011001101111111111111011111101111111000110001111101000110111110110111110001101111111101110111111110
10011111111101101110011111100111111101001011100101111001011100111011100011011111111111111101110111001011111111110111000110101001111101110111111110111110111101101100111101111111100110100011100110111101111111110010110111000111101110111011111111011111110011111111
01001111000111111010111110100011101111111111001111101001110111101101111011010011011101011110011111110011001111110110001011111010111111111111111110010110111111001111101111110110001011111101101111111000111111111100010010111111101110101111000111110011110111111101
00111110110010101111011101111001101111011010111001101101111111101111111110111010111111110101100111111111010100110111011101111000011001111111111111111011111101011100110100111111011011111111011111111111111111111011111110011010001100101100110111111011110010111001
01110110111011111111111110110101101110011011010110111111111101000011001100100111010101111101111011101011110000111011110111111111101111010010111111101111101011000111100111001111111101111111111111111110011111110111111111100110011001010111111110101111111111101111
11110101110101111100110010111001010111111111010111011111111101111011100111111111110100111111000101100111001111110110110111111110101011001101001111111111110001010001011111111111101010101111110011101001010111101011111111111111111111011111001011111111101100011100
11001111011101011001011111011111111111111101011111111101111111011001111011110101010110111010110101011001110111111111111010111011110101111111110111111101111111111111111111111111101110101011101110111100110011100101111111111111111111011111111011110110101101111110
11111011101001111101110010111100111011111110111101101011110110011111111110110110101010011111111010101011101001101111111110111101000111110101111001010111011111101111100011111010111111110111011110110100111111111011111111010111011010101010101111101110101100111011
11111111111101111100111101110110111000111111111111111111111111011111101111111010110001001111111011000111101111111100111110111111111111111111011110011101110110011101001011110111111101110110111111110111111111001111001111111111011111111110111011111101111110000011
11011111110011111101111011111101100011110100111111110111010111101111111101111101111101010011111101110110111110111010101111111111011111101111111011011111001110111010101011101111110111111101111011011110101111111101111111000111110110011000101011011111111011110110
11111111011101001110100011111110110111111100111111011111110111111101111111111110011101011111111111110001111101111011101101111000110011111111111101001100111111111100101111100111000111011100111111011101111111111111110101010111111010011111010101111101011111111111
11111110010111110101110110111111111111110110011110111101000111111111000111111110110110101100110101111100111101110010000010011111011100111100101101011110110111001101101111111111101101101110110101100111110110111111001111010100010101101111111111001011111010111111
11110110110111111101110111010110111111010010010101111110111111111011011111010101110110011111101101111110101111011001111100110100111001011001100111101111111111100000101111111000110111110111110101101111111101111101010110011111110110110111110110011111001111111010
11011111010111101111111011011001011011110110010010001101111111011110010110011111110101111001111111010110001111111110110110111111110011011110111101110011001111111110011101111011000111110111111101111111010101101011101011111110111011100101100101010111101111011101
11101101111111101011110100011100110110011011010111111111110111101111111111111101011111100010101110111111111111111011111111111000111110100111111111111110011101111111101011011110011111111011100110011111100111111101010110111101111100111011111011100101011010111110
11010111001110111110011111101110101011101111100001101001011111001101110011101111111011111111100110111100111111110110111110111101101110001111110110111110111011011001111000111111111001011011100111111111001111110110110010001110011111111000010101111011011101111111
01011010011101111101101111111111111111111111101011001111110011111001011110011110111101111101010111111111101010111111111101111101111100011011111100011011111111111001111101111101111111101111111111111111110001011110111101111011000111111110111011111110100111111111
10111110111110110101111110111111110111101001010100011101111011010111011111111101110111111110101111111110010111011101111101111111111111111101101101101101111111111111111011111101111010110111111111111100101111111101101111101111011111101001111010101110010011011101
11110101111101011111111001101110100011101011000101110110011111101010111111110011011001011111101111011111000111111001111111111101101111011010100111010101111011101100110010110110111100110011101110011101111111111111111111111111111001100111110111111111011110111111
11101111111110011111001111011111011001101010110011100001101111110011110001110111111110111111010110110010111001111101111110111101111111111011111111111111110110111011111111111111011111111111111011101111011101111010111111111110111111101010111111111010111111101111
11111111111111111101111011111010000100011010011101111111010111011111111111111110111110111101110111111110111111111110101111111111011111110111111111111110110111011011011101101110101110101110101111011011100111101111111111111111011111011111110111111011011110001111
11111111111010011111111000111011010111111111101111111110111110011100111010110001111000000110111011010010101110110111111001110111110011101111111101101110111000011111101011111111101111101101111101101111001101111101101110100111001011111010011111110111111110111011
11001110111111111111011111011111001101111110111101101111010111011100100111110010111110110111111111111110011011111111101011100111111011110001011110100111001100111011111011111111111101010011111011111010000011111100011111011111111101111100010101101100101111011111
11011101111101110111111111110011111111101111111111111011101101111101001111001001111111001111000011101111011111110111101111111011111111101111011010101011011101110001111111101110110101000111111011111110111011111111110011101111011011011011101100011101100111110111
11111100111110111111011011111111111111111011111111111101000111101111101111110110101110110111101101111011111111111110111110111111111101111110111001110111111101101110100110111111111111101111110110011111111111001111111001011101101101011101110111111010011101110110
01001110011111101111101111011111111111111111011011001101110100101011111101000110111111101001110111111011101001111101011110101111100100101110011111100101111110111010100001111010111111011001011111111100111011100111011101111111101101110110111111100101001110110111
11111010101111111101111101101111011111111111111011111011111101011110100011111101111011111011111111011111100110111101011110111111111110011100011110111111111110111111110011110111011010110001110101100111111111111011111100110111111011111100010001010111100010011101
11101110111111101111111011111110011011011111111111101011111100111011111111011110111111110111101011011101011111100011011111001100001111100111110111101101110111111111101111101111011011111111110001111111010111011111101110011011110111111111101011110111111011111111
11110010010100101011110110111111110111111111110101101111110111011110101101001101110111111101001101111011110011111111011111111110011100101111111111110011010111111101111101111110101011011101011101110111011110110111111111010111111111111110111111000110111101111101
01101111110111011111111111101101110111011011101101011111110101100110111101111110111101110000101111110111010111111111101111011111111111111011101011011010010111110110001101111011101111110011011111111101011110111001010011000010011101100010000111001011111111111010
01110111010110110101111111110111111110011101110100100101111110011111111110111111111111011111001111111111011101010011111111101111001111011110111010001010111101111100111000111010001111101011011001010110011011110011101111100111010111111011100111111011011001011110
01011111101111111111111101101111101101110011001101111111111101111011111111101111011011110100111111000101101111111111010111011110111111100110110001110101111011010011101110011011111010111011010110111011001110011101111010001111010111100000000111110111011111111101
11111111101111101101111111111110000011111011111111101111111111001111111110101111011100011111111111111011111010101111111111011111101111111100111110110100111111100111111101101011111111111110010111111111111110111111111100011111110101110010111011110101001111101110
11111111110101101101011110110101001111111111011110010111110111010110111001011111111110011101011111111101111110111110010101111010101110110001111011100101001110011110111111111111111111111111111111000100100111010110111111111111110000100111111111110110110110110110
11001011111111110111110000111011001111001111111111111001111100110111101101110111101101010111101111101111011100111011111111111111111010111011111101111111111111111011111010110111101110111111011111111111111101011001011110111111111111011110110101101111111111101111
11111101010111111100011010101111111110111111110111111111111011110001000111010111111011111010101010100110110111100101111101100101111111011011111110111111001110101000011000111011111111100100111011001010010110111101110111111011110111010100111111111010111111100111
11111111001101001110010011111111111111100011011011111111001101110110101011111001011111101111111111011101111111111110010010011010101011011111111101111110010111110101111111000100001011111111110111111101111111111111101111111011111111101111110111111100111001111111
11011111010101101101110100100110110111110111111111101111101011110111111110111111100011110111111110000111101101011111111111111110110001101111111000111011000110100101111101110111101000101001111111101110111011111001110001001110111111011000011101111111111101110001
10111111010010111101111011011111110010101101100011100011111011110110111111110111111111110101111100111011111111110110011011111110101011001010111011111101001011111111001110110001111101111111011011011011111101101110110111111111011010101110000010110111010111010111
10111111111111111111111101001011011111011001010111011111111111111111111010101011111100010110110101111101111001011100010110010011101110110001110110111101001110111001111111011100100111011010111010111101011111001111111010011111111011101000100100110111110101111011
11011110101110111011110111111000101110110110100101101111100111111101111111101011101111010111110010110111110111111111111101111001101111110001111111011110011011011101111111111010010110101111010110111110111111110001110111111011111101110111011111111111011101101101
10000110110111110111101101101011101110111011111110110100011101111111111111110001001001111111001111101111111110111101011101111011111101011011111111111101101101110111011001011111111111111111101111011001100110111101111101110100110101110111010111111010110111111111
11110011001011101111110111101101110111111010011101111111111001010111010101111111111111111110011101110111111100000101110110111101111011111101110000101001100010101110110111011111000101111010111010111111011110111111001111111011101111111101111011100100100101111011
