001011011111101111111101000111111111011110011011111101111011101010010110110110111011101111101111101011101111000111111111110111111111100111111111011101101111001011111110101011101111110111111111111101110111110111101101101101001111111101111110010100110111111011111111110111111111111111101111111111010110111110011011110111001010111111111101110101011101110011111011
110001111110011100101111110011101111011011000011011111111111001011111000111111110111011111110111110110111100111110011011011101101101110111110010111101111111101111001010111101011010111111100111011011010111111111111111110111111111111011001101111011111111110010001101111011111101111110010001101010001111101101011101101111100100101110000111111101110101111101000111
101110111011111101111110010011100111011100111101011111110110101111111101111010111111110111100111111110011011011111011111111111001111101111011111111011000110011001111110110111010101010111010110000101111110010101111110010110110010111110001110111011111011111101000011011000111111110111011011111111101110101110001111111101110110100111100011111001010001001111011111
011111110110001101101010011110010100111111101110111111101110110110111111001110110111110111111110101110111110111011111111111111111111111111111101110110111101111100111111111101111111011001111001111111110010111111111110100111001110111111111010100111111100111111111111001110001011011111101111110111101111111111111111111101111101110111110110001110010000010000111101
110111001110011101111000101111011111011111010111101011111111100111111000111111100011111111100111011010111111011110010110011111111110001010101010101110001111100101111011101111010111111101010100111111101111011101101001011001111100100110111001011011111101011111111101111101111111001111111001101101111101101111111101110111101000011011011111010001101111110101001011
111111101111110101110111111111110110111110110110000110110111111110111111110111111111011101011101001111010100111111110111110111111101101101011111011111111110110111111101110110111011101001101111110101110001111100101110100101110101111101101101110111011001011101111111111111111111101111101111110111011011101110100111111111110111111001111011111111111100111110111111
111111011011011111110011101111101011010001010110011110101111101111111101111111000111000101100111111101101101111101110100111011101011011111111001110111111101110011111100111011110001011111011011011001110111011101001011110101010111010111101110011111111111111111100111011111001111000110110110100110111101100111110111101111000010111001101111011110101011111001111010
010111111101110111111011111111111001111111101111111111011011101011110011101101110110111111110111111111111010111111111001110101011000101011001101001111011101001011110101110111111110101111011011011111001001001100111111011111011101000111101111111110101110111111111111111111011100110100101011010111111011011101110011101111111001111001111101101101000111111111111011
110101111110101011011111111111011101111111100010010111111011111111111000011100111011011111011111101011100010111011010101100101011011101110101101101011111111111101011110110110001101111000101111111111011101111011101000101110111101010010010111111010101111111110011010011111110110011010111111110001110111011100111111110010111101111101110110011100101101111111111111
111011111110111011111111010011111001101000111010011111001111100101011101001001011011111111111101111111111101111000111001100111100000110011111111110110001001110111100110110001111100111111111111101101101010111111101011111110011101011100001111111111110111100011111101111011111111111011101110001111101111011011011101111101110111111111011111111100110101111011011101
110111111111111100000101111001111111011111111111111111111111101011110101110101100111111110101110100010100111011110011111111101111111111101100011110111101011111111111101011110110001101111011100011101110111111001101110010110111111111111111111100011110110011001111111111111101110011011110101001010111010010111111101111111111000101011111001101111011011011011000110
111111110111101111111011101110101111011111111101101111110111010111101011111011001101101000011111101111011011110111011110111011001011111101011101010011101110110010111011111011111101111011111111001010111010011111101111111111111111110110111100111111011011111111111111111101011100111011100011110110111110101110111111001111111101111011001101110101111111101111111100
111111111011011110011011111011111111111111101100101010111011111000111011111101101111101111110111111010101101011111111011101100111110110001111110011010110111010111111101001001011110011100111101101111010110011111111000111100011111111101111100100101110100110111111001011111011011011101111111111111010111011001011010111111101111111110000101111011110111011111111010
110101111111111110111111101110011111011111100111111111001111010010101111101110110101110111011011111001011011011111111111011011111110001010011011110111000101111011011111110001101111101101110110111111000111011101111011111111001110011111011111110111111011111111101111101100111111011011111110111100110011110111110111101111110100111101101110110111011010101010110111
010111111111111011111111111111101111111000110111010111011010111110110110111111111101111111111110111101011011111011111111000110111100111011111101011011001001111111100101001110101110111111111101111101010110001011011011110111111101001011111011111110101111011111110110111011010011001001111111001111000111111111111000000111101101110100111111110101011011111111011111
010010111010111111111011101111010100111011100101100111111001000010111111110111011011111111111111111111101110001111011100111110111111011111101110110101100111111011111111010111011101011101110111101111001111101110110111111111111111111011000011101011111111010110011111011111111111111111111011111111111111110111111111111111111111111110010011111111111110111111001000
010111100111111110111010110001111011101111111011111111100101001101011011100110111101101110011111011111110101111011010111011101111110110100111010111111011111111101010111011111101011001110100111101010111111111010111111111001110101110011110001111100011111111111111111011001011101110011011001111111101101111000001110011111111000011111011011111111010110111101111011
001110100001101101011110110100011111111101101001101000111001111001111001011111101011100111010101101101001010111011111111011111000101100001011111111010111111111111111111111110111111000111111111110101111111101001111111110110111001110011101110001010110101011011110111111001111111111111010011110100011111111111101111011111001111111100001111011110011011100111101111
111110110111000011111111111001111001101101101101001011111101011111101111111111111011111110111111101110101010110011011111011111011011110111111110111111111101111110111100110110101011111111111110111111111111111111101111101011110111110010011000101111001110110011111101101011010100011101111011111111111101110111111111011110010111001111111001111110101110111011111110
000110110111001011111110101111111111110111111000111111101010110110111111101111001110111101111110111110111101110111011111111001111101101110011001111101101011101001111001111110111110111110111111011011101111111111011111110011111111111110111110011111111111111011110101111111110110111101111101111111001111111110111011100111010101111011111001111011011011100100111111
010111010111110011110111011111110111111001111101101011010110110101111111111100111110111110101111100111101011011011111111110101111011011111110111111111010101110111011011011111110010100111111110111111111111111111111101101011110110111011111111110111111101111111101101110111111011111111110110111101111111111101110101101111011110101101101111111111100111101111011011
111110101111001100111111101111111000111101111000101101111110111000111111011101100011100111110111001101110011101110101110111110111111001111101011000111010101111010111111001111110111110111011111100101110111011011111001111101001011111111111110011111111111111100101111111011111110011010110110111011111110111101101111011111011011111011111110111111011111010110110001
101111110101001111110111111011010100110111000010000011111100100101110011100110111010111110111101011110001101101000111111101101010111101110011010001101100111111101111111111111111111011111111010010001101111110110111011110111111111111111101111111111101011111010110111010110011111101010100111101111101010110100011111000111011111111111000111110011110101011111100111
010111001001011111111010011101011101110111101111101001110111111101000101111110010111011011101111101011101111110111011110111111110101000101111110011111101011110011101111111101101001111111100110110010001110110110111010111101101101010010011101100100111001110101110111111011011101111011101111111111101111101110100111010111011010111110001111111100110110101111111101
110011101111101110111001100111010101001111110101001010111111011111001010111111111111111111110001110111111110111111111011111111011010011011111001110010101111011011111110011011101101111011111111011010101110110111110111101010111111111111111011101111010100101001001010001111111011101111111010111100111011110111111010111101111111101011110111111011111101001111111111
111110101110101111101101111110001110110011111001111111111101100111100011010111010110101011111110110110011011101111111111110111111111100111111110111111111100110011101111111101110001101011100110011100111001111010111110111011111111111100001010001010100110111111111111111100111111001011101011111101111101111111111001111101010011001111111111110011100110111101101110
011110011111001110111111110110001111111101111010111011111111111101010111101111111111110001110101011111011111111101111111011111111110111111111111111011110111100111111011111111101111111111011101110011111111111011111110010101100010111010111011111111101111110010111011111111111111101110111111111011110111010111111111111110011001111011000111110111111001101111111110
110110011111011111110101111111001011111111110111111011001100111100011111111101111110100110101111110111111001111010001011010111011101110111011011101101101111110011011101111110101011011101111011110110111110101111101100011111101111111111110001111110111110110100001111111100111111111011111101110101111111111111111101010110111111001011111111101001011010111110111111
111011011100010111111111011011100110101111001111110110100010000111011111010101111011111010100011111110110101111110111101111111111111000111010111111101111110101101101010111010111011011111110111111101111111110011111110110101111111100011101011011111101111110010011001001110111001110100011111111110111010110101111011111101101110001111111001001100111100100111100111
111111001111111111011111110010101011010110010010111101111100010011111101101100111101110011010011101011011110111011111011101110110100101101111111101111111100111100111011111010000111111110100110011100110110010101111001111111111101111110111111001111111101110111111111110111101001111111101110101010011011010110111101101111101010111100011111001011111011011111111111
111111111101111101111101101111111101110111101101111101111010010111101111001110111101011010110111101111110110111010110110101111110111100011101111001111111011011101111101110111101111000011100110010011111111011110111001101111101111111111111011101111111111111110111111111111110101111110101111111101110100111111111110101111101000111111101111011011101011111001110011
111110011111110111111110111111010101110111101111111011111111101011111101111001101110111111100101111111100111111011011111011110011111011110010000111011010100001110011111101110100111111111111110111110111110110010001110011101011111011111001111111111111100101111001111111110011101001111111101111111001111110111011101110011111111010110111101011111111011111111100111
110101111111101011010110111101111011101111101110010111111111101010111101111110010111110110111101111111111111111111111011100011111111110101111101111001001111111111111111101110011010011111111111111111111010100111111011110110111111111111111001111101111110101111011011010111011101101111101111111110011110010101110011111011111001100111011110011111011110110111111111
111101111111011100111111011111111111011100111111111111001010111111001110110111101101011111001111111011111111111110111111101111110111111111001110111111101110111110101001111111111100111111111110111011111101101111111101011111111011011111001111101111111111111111011111111101111110011111011001010111100110111101111101110111110111011100010111011110111111111101110101
101111111111111111101011110011101101101110111011101110101111110011111111100110111011101011111110110011111110011111111110110111011111111110111110111110111011011111111011010111011101111110011101011000111101101111111101111110101111010111111111110111111111111111111101011111111111011111001110001101010110111010110111111110111111110001111011111011101111111011111111
111111111111111111011011010111111001110001100010000111010010111111101011111111111011011111110111110010111101101110011001110011111111101111100100010100100110111110101111111001101110011101110100110101101111110111101001110101011011111111111111111111101101100010110101011111111100100110101011111111111111101111000110111000001110011110110111111010111111111110111111
111110011100101111001111111111110111011110110101101110111111011010011111110101010011111101111111111110101010101101110100111111111111011011111111111110011011101011111101011010101101010111111111100101110100001111100101111111001011111110111011111011101101101101111110011001110110111011101011110111100111111101011100111111101111110011001011111111011111110110111111
011101111111001111101111101111111000110111011101101110111011100111111111100011111111011001111111110111011100001100011111110110111000111001101111000101001111111111100011101010111101011111100101111111011111011111001111111111001111110111111110111100101001011100001110011111011110111110111110111101011101111001011101101111111101110101111111111110010111111011000110
011101101111010101111110111110111111101101111110101111101111100111110010101111011001111111110011011101110111101111011111111111111111101111101100111111111110111110111011010110111011111111110011111111100111111111101110101011111011111111001011101110111101111011111111001111110111110111011111111111111111111101111110101010001111101110101111110001101111111111010111
111111100111001111011011111111101111110111111101100001110111111011110111111001011111111101110111110101111011111011110101111111111011111110011000110111101011111101111110111110010111011000110110110111111101111101000011111111011111111111110111111111101100011011011101111111111000100011111110110111100111101011111100111001111010101111011111000101010011110111111101
010111111101111110111110111011110110100011111101101111111111101111001111111101010001000111111001111110100011111011011100111011101111010101111001110111101111101111111110111111110110011111011011110101001011101011110101111011111110011111111100011111111001010111110101011010100000110001011101011001011100111110110111011111000111110111111111110111111011100110011100
111111111010111001001111111110111110111111111010111110011110110111111111111111111011111110101111111001111101111111111101001111111011110111111101111110111111101110110001111111111011101101011111111101011110111101111110111111111110110101001111111111111111111010101110111011011111101111101110001110010111111011000111110101111110011010111111011111100011101101111111
110110111111111101110111111111011111010111101111111010111110011101010111101111011111100011111111110101110111101110011010111111111111101011110100111101111101000011011111111100011011010111111110111111110011111110011111111111111111111111011110101110111111111101111111111111111101111111111110011111011111011111111111111110111110010011011011011111110011111111111011
101011111111101110111110111111111111001101011011111001111011011110011110111111111111011111011101111011111100110111011111011011011111100111111100111111110111111110010010111110011111101111110101101110111111111111101011111111101011101111111011111110111111011111101110011101110101111011111101111110110011111101101101110111111111010110100111111011111101101111111100
111111101010111111011111111101101110100101111010101111111101100111111111011011111111111110111110111111010001010011110100111110111100101111101110101100110110111001011110111101110111111111110111101111111110111111000111101111010101011111101101111000011101110111101101001011100100001011001101010111111111111001101111110111111001111111111111111011110111100001110111
101111111110111111101011111011110011110111011111110011011111011111101011110001111011011011110110111110110111111101111111001101111101011111111100011111011101100111111111100111111101011111110111111111010110110111111011111111111011110111101111011010011111111101100111101110011111111110111111111011111101011110101110111111110011111111110011101111111111101111111010
111011110100111111111101111111110111110111111111110111011011111111110111101111110110011111111001110010111111111111001001111111010101111110111101101101011111011100110011110110111100011011111111011111110110101111111011111111111011111110101101111111101111111111111111101010101111001111101101011100101111011111011111101110111001101110101011111111111110111010111101
010111111010111011110011110011111111011111111101111011110101111111111111100011011101011111111111010110111011101110101111011011111111111111111101100101101110111111011011011111110111111010110010101101111111011100111110111111111110010111111111011101100011111111011111000110101010110111111011101111111111011001011100101110110011111111111101010111111011101111011111
110111011101111011111011011111101101111011001111101111011111101111101110110011111111011011111110110011011011011001010111110110111111110010101110111101111101011111111111001111111111111111110111110111111111101111111101111111111101111111011111110101010110111001110101000011111110001111111011111101111111001101111010111111101111111111111111111111010101010111110101
111111010111111111001111101111111001011100111101111111001111001111011111111111110110101111101111111111011111111011101111111011101101111011100101111111111100110110111101101111111011011111011101011111111111110111010111010011011111101100011100101110111111111111101111101011110110111111010110101100110111011111110101111111101111101111101111111011101111011011011001
101110111101110101111111111101110100111111101111110111011011011111111111110100101100111011110110111101101110111111011111111011101101011101001111110111001011101111111101101111110111111111001111111111110111110110111011111111111110111100101110011111110111110111011001111101101111111111111111110110001111110011111110011011011111111011011011011111110111101111011100
111000100011101110010011010111111101111001101100101111001111110111011011111111101110111001111101110110111001101111101111010111111011110111111111010110011111111111111111111110100010111111100101011010011111111110111011100111101101111111111011111011111101101101101000011111111011111101001111101011111010010111011111000111100111111101001010111111111001111101111101
111011101111111011101110111110011110111011000011011010110010111101111111111111111110111101111011011111101111100111011111111111100011111111001111101011010111101011101100110111101100001111010111111111111011011111111110010010001011010111001111111111011111011010111111111110100111111111111101111110101111101110101111111110111110111101101011101100110001111011111011
111101010011111111101111111101111100111101111111101011100110011111100011100011011011011111101010111000110010111111101111101111110010111110111100101110011011100100110110101111110111110100111111111101010011111001011101110111110111001011000111011111111100111101100110011101110011111111101101111101011110111101111101010111111110101110100111110000011011010111111010
111111101011110111111110101111111111111011001111000111010100110010111110111111010011111011111011111011111101101101001110110101111011000110111111111010011010010011101011111110010011101110101101101101111110111110110111111110111011101101101111011100110100111111011111110011011111110011011111110111001111001111001110011011010010111111101100110001000101011011111011
110100111111111111110010111011011101111101101111101101111001111110110101011101110111111111011110101010111111110101011111110001111101001011111011100110111110111010111011111100111111011101111110110111011100101110011010111011111100011101101010101001111110111010011001101001110110100011000101110111111111111111001110111001111111011111101111011111001100111111111111
101111101101101111101011010111100101101101110011110010001011101010110110110111010100111111001111111111111111011101101001110101111101110110011101000111011111111101010110111110111111111111101111111101110100110010011110111111001111101101101011011111110011011111111110110110111101111101111010111101011111010001011011001111111011001001101110111100011101010011111011
001101110010000101111101011111011010100110110010011111111111101111110101111111111010101101110111011111100111011010011101111110011101110110111101100111111011111000100111111011101111111011011111111110001010111010111101111011111110111011000111101111101100111101110000111101111111110011111101111111111010011101111100110110010001111011110110111110101110000111100110
111001110111111011100110111110011010100011111111110110001110010101111111111111011101011101101110011111111111110111111111110111011011111111111011111111111111101111011111011111001110111011111111110111010111011111011111001101000011010111010111111101110110101111111110011111110101110010111111001111111011111110110011101110111111110111111111111111110011111111111111
111111001111111111101001110111010111101000111110011111111111101111001011100110111111110001101011110101111010000111011110100111111111010110111101111111101011110100011110110011111101101111010101001111011111110111110111101011110110111110110111111111010110100110001111110111110110011011101011111011111011111111011101111011011111111010111100000111101110111011011110
111110101011111101101010111111111011001101110111101101111111111110111101111011101111011001011011111011011111111101111010111010011101000111111011111100011101111111011001111111111011101101111111111111110110111111101101011111101110100111111111010111101111010111101011110111110101100000111001010001111110111111100110011111110111001101001110011011111110111101111101
111010110011110011001100111110111110100011110111111100111111111111100110011001111011011110001110111111010101110110111111101111111011111011110111111101111111011101101001110110111110010111010010100111111011111110101111011011110111111110010111011111111011110111110111110001011011111011111111111111111001001110111111110101111010101111111111111011111110101010111111
101111010111110111111111111110111000011111100100111011010111110110110111101111101110111101111011110100111110010110100111101111110101101111101101011111001010111111111110011110111111111111111111111111101111111011110011110110111111111111111110110001011101000101110111110111011111110111101111110111111111111101111110111001101110111111011111110111011111111101011011
111111111111111111101111111011001111010110010011111111011111110111110111111111011101111011111110111011111011000101111111101101111111100011001101111111010111011101010011010101111011111011111111011110110111110001111111111111111101111111011100101011011111101111110111100111000111111110110101001111101111111101111110111111110101111111101111111110100110101111000111
110111110111101011011010110111111011111010110111101111011100010110111100111110111111111111011111111111011111111000111011111001101001111111101000111110101011111111101110101110111011011111111110111011111111011111110101010111001110111111111101111011110110111101011110101111010011111011101111111110111110111111001111111111110111111101111110110111001110111111111011
110011111111110110100101111101011111111100111111111110101111010100111111111011111011111011111011111101101111110111110111110111111000110101000111111011111111011111111111100110101011110101111111101010111111111111011110111101100011101010111100111111101111111011111101101101001011111111111010110110111111111111001011011111100110000011111110111011111100000111111111
101101011110111001001110100011111011011000001111111110011111001111001001011111011111011011001011111011100001011111110110101111110011111101110101011110111110110110111110111011011111111100100010111010100101110101101101110110100101111110111010111111111111100101111111111111001111111110011111111111001110110110111101111011111101100110001111011111111111110110111111
111110110010001011010011011011011111101110011101111010111101110010110101111011000010101110111111011110111100001001111111011110111110011111100110111111111111111111111111111111101111111101010111110110010110111111010110111110111100111101111101101101111111111111110111101111101100111111000111111111011111110111101101111111100111101110111111111011101111111111100111
100111111111001001010111110011010111011111011011010111111111011110111111100111111000101111111001011011101111111110100011111111110111111111110110111111110111111111111111111101111110111111001110101111011011111100111111111110011111111111001101101111111101110101111111100111110111111111110111111111111011001110101110111101110011111110111111000111111100111011111101
110111111011111111111111111111111011111011111110111111011011101011110011101110011101111111111111111111111101111101111110110110011001111111111111110101111111101111111011001111111111101111111110100101111001111110111111111010111111101111111101111110010111111111110101101111110111111111011001101111011011011001110011011111001111011111110111101010001111111011101011
111111111011111011110111111111111011110110011100000101111101110110011110101111100100111111101111111101111111111111111100110111110101111111000111010110000111110001111101111011101110111111011011111100101111110111101111110000110101101111101011011101111110111111011111110011010110101011111111111001111100110011111101111001110011101110101111101101111111111111011011
111110111110000001001001111010110110111110111110111111011100111111100110110111011110101011111111101111111011011110111111011110011111111011111110111100110110110100111111111100111111111101110101010110010111111111111001111011101111111110111010111111101100110111111111100111111111101111111011111111111111111111011101110111011111111111001100111100111110101111101111
010101010111100101101111110011111111111011111111101111011111101110111111111101111111101111111111111111111101111110101111011111111101101111111101001101111111110111110111101011001010110011011011111111010101111010110101111111111110111111111111011111111111011110111110111111111111011100110111100101111110111111011101011011101101111101001101011110111111111011110111
011111111010011101111111011100101110001101011111111011110111101111011110100001100001001011111111111110111101111111111111101111100101111110100101111111001111010111011010111101101111101111111011111111010101111111001101101111011111111111101011111111110100101110111101101101011100101100111011110011111111110111111010011101111111111111111011101111111011111100110101
111110110111111111011100111101111010101011011110111111011101101100111111110111111111111101110001001110011111111001111011111111111100111111101110101011100100101011100111010101101101111111111111111001101111101010110110110000101111111111010110110111111111110010101111011111011101100111011110101011111011000101011111111011100001110001111011111011110011111111101010
111111101100110110010000010011111011110011011111111011111110111101010101111001101111111101101101111111101111111010110111111110111011101011111001100111011101111111111101011111110011011111101101111011101111101110101011111111110110100011100111110010111100111111111100111110111111010110010111110100111001101111010101111101111011111001111111011111111010111110111011
110011111111111101111001011110101111111111011101111111111111011011111110111111000111111111011100111111110111111111101111111011101100101110111111001001111111001111111110101001011111110111110011001111011111011010101111111111010101011101111111111111000111111010100111111111101111001101100111111110111111111101111111011111100111110111111101110101100111111111010011
110011111111010011100101101111011000111111111111110111101111011111111111010111000111111111111111111111111101100110101111011001111111111110000110101011001001110011100000111111111111011011111011111011100101101011111110110111110111111111111111001110111010111111110111101001101111111011111011111111010111110111111101010111101001011111011111111111110011111110111101
001010111011111011100101100010101110011110111111011111111101110111110100110010111111111111111011011111111110111100111011011100111011110111111111111111111111111001100111110111011110111110001110010110111111101001100111011111111011111100011001101101101011010001101111011100100101011011111111111111010101111111111111010101100101111111111110111111011011011011111101
111110011110010101100111110010011111110010010111111111101111111011111110111111001001111111111010011010111001110111111111111101111111111111111101011110110101110011111101100110110011111111111011011111111011110011111110011010010101000100111010001111110111111011111110101101011111111111111011111110111011111101111111110011101110100101111110101101111010111101111110
110100111110111111111110111010111001110011110111111110111011110111111101111011111011111111111011110111111101100101101101110011110111011111100111001111111111101000010111110101011110011101111111011011111001101111111111011011001110111101111111111111101111011111000110111111110101111110100101111110000101110010111101110111010101110111101011001111010110011010111110
111111110101100011011111111111111111010111101001101110111111111010101111111110111111011111100011101111111111110110111111111001111110010011111011111111111011111011111101011011111111111011111111011111011111111110111101011011111111111111111111110110101011101011110111111111111101111101100111111011111111101111110011010110011111001110100111010111111111111101001101
111111111111110100100001110011100110010110110110110110110001111111100101111111111101011111011101111111111111011101111111111101111111111111110010111011010010101110100111111111110110111110101101111101010111110100110111011100100111011101111110001101111001111111111011111000001111110110011100101101110100011111111111101011101110101100100111011001000110111100111110
111111101111111111111000100110011111100101111111110111111111111011111101101100111011011001111001111001010111000011111111101010001111100101111111111110111111100011111010011011110111011111110101111100111011011011110101110110101110011101100111110011111101101111111111101110100111111111111111111111011011011100110101011101111111011111111011111101111011010000011111
111111011111100101011010101111110110001111111111111110111011111111111111001110110110111111111111111111111011111111011110110101111011001111011111101011001110010101000111101111111011111111010110111111101111111111010111011111010011110110111111100111110111111111110101111111111100110111111111101111111100110011011011111110110100111111111101011001111101110111111111
011101101111011010011111101111101111111011110011011011111011111111111110011111111110110011011101111110100010110111111101111011101111111111101111111010101111010111111111011110010011100111111101111100110111101111111111111100111111111111110101110111010111010111110110111111111011011101111111111111101101111011111111001010111011110011111111111111111110111111101011
111011111111101110010111100011100111101111101111010011101111111111111111111111111011111111100101110100101010111011111100111111011110101111011110111101111011111111111101010111010001110111110110111101110110111010111010111010001110011001011111011100011001111001111111110100101010101111111111111101011111110111110111010111011001110111110111100011111010010110010111
111100010111111101111100101111111111111101111101101111011111111111111101011101111111100101111100100100010110110101101101111111011111100100111101011000110101111011101110101101011111101111101010111111111001100111100111110111000111011111111110111111101111111110110110100110011100111111000011010100110010110111001101010111111010100011111101100111101001011111100111
111110101011111011111110110111101001111100111111111111111110101011101111111001011011111011110111110111111011111101110011101000110111011111101111111110101011101000111111110110101110101110111110110111110111111001111111010111011010111110111111111010110111111001001011111011111011001011100110001111101110111111111010011111111111101101111111011110011100010111111101
111011001111010111100100101111110011111011111000111001110101010111111110011011100001111111000110110011110111111111111110111100110111111101110101011011111110111111111101001110011111110111111111111011100110010111111101101011101101011101010100101010101011101100110010011101011101111100011111100101101111000001110111011111111111111110111111110010111110110101101111
110111110011101111101101111111111101111110101111111000101111110101110101000001111111111110011110100101101110011010011111111111101111011111111001111011110011100111111111111111010111101011001110111111111101111010111010111111011111111111111110100111111001111111101011111111101101011111100111101110010011011000011101110001111111110111000111110111110011110010110100
111100101010100111111110101111011111110110111011101010111011001111111011010111111101011110111111011101001100100101111010101011011010110110110011111101101111111110110110111111110110011011100101111110111111010001100101101101111100101011101111000111010111110111011001010000110111101110101111000111111110111011111111111101110101101011111110011101011101111011110011
100111111011011011111111010111111111111111111101111111101101110011100111111111011111101111101111111011111110010101111110111111011101111111011110101111001011001101111100011111011111100101111001111110111111000111110100010111111101101011011110011111111111101111111101011101011011110111110010011100111011111011111111111111101111101111101101111101111111101111101111
110111011101101110101101011010111111001101101111111000100010110111100010111101011110111011010111100001110011111111011100111111001001101101110110111011111011111111011101001110111110001101001111111111111111100011100011101111111110110111011110101010111111111011110101001111110011001110111111111110110010110110011111110011010011111110011111101011111111001111101110
010110011111110011111010110011011111110111001111111001110101010010110011110110101001111111101100110111110010101010111110111110110111100011011111101100100111000011001111101011001110011110100111101100111111111010110101101111111011100111111100101111011101110011111110111111101111111111111010011111111111100111011000011001011011111001111011011111111111110111111111
110110011011111111101110011100010111111111011011111110111111101111101011111111111101111111110111001111111111010001011111001101111111001101111011011011110011011101100001111011000000110111011110101111111111111101011111111111001111111101111111111111111110010111011111101011111111101111111011111111111101111111110101111110111111110110101111000101111110111111111110
111011101111110011111010111111111110110011101111111111111111011111111111111011101111110101101111111110111111110011111111111111111011111011111111110101001110111110111111111111111111111111110111111100010011111110010111110100101011110001111110111100000101101101011011101011111111110111101111111111110110101101011011111111011101111111111101111111110111111011011101
111011110100110111010111111111101011111101111110111111111111110100111000101111100100011111111111001011011111111111110110100101011101111111111110001111110100111011101011001110111011000101110100111101111110111111101110111111111011111110111111111111111100011110111111101111111110111111100110101111110111111110111110101101011101111111111111111111111111110111111111
111111110111111101001000011111011010101111110111111111101111100111111111111111101111111101111101111111001101011001101111111101011111101010011101000111011010111010111011101111110111111111101111101011101101110111111111001111101101010111101111111110110111111101111110111110101011101010101010001011111011111010010001111011110001111100111100001011100110001101111110
111101111111001110101110110111111011101110010111111011001110111111111111110101111110101001110111101011101101110110111010111100110110110111001001011110111111111010110111110101101011010111111110110101101100100100111010110110111111111111111111101101101110111011011011111011001011111001110101011101111101111111011100001111110110111111101111000111010101100111100111
