0011011111011111101111111110111111111111110111010111111111110001101001111111011111111010101100111111010111110111111111101101111110
1100011100000110111111111110111110011100111010001111011111111010011111101111101010011111101110010110111011011111110011110111110111
1001101111111111110111111101111110011011111111011011001110110101111001110110111111111111011111101111110011111111111011011111001011
1011111101111010111111110111101111110111111111110100010101001111011111101111100111111011111111101101111110001111111111100110111011
1111011101101111101001111011110111010111111111110110011111111111111111111111111111011010111011011011110111010111111110111101001111
1110101101111111110111111110101111111111110111111100011111010101101110011111111010001100001111111100110111101111111110111110110111
0111001011111011001111111111111111111111111010111010100101011111111100010110100110111110010011111111110101101111111101110111110110
0101111111101010001111001001101110110111011111111100110111111011111111101111011111001110010110111111011011111111011111011111111110
1111011110111011101111111111110111111011111111111110101111111111101011101011111101111110111100110101100101101110011100011111101111
1111111111011101111111111111101101101101111001111101111110111010011111010011101110110010111100001011110111111011110001101111111101
1101111110111111011110101111101010110110111011110111101001101111011011111111111111111111101011111111111011110101111011101111101011
1111111111111111010111110001011001111111111111111110111011111110101111001111001110111001010101011111111101011111011111111111111111
1111111101111111110111111110111110111111110001111001111111010111111111000111111111101101111111011110101011110111111001111110111001
1111110100111111111001111100010111011011110011111111101111110011001100011110101111110110111111011111101111110111111011110111111011
1011011011111110111010010101101011011011001011111101111111011111111101101101011111010011110101000111110111011111101110111111011100
1100101101010111111111011101011011110110110111111111001111111100100011111110111111101011110011011111111001011001010110000101111110
1110111110100011111111111100111111011110110101111110111110111111111011111111011110011101010011101110111101110010110001111110101110
1011011111111110111111111110110001111100111000110011110101110001011111110111111110010111111101110100111111111111101101101111111111
1101110101111111111110001111111011111110000110110100111000111110101011011011011110110110111111001111111110100111111111110110010111
1111111010111111100111111111010110110100101011110111001101111000011001111001111110011010111101011111101100111111101011111111110011
1101110111111110100111011011111011011111011111111101110101111110011110111101111011011111111111101101101011011011111001110110111101
1011111101010111111111111111111111111101010110110111101001111101111010111111111110110111101100111110111100110101011010111010110110
0111100011001111001011011111111111110111111101011011100011001101111110111100111110110111101011111101101111111111111111110110111101
1111111111101100100101111101111101111011101111111111010110110111111111111111110101010110110110111011111101111111110011111100011111
1101110100101011111111110010110101011101010001001111111011111111011001101111101110111111111111111011101111111011111101100101111011
0110111111110111111111011101101111111101111101110010111111101111101010111011101101101011101011111111111111111101111111011101111110
1001011101111110011111111111101111101111011111111110110011011111111111111111111000111110111100110101111101111101111110011101011111
1011111101101111111011010000111101101111000111110101111111110111011111111111110111111001011111001101100111011011101111010001111111
0111110111111010111111110101101011101010111111000101000111011011111110110101111110001010111011111101011100111111110011101111110111
0111111111111011111011111111111000010111010001111011111111011111111111001111011110111111101110011111110110010110101111011111101100
0101010111001111111111001010110110111111010001111111111111011111101110011111101011111111011110110101111010111100111011111101111110
1011111110111111101111000010111010010110111011001111111110110011101011111111111111011011011111111111011111110011101100111010011111
0111111111111011110101110111101110100011011011001000100111111111101010110110011111101010111011011111001111111011111101110111010111
1101101111011111011101110111111110011011110101111100111011111100111100111101110011111111011010010100110110101111101111111011111001
0110101111011011001111111011011111010111111001011001111001111011100110101111111001011110101111111111101001111111111110110110111101
1111111111111101011111111001011110111111111111110011111011111011110101111010101111110010101100001101110111010111110111111111111011
1111111111111111111110011110110001111010110101111101111111111000000111111110111111111110111111110100100101011111010010101011011111
0111110011101111111001101010010011101101011110111111011111111101011111111110011101111111010111101101110101100101111000111101010111
1101111101001001111011111010100110110100101000111111010111011110111111111101111111011001011111101111001101111100100111111111111111
1001101011110111111111001101011110101010111101101101111110101100111111001111110011111101111010111010100010110111011111011110111111
1110101111101010110111101111101000100111111111110111111111011111111011010111111111111111110100111011101111110011101110111111111111
1111011111011010011111111111011100111110101001011111111101110111101010111101111010111100111111011010001111111011111010101110011101
1011000010111110101011011011111010111111111111111111111111111110010111111111111111111111110011110110100111110111111111010110001101
0010111111011010111100011111111111111000111111111111111111011111111101101111100100011100011101111010000111111111111101111011111100
1111100011111101111110111101110100110001101110111100110111111101101001100111101111111110001111011111011111000111011001100111011110
1111111010001011111111111110011011011111111110001111100110110110101011000110110111010010011111100011111010011111110101111111111110
1110011111111111111111011111001111111101111111110111001111110111101111011111111111101101010101011001111101101111101001101111111100
1111011111110010011001111101101011101111011001111111111000111111011110111100111111111110111111111011101111011111011011100011110110
0111011111000111111111111010111110011111110111111111010001010111111111011011110110101011110111111110011111110100110111100100100111
1101111001110011011111010111100111010001111011111101110110101011001110111111101010011111111011111111111111011100010111111101111101
0110001111111110100111111110111011011101111110111111111111011111001001101110111011011111011101111111111111111010101101111110011010
0111101111111111111111011011111101100101101111110111111110111111001111110100101001101111011111110111011111011111111111111001101101
1111110011111111101111111110011111110111011110111011101011101010111111111110011001111101111111110110111011111101001011111111101111
0110111111111111110111111111111000111001011110110111110011111101111110101111111111101011111111101011111010111011110111011011101111
1010000011011101101111111111110011110111111111111111111011111110110111111101111101111001100111111110111011111011110110111101111111
1011111111101111111110111111011111011101101111011100111110101111101111111111111110101101011111111110001010110011011111110100110111
1111111001111011111111111110011111111111111111111110111011100111111111011111110001011110110111111011001011101001110011111011111111
1101110100110111011110111011111111101111101111100111011111111111110000101111101110010111111101111111111110111101011010111111011011
0011011111011111011110111010111011111110011101111111111011111011100111111100111101111100101101101101111010001110100111110110111110
0111011110101101110111111101010101101110101111001101011110111111101111110001111111111011101111010111111111111101010011111011101111
1000111101111111111101101110111111011101101111111110101111011110101101111001000001111011011111110011110110011111111101101111111111
0110110111110011110010101100101110111110101101101110001011111111111101111111111110111110110111111111011111111011001011100011010111
1111101111100011111011101011101101111010111110011111110100101101111011101111111011111111100110111111101110111111101111011101111100
0000110111111111111101110111110100011101001101110011111111111110100111111011101111011010111110111100101110011101101111111111111111
1111111111111110110011100101010111101010111111000111000100101111111111101110111111110011110111111001111111110111011111101110101101
1111111101010101111101010101011011111111110011011111100110111111111111111111001111111110010111111001111101111101001111110111111011
1111110110111110100110111101111110110111100101111111010111011111111111011111110101101111001111111110001110001111101111111001111111
1111111101001111101011111100011101101111110110101111101100111111111111001111000011111100010111111110111111110111011111110110111101
1111110111111111110101111111100101011001101111011111111010110101011010111010011011110001010111111010111111010001111111101010101101
1111111011000111000111111110111111111110111000111111110100111011010110111111010110111110111101011111100111001011010100011110011111
1010011111111000111111111111101011110110111011011111101111011101011011011001110111010111010111011111111101111111111011111111101111
1111110111111111111110110111011111111110111000000101111111111111111101110101111111111111010001010111011011111011111111001100010110
1111111011111011101110111101100001111011011111010111111110011111111111111101101011110111101101101011111101101101111111111111111111
1011101101111111110111111101001111111100101111111011111111100111100111101111011011111111111001111001111111001111011101111111101011
1101101011111111111011111010111111011010110111110110011101110010111101110111111111111101110100001111110101011111111111111101011001
0101111111111111111111111111001111110011001110111011111110111000111111110111101110110111101111000001111111111001010111111010101011
1111000100101111101111111010101111101101111110111110110011110011101111111101111001010011101101111000111101110110111101001111110010
1111001110010100111111111111011111111010101011001111111011111110101101111011101101111110001110100101111111110101111011100110111111
0110111111110011011101011110011101111111011111001111111110101101111111111011111101111110011111111011111010111101001111110101110111
1001011111100010111011001111111110101001111101101101010101110111111111011111111101111111110111110100111110111111111011111011001011
1111011111011110101111111111111011010111011011101111111111100110011111111011100101101111111111111011110001111111011101111111011111
1110011011111111111100110110011111110111111111110111101111011111111101111111001011111011010010111101111111111101110011000001111111
0111011111111101111110010110101110111101010101011110111111011111011111111111111110010110101010110101111011111111111111101101011111
1111110101111101111111101110110111111101110101101011001111011111111111111110111011111001111111111111001001101110110110011011111101
1011110111111111110100101101011101111111011111110111001111011111111101111101111111101101101010011110101010010100110011111111110111
1110111011110100110011110110111110101111110100110011101111111111100111111111110111101010101111001011111111101111110111010111100101
1111111000111111111111101111111100110110101110111111111110111011111111110101111001111111110001000110111110110010111111111111011110
1100101111110111001111110101011111010001111011010010011111111110101101111111111110010110100101000101110001011111011011111111111111
1011111110100101110111011101111111101101011111101111101101111111110110111110011111110111010110110110110101011111111100111111011011
1110100011100010111111000111111111011100100101110111111111101111100010111111111111111010111010101111110111100111111101111111011111
1011111011011111001100111111111111111111011110101000110111110101110100110111110011110111111110111101111111011011101111100111101100
0011011111111101101100110111111111101101111110010111011111111011110110101111011111101111111110010111110101111011110110111111111111
1011111011111110011111101011010111111101011011110111111000110110010111111110000000101110111100101111111011111011111100110111010011
1101110111001111111101111111000111111111111111011000011110101101111001111111101011101111101011110111011111111111111101111101111011
1110111101111111111111100101001100110101111111111110111111110011010111101010110111111111110111111111110111101101100111111111010011
1111001110101101101111010001111011011101110111001101111101111110010101111010110111010101011011101111111001101111011110111011101111
0110111111100110111111111001011111111111110111011110101011110111110010110010110010111110111111001110110011100010010011111111101101
1111011011110011111011111101111111111111110111111010110011111100110100110110111110111111001111011111011011111010111111111101111110
0111111011111001111010011011011101110111001000100001010111101101111010111011111111111111111110101111110011011111010100011111111111
1111101101101001101011111110010100001011111111111110011110111111111111011111110111111111101111111011011111101111111111101101111111
