0111010011111110110101111111110101010111101111111011101111011111011011111101101111101111101111111111011011111111111101101111101101101111111001111101011111010011110111111000011111110101111001
1110110111011100110010110111101110111111011101110111110011111111111011111111101011111001111111000111111101111101110100011010111110101111110100111111010111111111011111111111101001010111111111
1110111110010101011111000111111101101111011111011001111111111111101110111111011110011110110101111110001111111000110111111111110111111000110111000011100110101111111101011001111111001110110011
1101001101001111101110111111111111001111011111111111101001011100111100111111111111111010011101011110110111111111010111111011111110111111011110100101111010111011101110110111011011011100101101
1111111101111001101111110111111110110111111111011111100111110101111101111110110001010111111111110101011101111101110010111110100110110110111111010111101011111111111110111111110111111001111111
1111100111101100101111011111101011010111110111100111111101011111110010011111111111010100111011111111111101101111011011111100111111011111011111111101110111111001111001110111111110111110111001
1110111111111101000011010111111111111011111011110111111111111100111111111110111011110111111111100011111110111001111110111110111111011011111100010110111111110111010111011111101111110110111111
1110111111111010111101011011111111010101001101100111111110101111110011101101111010111110111111111011101111111101111111111011110111111111111111111011111111111111100101111100011010110011111111
1111001111111101101110111111100010100000110111110111111001000001100111111111110111101111011101101100111101011011101011000111011111001111110111111100111111010010110110101001111111111111110111
0001101101011111100101111111101111111100111100110001110110111111110011001101011111011011111111111111101011011101111111110101110111111111111111110101100101111111110110111101001111110010110011
1111111111110111110111010111111111111110111111111111111111110111111011111111101001101111011111011111001111010101101011100111010110110111101000101100111010111111111011111111011111110011111101
1111111101001011110100111111010101111111111101111100111011111111101011110101011111101111110011110111011110110010001101011101001101111111111111101111110110110111011010010111101111111001110111
1000111110111111110111111111111000011111011111110110111111111100111000111101011011111110111001001111101100110111110110111111100110111000110110110011100110101111101111111100110111000111001101
1111011011111111111111110111111101011111111110011110010111011111111111111111111110111011111111110101111111101110010111011111100111100110100101010110001101111011011111011011110101101100110111
1101111101111010101001111111110111110111111111110111111111100011101111111111110111111011111101011111011111111011111101101111111101111100110111100111111110100111001011111100110100111110111111
0111011111111111110111110111111111101101110110101010111001100111101011111111011111111101110011010111111000010001111011110101101111111110001111101011001111011110011101010111111110101110011111
1011111111111010110111111011110011100111101111111000111000110111111111111011111011110111001111011101111110011111111101100111111111011011111111001111111111111000111111111001011110111111111110
1111011111111111111101011100101111011101101011001111111101111111110111111111011110111111011110111011111110111011011111010111101111111110110111110001010010111111010111111111111100111101111111
1110101101111101011101101100110101110110010001111101101111011111101011111111101101011111111011101101101111110001101111111111111111111010111101111011101100001101110111111110111110111001100111
1011011110110111111111101111101111101100001101111111111111111111111111101111111111010110111111111011110111011100110101110111101100101111011001011100110011011010101110111011101110110011111101
1001110011101111011110110111010111111111111110011101111111101001111111111011111110111101111110111111101110110111111010000111111110001110111011101101011010001111111111011001101111111001111110
1011101001110110111110111110111110111111011110101111110111111111011111001111101111111101101110111000111101101001110111110011011011110111111101101100011111111001110110010011101111101001110110
1101010111110011111101110111100111101011100111010010101111101001111011011111011111100011111101011111010100110011111011110101110110101111110010100111011111111111011111110111001111111111001101
1111111111111011011111111111101111111111111100110111110011111111111111111111110001111011110111111011111101110111001010110010001111111110110011110111100111111101001001111001110101111101110111
1111101001011011111111111111111111111111010001010111111101111011111111111111110111001011101111011111111111010010000110110110000001110111011111001011111011111111110110111111111101101111101111
1101011010111111011111100110010101111111011111011111111110111110101011010111001111001100001111111001111111111001111111010111010111111101111111011111010010111111101110110111110111101101111101
0111111101101111111111101111110011100011111011011110111111100010101111111111100111111011111100111010111100001111011111011001111011001111111001010110111111110101111110011110111110011111110110
0111011101111001101011011111111010111110011111111110101101111111111110110011111111111111101111111011101011100110111111111111110110110001111111110101111101011110101111111011111111111101011011
1111111111110001111011111110111100011111111111101011111111101101111110111101110111111011110111110110100111111111101001111011111111101101010110000111111011011101001111110110100101110101011111
1111010111111111001011011110111110111001011111111011101111011110011110111101110011110111111111101101111011111111101110111100111111110001111101011101101111110110011010111111111111111010111101
0101111111011111101111000111111110001110110011110110100101011101100111111111111111101011110101111111111111111111011111000011111101100111111011111111110111111110111110011110111111110110011111
1111111010111111101110111001110110111111111111111101111111100011111001111111111111111111111101010111011100100001101011011111101110111111110110111110111101111111110110111011011001111101111011
1110110101101110010111111011111111111111100101001111101111110110011010110101111111101111111111110111111111000100111010111011000101100111011101100111010110111011111001111011011011110111110111
1011010111100100111010100111010111110010111101111101011101010101111101101110111111111111010111111011011111110111101111111111011000110100100110111100110100111111111111110100111000101111111011
0110111011110111111111011110101111110111111101000111111110110010010010111011110001111111000111010111101101111001111101111011110111011101101110011110110011111111101111111011111111111010111111
1110011010111010111111111111101011111110101111101111111101011100111111111111111110011111111111010111001111111010111011111111101111111111011111111111101110010111111111111101110110110100110101
0010001111111010111111011101011111101111101111111111011111111101111111111111100110010111111111110110111011111111101101101111011101011101100111101110111111110010110111100111101111100011101101
0111111100111010100111101100011110111010011000111111010111111111111110111111101001101110101110111010111111001111111001111110100100110111010011110111111111111110101111110111001110111111111011
1111011111110110010010001001111001011111111101010111111101111011100011111000011111111111001110011010100110111110110101111111111111110011111101111111011110111111101011110001011011110011011111
1111001110011111111100111111111100101011001101110110010111011111001101110010011011101011011010110111001101110110111111111111100100111110111111000111111111111001010111101100110101111111100101
1111111001100110100111111110110001010010110001111111110111111111011010010111101111010111110110110110111111011111101011110010011110111011111001111111111000111011111100111000101111111111101111
1111111111110110100111111000111111111011111111110111011101111111110111111110100111111110111110010111100111111011111111011110111000101111101011111111111111011010011111110101110111111100101101
1111111101110111011011111111001111111100001101011111111101111101000110111010111111011111101000011101111100110110110100111011101110110100111111000111111111111111111001011101111110111101100101
0110111111111110010011111111101101111111001011111111010110011111111110010111111101101110110111111101010001001010111101111101011111110110111111111101001100111011101111111111111000011111101111
0101101111111111111111011111011111101011011011111001110111011111111110111111111011110110011111101010011110001101111111100111110010011110110101011100110100110100111111111001011110100101100101
1111111111111101111110101011100101111100011111000011101110110011111111011011011110111011101111100010110110101100100100101100111100111111011011110110011111111111110010111011111010111111011100
1111111101111111111101111110110110110011010111111111101111111101111010111101011011111111111111111111101111110011011011011011111111010111010101011001111111110111001110001101111111110111111111
1111111011110111111111010011101111011011010111110100110001100111011101111101011110111110110011111110110111011111110011111111011111111011111111111111111101111111101111111111101111111111111000
1011011001111110110111011101111111110111111010101101011101011101111101010111001011101011000011011111101010010010111111111110011110101101111101111111110101011100101111011101111110010001111110
1111011101111011111111110111111111011010011110111111111100111111111101111111111110111111011011111110100011111111100101101111101101010110011111110111011111111010111111111011011111110011101111
0111111101010010111011001010101111111111110011001111101111011100101111111111110101110101111101010011101011111101110111011010010101110111111000011101110111111001100010111011110101111111101011
1111111110100111011111101101101111001001111111100011111111111111111101101110111010111100101110111111111111110111111101010111011111111111110110010101111011110000101100010101110110110011111110
1111011000011111011101101111001001011111011111110011111111111111110100111111111111110011111010110111011001111111110111110111111111111111111110011110111111111111111111011011111101111101101101
1111110111111110011110110001110110111111110110111110011111011110111101111001001111111011001110111111111101111111111110110110011111111001111111111111111011101111111111101001100111111111101100
1101010101110111101011110000111101011101111011011001111111101101111011110101110001101111111100110101111110101110110011111101110111101011001101111111101000100111111101101110111011111011011110
1101010101111111101011101011111011101111110010101010111110111111101110111111101100111110110101111110111111101110101111111110111111111111110011111111111111101101111110101110101011000111111001
1011100100110111101111111100111111101110101111010101110111110111110111111111110111111111110111111111111100111011110101111111111011110101101111111000110101100010111110101111011011110111011011
1110111001000011110111110011101101111111001111111111111011111111010111000110100111011011111111110101011111110101011111011001111110011111000101111110111101110110111011110110110111110011011101
1111111101111101101011111111110110101110111110111111011111111111000111111010110110011111001011111100111101111111110111111110111101111111110001111111111011001110110111111001110111111111111111
1101101111011111111110011110111111111110101101111111110111101110111101110010101001011011110100000111110111101100011101001101101101100111011011011000111111011101111011111110111111011000111111
1011111111111101011110010111011111110011111110101110110011000001101010011101101011111010011011111110011111111111111011111110110111010101111111011111011110111111010111110101110100011101110111
1111110111111011110011010111111111111111110011111001100011101011010111111111101111111111110111011111101101111101111111111110100011111111111111111011100111111111111011100100100101111100111100
1111111011111111111111111010011101101111111011111011111111111011111010101111111111111011111111111001011010100111111111000111111010101110110111011010111110011001101110111011111110111111011111
1111111111110011110101000001111111110101001111111101110111101010101111110111111010110110111111111101111010110011101101111101110011101110110011111101111111001111100111111111011011011111001100
1011101111110010101111001111111110101111111011101111111111111111110111111010111011101011101110111101101111111110111110111111111101111111110001111110110111011101111111111000110111101110110101
0011000001111101101110101011110110111111110110110011111001011101011111101111111101001111001001111111111111101111111101101111101101111011111110011111110000110011111111010111111111011111100111
1111111110110101011001110111100101111101010111111011110111111111111110111001010111110111110111111101111011110111011111001001110111111111110101101111011110111111111111010111100011010111111111
1101111011111011111001111111100001001101101110111110111110011011111111110110010101011000110111101111100111111111000111101111110111111010111111101011010101111011111111011010101000111111011101
0111111111111111110111100111101010011110111111111100010011011111110001101011011101111111111101111011111111110111110100111100100111011011110110111110001111110111011111111111010111100111001001
1101111101111111011111101101110100110111011011100111111111011011111111011110011001111101100110010010011111111001101111110100011100111000111011111110101100111101001111101110111111111110111101
0101111111111011110101111010101111011111111101110111101111111010111111011111011111111100110011011111110111010011111011110111111101110111111111111111101111101011111111010111110011101101111011
1111110110110010101001101111111110111110011110111011111011101101110111010111011001111111111111111110011110010111110101100111011111111111011111110101101111111110000111001010111111111101001100
1011100111001110111001111011111111111110111011011111100010111110010111110111111111111110001111111111111111111001001111111111111110110000101111110110111111101001011111111111101101111111111101
1111101111101111100010110011111011110111010111111100111111101101011011111111010101010111111010111111111110011010111111111111011111110011011110111111111111111111101111110111011101011111111111
1111101110111111111110101101101111111101111110110110110111101111110011001101011010011100100101111111101111011110110101011100110101111001110110111100011101111011111011111111111111101111111111
1111000011101111111111101111101111111111111110111011100111111110110010001101110011111111110110111101111111011111111011111111101011011111101011110100000111011111111111111011110011110111111110
1111111011111101111101111100111111111110111111101111001111101111100001101110100111011111010101111010111111000111110111110101100010110111111000111110011101110111100101111010111111111111110011
1111110110101111111110111110111101111110111111110111111101111100111111111101101010111111110010011111011111000110111101111010111111111011111011111111111100101111111110111101111100111011111100
1111110111011101010011111011110101111111010110101101111110001110001010011101011110111101111001100111011101001111011111111110110110011011101111101001111110101100110111101111111000111010101111
1010011110011110101101011011111001100100111111011111101111110110111111011111001100111101111111101010101110101111011110111111111110111111101111010100101111001110001101101001011111111011111011
1011111101101110001111011111111101101011101011100101010111111111110111011111111001111101110111111111111011011010111111101001111011100101001111111011110111011111100011010000111111100101100111
0100011111111111111111111011100110110110011101100110111000111111001110110011110110101101010110111110111011001111111011101111001111001111111100110111011101110111011111101111111111111000011011
1001111111101111111111101101111101011100011010001111011111001111111111101011111110110111111110010110011110111100111101101101111010011011010111001110111111101101011000011001010101111111111001
0111101111110101111101111111011101110100100101111110111010111101110011010011010001111100111111111011111100101001001111001110011110111111011111111010111111100111100111110111111011001111101011
1111011101111111100011000110011101111110011111111111100101101011110100111101010011100011111111111000111110111100000101111111101111110111100010111011111010101010011101111110110011110111101111
0111111011111111111101110111111111111111011101110101001011101010111110111111011001111111100101011111100101101011110101100010111111101001110010011110111110000111111101110001111111111001001111
1111111101011111001011110010111111001111111111111111100110110111110011110011100011111111100111010011011101111111011110000011011111111111101111111011011100111111110111110011110110111110111001
1001111111111111100001111111101111011111101001011111111111100100111011111010111111010011111010111101101110011011100111011011101111111110111111001101111111111111101100100110110111111111011111
0111010001011111110111001011110100101011110011101111010100110011010111110101111111111111101010110101011111100111011011101110111111111111110011101010011110110110010110111111001101011101111111
1100111111110101111101011111111011110111010111110001100111111001111111111110110011011111000010111110100001110111111010111111111100010110011011111101111110011010011111010011111111101111111110
0111110111110101011111111111111110101111110110011111001011111110011000100111110110111100100111011101111111111011001100101111111111110010101110101000111011101110101011011001101111110101011100
1110111101001111011100101101111011101100011111011111111011111010011111110111010111001111100111111111011011110011111111101000110111111111111111110111111001101111111111110110111011100110111101
1111101110110111001111101101010110011100111011111111111111011101011111111011111011001001111111111110111101111100011111111110111110111111111111111111011001011111111011101110111111011111011111
1111111111110111101111011011011111011111111101000001011111111100101101101110100111111101101110111111111001011010010111001101111110111111111011111110101001110101110001101111001101111110111101
1111110111011111101111111011011011001111011100101101110111011111111111101111101111111111111111111110111011101111011110101110111101110111111101011110111110101110111110011110111101010111111111
1110110111101110011011111011011101110100110111011110111111111111101010110110101011101110011111101011011011111111101010100111100100111110111111111101111011011110111001111111111111101101001110
1111111111011100001001111111111101001101101111101111011110111111110001010101110110010110011111111011100111110101011111101110111111110010111111100111000001111010111111111110101100011011111111
1111111110111101101111101111111111100111101111111111001111100101111111111111111011101111111111111010110111111011110010111111100111100001011010111111100110111111110110111010111111011011011110
1010101111001111111111111011111111111001011111111001001111011011011011111101111111101101100101111011111111111111011010101111011110111100111111111111111111111111110111011111110111110011111110
0110111111010110101111111110100111111110110100011011111100111110111111111111100111001111111111110111010111010111110100111011111001101110100111111011011111111010010101110101001001101001111111
