0111110110
1111010110
0111011111
0111111101
0101111110
1111111001
1101011111
1001110111
1101111011
1101110111
1001111011
0110110111
1110011011
1101110101
1101011110
1011111100
1111001111
1110101111
1111101110
1011110111
1001111101
1111111000
0011111111
1110010111
1111101001
1011110110
0111111110
1101101111
0111001111
1011110101
1101011101
1110111110
1010111011
1011011101
1011111110
0111101111
1111110001
1001111111
0101111111
1111101101
1110111011
1011011110
1101011011
0111101011
1111000111
1110110011
1110101110
1010101111
1101111010
0111111010
0101111011
1110110101
1111110100
1110111101
0011111110
0111101101
0101110111
1110101011
1111111010
1011111011
1111011101
1110001111
1010111111
1011101111
0101011111
1111110110
1111010011
0111110011
1111001011
1111110011
0110111110
1111100011
1110101101
0011110111
1011111101
1000111111
1101110011
1111100111
1011011011
0101111101
1100111110
1111011110
1101111101
0110011111
1101101011
1011101101
1111111100
1011011111
1010011111
1011101110
0111100111
1011111001
1110011111
0111111011
1111101011
1101010111
1011110011
1100111101
0111110111
1111101100
