111010111111010111111110111101110101011100111111011111111011111110111111111101101110111000111010111111001011110110111011111111011001111111111111111111101111110011100111011111011111101111011011111011111111111111
111101011101011110010110001110111101111111111000011111110111111011110111101011101100111101101010111101111111110100101111111011101101111111101001111011111110111111101111011111111110011111111111001111101111111000
110101111010110101011110110111110100111111111110110111111011100111111110111111011111111111001111111111101111111111101011011111111111111111101110111110111011011010100101111110101101111110011011111110111110111111
111101111111110111111011011111011111111011111101011111011101110111011110011111011001011011010111111101111101111101111110011110101111001010101101011011110110111111111010111110110011101111011100110110111111111011
111100101111101111100111110111111101101100101111111110111111010111101111111111111011111111011111111101001011110011001100010011111000011101111110111010111101011011110010011011001110100001101111011111111111011011
110111111011111101111110100111011110111010011011111100111110110111111111110111101111110110111111111111110001100111111110111101111101110011001111110111101011010110111111011111011111011011011110111111111001111111
111111110111111000111001111001111101101110101101111001111011101001011111101110110001110110111011111001011010111101100010011001111101000111111110111111100110010101111111111111111000111101111111101111100110111010
111101110011011111111011011110111010101111111111100001111110101100111101111111110111010101111111101110101110111101001101111110011111100111101111111111101011110111111011011111111111101100110111011101011101111101
100101111110111101110111101001111111111111111111101100111111101100111111111011111001111110111111011011111111111110100011111011111101110101010001011101111110111011111111100011111011110100011101100111111111101111
111011100101101111110111101111011011111111101111101011111101011110011111010010111111111111001101111110010111101111111101111110001111111010111110111110110110011111110111111110011011111011001101101010101110100101
101111101101011011010110111111111011111110011010111111100111111111011111101101111110111101111111111001011110111011111101111111110110000111111101111111111111111111010001111111001111111111110011110111111101100111
111111111011111010101111001011001111111100011111011111111111011101110110010111101000011011110011111110111100110110101011010111010011110111111101101111011001111101101111101110110111111101111110111101001101101011
101111000101111110101111111111111111011100001111111111101111101111110111110111111101101111111011111011101110100110111111011011111100111111000111101110001111111101111111110011101110101110111011100111000111011000
101001101011011111111111010111100111010111101001011111001111111111111111111011111111111110101110110111111111111111111111110110111010111101110111111111111111111110011101111101101110111111000011101101111111111010
110011011111010111111011111111010011101110011111111111111010100111111100101110011011111101011111111111001011100100011110011101111101000010010111101011111100111001011111100000111111111011111011010111111101111111
101111110111001001111001111101111111001110110001101011101011101101111111111111101110101111110110110110111111000011101111101110111111101111001011100111111111011101111001000101101111111101111001010111111111101111
111111111110001111111000100101111011101011111001111101010111111111111101010011011011111111111111111010111111111101111011001111111111111111111111101110111011111111110111010110111110111111111100111111111110011101
100100010111111110010101100101101011111011101111111111101111111011111111110111111111101111111010111111111110001111011111110101111111000100011010111010010101000001110011111011111111111110101111111111011010100111
111011110111110111111101100111101110100111110111111110111111111101111110110110110011111110110111111111001110101001111111000110111111111010011101111011110011111101101111011110111001111110011110110011101101111111
110101111111111101111011111111111001111111111111101111101110011110111011011111111101111011111111111111111101111111110110001101010111111110101101110011110011111111111010101110111110101101011101010111101111111111
110111101010011110011101011111110001111111001010011101001111111100010111111100101111110001101111111110111111000010111011111001111011001111001101111010111111101001111001010111110111001011111111110110101101111111
101111101001111110011010111100111111110111011110111110111001111100111110011110011101111111111010111011111011011011111111100111111111111111011111111010111111001011111101111101111111111111110111111011111110111101
111111011101111101111111110100111011111000011110111101011100010111000010111111111100110101111110011110110101111101111111101001011100110101010111111101100111111100101110110110111011101110111110100111111111100101
111111111001111011111111111111111111111110110111111110100011111011111111111101111110011111010011011111111101011111110100110111111011101100111111011011101110101111010111110010111111111011111111011000110011110101
010110111101111110111101111111010111111110111100110110001011101110001110100111111111101111101111011111111110111111111111111000111111111111111100111111100011101101111111110111111011111111011111101111111111111011
110110110111011111111111111011100111111001111110101011000111111011111111100110011100101101010011110010111111100111010110110111111011111111101011111100101100011011011111010000110011110111011111111110001110111110
111111110001111100110101101111111110101101111011011111111111111011111101111110111011011110111100111111111111100111111100111010111111111011111110111101010011100010111111011111011010101101111111111110101101011111
111111111011101101111101010111111111011111011011111111010111111111111101101111011111111111001111111101101111001110011101011111111011110111011101111101111111111111111011111100111101101010101111010111101110111011
101110111101001011101111010011111010111110011101110111110111111110011101111011100111101111111111101111011111101111110110111011110110011111101101111111101111111111100011100110011111111001111111111110111001011111
111111111101111111111101110111111111110010001011110111100110111011111010111000011110110111001110101110110111111011111111111101111110101111010110110011001101111010111111011111101111110111111111111100101001111111
111101111101111111011101100111110101111111110111110011100111111101011110101011101011111110111011111001111111111011110111111111111111110101111111011111001111001111111001111100111111101010011111111111111110011011
111011101011111111111101101001111011011110111011111111111111110111111111111011111111111111011101111111110111111011110010111110100111111011111111011110001111011010101101111111110011110111111011100010110111101111
100111110111101111101111100111010111110111111111111111101101111101011101011011111111010010111100111110101001111101101101011111111100111011101111110101110111110101111111111111111011111111111101111111011111101111
111101111011111110111111111111111101011111111110111111111010111111110111111111111110011111011110010001111101011111111001011111111111110101111110111011110111011000111110111111101100111111011011010111111001111001
110110110011111101111100010101111101111101111110011111111101101110111100011111101110111101111110111111011111111110011101111110111111011111111011011100111101111010011111111100101110010111111101111110111011100111
110010111001011111001111011101111101101111011110011111101010111111111011111001011011101111101011101000110111100111111111011111110101111111111111110111110111110101101101101100101101111010110111010011101100100111
011110101111111101111111011001111111100011111110010110111111100111101101001110011111101111111111111001111010011101111111111111101111001111111110011111111011001110100111011111001101111110010110111111111110011111
111111111011111011101111011011111111100110110111100111100111111111001101011111111111001110111101111011111111101111111110011111011000110100011111101101110110111110111111111101101101011100011111111111101111111111
011010101111101011011101011111000111100111110110111110110111101110111011111111001110011100011111010011101101111110000111010110011100111101111111111111011111001010111001101111011110110111010111100101001111101111
111111000011110110011110011011101111111101010111111101111101111101010111110011111111110001001100110011111110100111111010001111011100101110001111011010011111111110110110111011111111101010111011011101011101111011
011101011111001111111001011111111111101111001011101011011110101111010110110101101111010101101111101100100101111111111111010110011101111101101111011111101111110111111110110110101001011111110100110001011111101111
111111111111111111111110111111011001111111111111111110111101000011111111110100111011111101011111111111001100011110110111111111111111011111011111110111111110110101110111111111111010111001110011111111110101011000
101011001111111011111111111011111111111100111111110000011011111010111111001111111111101111000011110011101111010101110111110101100110110111111010111110111101101111011111111111111011111111010101011011101111101111
101101101111110111011101111111111111111101111010001011001011111101111011001110000010111110111010101011111101111001111000101111100011101101111111001001111111010011010110111111010101111110111110011110101110010111
100111111110111111111011101011111100101111100111101111010100011111101011110111011111111110101110111111110111001110111111001110111101101111001111111111111110111110111111101100111010110110011111101001110011001111
111101101011111011110110111111101111011111001111010111110111011111110010011010111011111111110010110101111011010110101110111110011011111010010001101111111111111010110011111111110001011100011101111011111111111111
101101110111111000111110110101001111111111111010001011111111111101111111011001111111011000111110111001011100111110110101000111010111111111111101111101111000100110101010111111000010111111011111111001111111101010
111101010011000110111011110111011111011011100110110110101100011111111111011001010110011111010011111111111100101111110100101101111110001100111111111111101110111010111010111111111011001111111010101111100110101100
111111011111111111100011111100111011111011001010000111001011001111101011011110001001111011001111010101111001111111111111011011111011110110011111011111111101111011101111001011010111111001110010010111110010111110
111111111110111101111111010101111101111111111101111111110110011111100101110111111110101010111111111111010110110111101111111100110011111100011101111111110111110110010111111111111011111011101110111110111101111111
001110111111111011001110110111111101111111101111010011111101101100001100011111011011111111101111111011111110111111010101111010111011010111111101110101111110111111110011101111110001111111110011111111111111010111
111111010011111001111011011011010111011011110001111111110111111011011111001111111111110101111011001111111111110111111001111101110101110100100111001111111101101011101111000101010110110111110011110111011101010001
001111101101011010001111110111111111011011011000010001011111001011110100010111101111110101111111011010111111111111010111101010101110111011111111111011101111001011111111111111101111101101111111111011100000010001
010011101011111011111111011111111011011111111101111101111111111111011111001001111010111110001111111001001110111101111111111111111011010011111011110111111011011111111110101110111111011011001111011111111111101111
110110010111000100001011010110111010111111011011011111111111000111110011110111010100101110100110001001110100111011001111011011111111111111110111101111111111101101101111111100011111111111011111110111010111101111
110111111101101101101100110011101110110011101111111001110111101001011011111110111111110011010011101101111001101011111001000110101111110110011110110011011111111111111101110011000111110110101101001011111011111110
100011111011110111111011010111011111101111100011111111010111000111011110111101011110111101110101010110100101101101111111110010111111110001111110010111111111101011101100111111101110111110111011100111111111111100
001011011111011011111011110111111101001111111011101100111111101011101110110101011011111011000100111111101111010001111011110111110011010111111101011100101111101111011111111111100110110001111011001100011101011110
111011111101110111101111100110110011111111011111111100101100111101101111100111111010111111101010011111010111101111101110110000111011111101111011111011110111011011110011101111111111011011011111110101011111000110
111111111011011001111101111110111011111010101111101011000101111111001100111111001110010101101100110111001111110110101111111111010100111111111110011110111110000110111011111101111010111111010111001101101111011111
110001110110110101110011101001011111001110111111011010001110101100111101111111111110111111101111011100111011001110111001111111111111011110110111001111111011011011111110101110110100101011010111110111111110100011
100111111111011111110011111111111111101001111000111110001111010110110111101110011101011010111101011111110011011101111100100011101111110110111110111111001101111001111111000111000110101111101011111101111111101111
011111011111111000111111111101100111011111011111011011111100111011100101110111110101110110011101111101111111001111101001010011110100110111000001110111011111001111011100011101011101010011101111111111110111010101
111101111111100110111111010101111110101111110111100100011111101011111011110111111011001101011111111111010100111111101111011111110011011111011011101111111111100100011101001110101111011100110101011101111111110111
001101011010111011111110110111111111110101001110101111101111110111101111111101010100110101000101010111110001111011111110111111111101111111101111101110111011101011011111010111011011110111111110110011111111110111
111011111011111011111110100111110011011000110101111111111101110100111100111110101101110110110111011101011111010011111111100101110100111111011101100101110010111111101101111110111110111111110110111111101111111110
101100100110111101100111111010111110001101111111101011100011011011100111110111011111101111111110111111101000010110111011111111111101101010111111110111111111111101110000101111100111111000101000101111111111111011
111111110001111101101111011011111110111111111110111011111101111111001011111110101111101101111011110011111001011010011111011100111111101101011001110101111001111111101101101110110111110111011111110010001110101001
111111111110111110111010111111001111010111101111011101011010111011111011111100110111000111111101100110011011111111001111001111111011000001101101011110111111111111110101110110011101011111111101111111111111111111
110111111111111111011101011101011111100011000110011110011111011011100010101101111111111111110101011010010110011111110110111111111100011110111110100110001011110010110110111101101111101111101011011110111100110111
110011100010111100110010101111110110111001011100111101101100110111111111111111011011111010111100101010111111111110011111011011111101111010011000111110111010111111111111111111011110011111111111011111011110111011
111011011111111111101111011111100111100111110111011011111110010111101111100010110111111111111010111011110101111100110111011111001110010011111111110101111001111111011110111111011111111001101110111111111101111101
111111111111111111110110011011111100110111000100111111111111010111011111011111111101111011111101111101101110100101111111110111110110100111011110111101111111010111111111011111111111001101111111011101101111111110
111011110001111101011101101000111010011001011101001011111111110111011011111111011011101110010011111011110011111111011111111011010011111111110001101000101110010101111101111101111100111011011111101111111010011111
111101011011101111101001111111110101111111101101100110111011100111110011111011101001010111010101111110001001111010111110101101110011011111110101111011000110000111001110111111111101111111111110011011011100111010
111111101101111011110111110101111101011111011100011110101011110111010101011101111111111111100011111000111111111111011011101111011010111010101011111101100111101100011001001011000101011111111111100010011010111011
110001111000111111101011101011011010101101111010101110111101001011110101111000110111111111111110111011111111111111111101111101010110111111101110000001101100101101111111111111111011111001011011111101110110101011
101001111011111011000110110110011111111110111111101001110001111011011110011110011110110111011110111011111111011111101111011110110111001111111101010111111101001101111100011111001011101111110111111001111011101111
100011111100111110011010111111001110101111111111001111011110111010101111011111010001111001111110111111110111110111101110111111100110100110011111111111111101111111111111011111111111101110111111111011111101100011
101011111111011101111010111110001111011111100011000110100101011101001001011111011101111111101100111001111011111110110111111111101110101101101111111010001011111110111111111111011111111010111111111111110110111101
110111011101010001010111110111101111111010011101011110110111011101001011111001111111111010110111111111011111011111010110011010111100011101110111010101111111000110101111101100101111111011011001111111010110011101
110111111101111011100011111111111111111011110110111111101001011111011011111101111111111111010011111111011011110101111110111001111101110111101001111111011111000100111001111100101111000011001010111011111011110100
101101101101111111110101011101111101011111111111001111101001010111110111111111111111111110110101111110111110101111011011111111111111110010011011011011100111111111110111111001111111111111110110010110111010111111
110001111111111111111111100111111100011011111111110010010111110111110101111110111110101110111101111111011111111110101110001110111001111110111100011111011111100101110111111011100111101111101110010111011111011110
111101110001110111110110111111101110000111111001111110110100101111110110110011110110111111101111110111111011101011101011011011110110000101111100111110110111001111111110011101110011111010111100111111101110111111
111000010110101011111110001101101111111101111101001111010011101111011100111101011111010100111010111011110110011001110101111111011111111111111010111111111111011011111011111111111101010001110101100111011011010011
111111101110011111111101111111011010111111111111101011111001011110101110101001011111011001111111110101101110100110111111101111110011010011111111111101011110010110111111110111111110111111011111111101011111000111
111001001110011101011011011111100111100101111111011011101011111001111011011011111111111010101101111111111011011110101111111101110110111110001111111111101111111110110010111111111111111111101111110101101101111110
110111101110111111111011101110111010010111111111101101111111011111111010011011111111101111110111111111010111111101111110100111110011001011111011100110111111111111111011101111111100011111011111100011101001111011
101010011101110111111111111101110110111101111011000111011101001111101000111110001100011111111111111001101110101000111111111110010110111011101111111110011110100111100011111101100110111110001111110110011001111011
011110110111111100111111111111111111111110110111100110011101101110111111101111010111111111101111111011101011111111110111111111111011111111110011110111111111101100100110101110101111010010111111000101110111110101
001100110101001001111110111111111101111111110001110100111110111111001101111111111111111011010111011111001111111010011110111111110101111111001111111111011100000111101111111101100111101111010011110111111111111111
001010001111111111100111011001001011111100111010111011011110111111011111111011110101011101101011111111111101101110101111001111111011011101011111110011001011100110111110111111111110111001010011100111111111111111
010111111111101111101111110111111111111101101111101111110100111110110011101101101111111111111101100011100011111110111011011011110011111111111100111011111111011110111111111111011101111110111110011110111110110111
110111110111111111101111111100111111111111011001101011110111111011111011110111011110111010111011100110011111011101111111100111111111110100111111110101111101101101111101000101111001101111110110100011010110110101
010101111111111111010011101111001111110111111111101101111111111111111110110111110111011111111110111111110101001101101010111101101001111111010111111011101111110101011111111101111101001110111111101010111011111011
110101110010011111011111111101111011111111111011001101111101111111011010111011001011111111011011110111101110111111111110011111110010111001111010111111111110110110111111101011011111110110101111011111111101111001
111001000111011011111111101111101110111001010111111100111101101111111111110110101101111110111110111011011011101111011110111111110111001111110111111111101101111101011101101110111101001010110110111011100011111101
101101111101101111001110001011111110111111111101101010011101111010011111111011111111111111110111101111111111111111111101111011110111111111111101011110001111011111111111001001110110011111011111100101101010101010
111110001111111011111000111111111111111111101101011101110101011111011111100111111101110111011010110111101111111111111110101001011011011111111111111110111110001110111011001110111101101111110111010101010111001110
