11011111111101101111001111001110110010111011001011110110111110111111100111011111101111111001111111111110011110
11111011111011111001111111110111101111101111111101111011110111010111111110110111010001011101101011111111101111
11110101011010111100111111011011111101111011111011110111011101001111111000111001111111111111111001111110001001
11110010011011111110011011111111111011011001111111011111011111111110111111111110101111111110111100011111001010
11101011111111111111011110110111100111111111111100111001011111111111101111111111001111111010011000111011111000
10100101111111011011101010010101110111101111011111011010111111101101111100111110111110111010101011111111111111
10010111111001111111011100110110111111101110101010011111101100111111111101110111111101110100101101011110101111
10111011011100010100100111001011111010110110110110111111101100111111011111111101011111111011011111011100101101
11111101111011111111111111110001111111111101111010011111000111111111111111001111011011101001111110010001101011
11101111110111111101011101110101011011111110111111011000101111110011101110111011111011111111111011011011010111
10001010011110101011011111001111011110111100101101111110110111111001110111100111101011111111101101111110111010
11100110110111111110110100101011110011011111101111101110000101111101101111100101011111111111011111111111010010
10111111111111101100001111010111010110111101011101111011001000110111110101110111111100100010110111111111110110
11000111001101110101011000011110011111111101011111101011011111111011110101111111101010011111100111111111010011
11111011111011111111011011111111111101100011111111111111010011111011111111011110011011111110011110011011111011
11111010011101110111111101101111111111010110010001110110110110001011111111110011110111100111101111111011110110
11010111111111100111111110111111011111111101011110011111111111101111111011111111101101111100111011001111001101
11100111110101110001001111111111111011001111111111110011101111011110111001110011110011111010110000101111101111
11111110011011111101111111101011110110111101111111110111111110111111101011101111010011110011111111111111001101
11110011001011100101001111111001010101011111101111100111101101011111111110000111110011111111010011111101111011
11110111110111011110111101010111111110110011011111111111111110111101111111110111011110111110011101011011010111
11010111111100101111011110111110001110111101101101111010111111100111111101001010110101011100111110111101111110
11101111111111110101110010011101111001101110101001111110100011110111100011110111110111010111011111101010111111
11111001111101111111011111011101110111101011111110111111111110111000111111111111111001110110010110011111101111
01110110101111010100111111101111110000111001111101111111111101111101111110110100011110010011001011101011101111
11111101111100110111011011010111110111111011110110010111111101011111111101011010110011111110010111110001010101
00101011111111111001111110111011111111111111111111110011110011111010000111110010011011100011111000011101010011
11111100111111101101111111111110110111001111101111111011111111111110011110010101110100101010110111101010111101
11110111100100100110111101110111111010000110111101011111111111101011110101111101101111110011111111011110111101
11111111111111010111111110011101111011111011101010011111001011111111110111111111101111111111011101011100111011
01111101100111111111001101101011101111011111001011100111101011101111110111111011101111110011111101111110011001
10111101111001111111111110001101111100111101101101011111011111001010111111110110110111110111111111010111101110
11111111111111011001110111110011111110001111101111000111010110111110111111111100111101101110001011001011010111
11101000101101110111110111011111111010101100010111011111111010111111011110101101101111101111111111111111111111
10011101111010111110100111101111111001111111101110111011111101111100111101111111111101101001111110111111011110
10110111111111110101011101111001111011111000101001010100000111111111110101111110111011101111110111011110100111
11111101111110111001100111110000011011110101111001011111101110111110110011001110010111111101111111111111001001
10111111110010111110110111100001011001100111111011011111011100110011101111111111111000100110111111111111111111
11111111111011011110111110010100100111111111011011001011111100111001111111111111010010111110111111011111111010
00111110111111001001111101110001101101111011111011011111001111101101101111011011011110111111101111011100111101
11111110101111001001111111111110111110011011011101111101111111011110001111101111111110111110111111011111001001
11111111111001111111011111111111111101111101001010111111110101111111010011111111010111101110110111101110111011
11111111011111111011110011100000111110111011110111011011101110010101111001101101111001001001111111101010111011
10100001011011111111111110011111011111110111111001100100111011001001111110101101110111111111001111111111111110
00111110111111111011111110111110010111110111110010111111110111101111101110110101011111111111011010110010110111
11100111111111111011111111111100101011011100111111010101000010110100111111111111011110010110100101111011111100
10111111111011111111001011110001011101011101110111111111011110111110111111011100111111011110110110111110111111
01011111011100101110111101111111110001111111111111111011110011100111111011111110111110111111111111111010100111
11110111110101100110111110101111110111111001011011001111111101111110111101110111110010101011111010111001011101
01111111010111111111111111111110101111101111110101011010111111101001111101101011011001111011110111111110111111
10011110110011101110000101010111111000110111011111110111111111111100111111111100111110111110111011110011111111
11111101110110100111111000111100011111111111111111011001011101011001011111111100111111101110111011011100111111
11111010011110111100110101011010010111010111111011011111111111111100111110110001011101000011111011110111111111
11110010111101000111110100110001111101010110100100101101101011011101101111001111011011111111111111011111111111
10111101011111111111011101010011000011111001111111011100011110010111111001011110110101111110111111011111011000
00111111011011111101110001111111101011011011010111010101011101100110111111111101111001110111111111011010111111
11010101111111111111110011100101111101111111111101110011010110110110111110110110010011011111101010101111001101
11111101011101111111010110011111110111010010111101101111111101111010010111110110101011011011111111011110011111
10011011101111010100011110011011111011101110111111101110111110111111110111100110111101100111111111011111111011
11111011001111100111001111110110111001110101100001111101011111111111011111110011001011101111010010111111001110
11111101111010101001000011111111111111011111010001011101101101110111111011111111011011101101110001101011110001
11010011011011111111111100111001110001111111111110101101111111111101011111111011111111111001111011011111001111
10110011100111010011101111011011110111110111111101011100110111101110001011111111001111101001011110111011110101
01011101111111101111110110111110111111011011110001111111110101011000110110110110111110111011101000101001101011
11110110111111010100111111111011110011111011111111100111100111011111101011111111111101011111001111001011101100
11011111111111110011011110111111011001010111101011101111111111110011111011110111011100000111101011101111011101
11010101100111101111100101011111111111010111111101111101011111101111111111011001110101001111101111111111001110
01111101110011111111110111111011111101011110110111111101011111011101010111111111001110110011111101011110011110
00110101011101111111101111111111110011010111110011111111101000111111011011111011100011111111111111011111111111
10111111001101111100010111101011111101110111001101101010111111110101101111111111101110101011100100011010111101
11011100101110111111111100101001111111101101111110110011111000101111101111111101001111111011111111100111111101
01111101101111101001111111110001101111110001111111110111100111100111100010001010101101111110111111001111010111
01001111111110111110010111100011101011101101100010011111111111100101101101111111110111111110011011011110100101
11110111111111100111110111101011111101111110111110111101111110110011011001111011000011111111110011011111101110
01111111111110111101111110100101011011010111111111111011111111011101110101110011111111111111111100110100111111
11110100011111101111110110111110111100110111011011110011110011001011111110111110001111010111101110111001101011
11111111011011011011111101101011111101011101110111111110011111111110011110100110111011011100011100010001111101
11011011111011111111111111110111010111101011110111111100111110001111111111101101111111111110101010101111110111
11110111111111111111111101110111010111011101011111110100111110100111111111111110111011010110111111010011111010
11111110010111010101010111101111111110111111111000101111111011111111101111011111100101000111111101010111101111
00111111111111101011111110111111101111011111111111111000111111100001101011111101010011111111011101111011110111
11111111111101101110111010001011010011100110001101111011101011000110111111111111111101011111111100111111111011
01111110001111111111101110111100001101111111111011011111011111011110101011111110111100110100111111111110111111
11111011100111110111110011111111111111101011101101111111111110101111101111111111111011010110111001011111110110
11100111001111110011011111001101111111111111111011101100111111101101111111110111011111110001110001111111110111
11111011111101001110011011100111111111110010001011111110011111111111101110111111111011111101011111100111101111
01111010111111101111110111110011010101010111111111110011111010011010111001011101011111011100010110111111111101
11101010010101010111111111111101111011111111111111110011111011000101110110111011111011111011001101111011111101
11111011111111111100011111111100011110111111011111101111111101011010111110010111111001100110111101011101101111
11110101111101111111110001111110100101011111111111111111011111111111011011111110011111011001111011111001110111
11101111111111111110111111111010111111100101110110101111111110101101110101101110111011111101111110111101111101
10101111110111111110110111101111111111101101011111110011111110111010000010110111110111011111111111111111010111
11111010111111111111011011111111111111111101111101111011001011111101001010111111001111111111111100001010101111
11011111110111111111111110110110011010111101111111111000111111111110111110101110100111110110101101111111110111
10101111110110101100111110111111100111110111111110111101011101010011011110101000111111101011011101111110011110
01111111011111111101111110001110101111111011101010111111101011111111110111010101110111101101101101111110011101
01111111111110110101111111111111101111111111000001101111101001100111111001110011111101111100111111111111111111
11011111110100111101111100111101101111111110110011111100111111000011111101101100111111101001111111101001111011
11111111111001110110111101101101101011001101011110111101110110111011011111110001001001111111011111011111101111
00110110111001110101100110111110011010111011011111111111110110111111111111111000111001101111110001101101101101
