1101110111111111100111111101011101111011010111110111111011101101110001101011111111111111110010111010111101011010111101100110110111111100111101111111000111101110111111011110001111111110111111111111101111110101001011110101101111101111111101011110001111111111111010110111111111001001011000000011111111011011110110
1111111111000111101111101111111111111111011001011001101101111100111111110011010111111110111010011111111001111111111011100111001111001101011111101111011110111101110101001100111101101011001001110111101111111111101111111110101110011110101111111011110111111111110111011100110111101111110111111011000111111111111111
1100110001110110111111101101101111110111110111111100110111010111101110111101110101111111010011111111011111111110111011111100011111110111111101101100011111111001111111010111110111101011111011101001011101001111010111011011011101111111100011111100111110110111111111111111111101110111111111101011011110001101111011
1111111110110001110000101111110111011011111111101111011111111101110111101111011011101111111101001100010001111110111111110111110111110111111011111010111110111111011001000111011100011110011110101111101110111101111111111101100111011111101111111101111111011111111001100111011111100101010111111101100111110111111101
1111111111011101101011111111101111111111111110110111111010111111111101010110111101011111011101111100101110111111101111011101011111111111011110111101011110111101111111010111110011111110101000110110111111111011110110111111001101110110111110101111111011111111111111111011110111011110011110011110110110111111111001
1111111111111111101111111011101110111111011111111111011101110111100011111010111111111110111111111111110111111111111010101110011111011111111101011011111111001110010111101111111111011111110111101111111110110010011111111110001110110111110111001111111111111111101111110111100101101111100111111011110111001011011100
0110111101111011111111101111111111110111010110111111110011111111111010111111101011101111111011111100111111010110011111100101100110011111011101111110111111101110011111010111111110111111110101011111100100110011111011111101110111101110101101111111111111110111111100111011011011011011010101111111111111101011111111
1011111111011101110010111010111111101010111111010011111010011111101111101011010111111011111111011111010100011111001101110110110100111101010111111111111110101010111111011011111111111101111111111111101001111100011000001111110111011011111111111011101111110101110100110101000011110111100111000001011110111000111110
1011111010011101111110111111100100101111111100110111111111101111111111011011101111110111000111011101011110111100101110110101111011100110111110111111011110100001011100110010110111111110001111111011011111001111010101101111101011111111001111111111111111110110110011010110010101111111011110111011010011011111101101
0111010010011011011111101111110110111110110111111010111011110101111101011111101011111111111110111110111001111111111011110100011110111101110111110111111010110000111100111111100111101011110111111111111111101011111111111011111001111000101110111110101111110111111101100001101101010011001010110111111101101111111101
1011110010011111110011110111100111010111111101010110100111111011111101100110111001110101101111111111010110011011100010111101010100110101101001101101111011111110111110011101111011110111010110010100010111110101111111111011101110111100111011111001111110111110101111111110010111010111101101011100101111110001111011
1110011101101101111111111011111101010011111111101100010100101011111111111111111000111111111011101101101111101011101111110001111111101011100011010111110100000111110111111111111111110111101111111010101111111001111011111110110101100111101101000101101111011101110010001111101011101010110111111011110111111110011110
1111011110111111110111101011110111110011110111111111000101101011101111111110110011110111011110111110110110111011101011111111010010111111111010111111010111011110100011111100100111111111110001111101010111101101111111111101110101010100111111110101111100011001101111111111101111111110111110111111100110111011110111
1111100010101111111111111100101111111111011111111001011111101111111100111101101111111111101011111111100011011111101111100111011101011111101011010011011011111101111111111111101011011000110011010101111111110111111111111110111111111101111111111011111111111011111011110110111111001101101001101111100110011110111011
1010011101111010101111111111110100111101100011100111110000111101011001001111010010101001111111010001011111011011111011111111111111101101111101101111111000001100101101011011111111101011011111100111001111111100111111111010111111011101111001011111011111110110111111110011000111111101111010101111111110001011111101
1111011011001111110111110110101101110011111100101111110111111111111101101110101110100110100110111111111111111111010101111100111011111110011110111011111110111111100010100110101111110000111111010110011111110101111011111110110111101101110111111110101101111110110111111111100110111111110100110111101110111001111110
1011111101111011111111011001010011001010110010101100111010110110001101010100111010011111111111010101111001111101111111111001110101110011010010111111110111010111101101110100101110010111010110101011111110011011111010111101011101111101110111101111101111011011110101010111111111111111011011011111111101101011111001
1111111001110111111111110100010111001111011111011111110110111100111111011110110010111111111111011111111111010110011001110111011011110101111100110110110101111010111000111111011101110000000011111111111111011111111011001101101111111110111111010110100011111111111110111111111001111001010011101001001111111111111111
1011111111111101111011111101110101010011111011011111001111111111110010011101110011111111111101110110111001111101111111111111100110001101111111011111011111110111111111010001110111011101111011001111101110110111001111111111101110110111111101111111110001100110101011010111101111111010111111111111001111111111111100
1111111110100111011101100111111011110111111111111100111111101111101111111101110101100101010111111111110110011111111111101111101101111100101111111110111101101111111110111011101110110111110111110001111111001110011110111110011101101010111000111001110111110100111111111011101111111111111011101111001111001111111111
0011101000101010110101111011111110111111111101100111111111010110001111111110111011100101111100101111111111011111011111111011100110111111011011011111110111111110111110101110011011111111011101011111110101111110110011011111110101110111101110110010110000011110101111111111111101101111111111101100111111010111000110
0111111101111111010110100111111011100111111011000111111111111100011101111010111111101111011101101111100111111110011111111111110111101111100101110111110111011100111111011111111010110101100111010010011111001001001101111111111110101111011110111111001110101101111011111001111011111011101111111110111000011111101110
1111011110111111011101100010111011111101111110110111111011100111010101011011111001000011001111110110111111010101111111110010110110011110001100100111011111111101011110011111101011010011010110011011110111111011110111111011110011111111011011111001011110111011101101100101110010111011001101111101011111011011011101
1111101111111011111111011001011111111111111111001111111101011111111011111111011010111111100110101111111111111111111011111110111111111011011100010000011111111101101011111111110111001011011011110010011111111011101100111010111111011011111011011011111110011111011110111001111111111111101111111100111110110101101111
1110001010111111111101111011111011111111011001110110110101111101110110100111110111111110110101111010111111111101111110111101011111011101111111111110001011010111111111111111011111110111111101111111111011011101111111111110110010101111110111101010101000011110110001101011101101111100111101010111110101111101101110
1011111111110111101101111011011111101111111111101111111101110110111010011010011110101100111111111100101110111110111101101111110111110111011111101011111010110101101001111011101111111110111111110011110111111111011111101101111100010011111111101111111111111110011011111111111110110111111111110111011101111110011111
1101111111110011111111111001111111101111110011110011011101111110101100111001111011101101111010111111011111111111111001111101111011101110111110011000111110111111001111110111111000011101111101111111110111100011111111011111101111111000011111111101111100111011111111111111110010011000111111111111101110110011111110
1110110110100111111110110111101100011011111101111111100101000111000111101010011011111110111100001100110111110111011010110101101111111110110110110011111011110011111011101011111001111111001111111010111111110110111101011101001010101011001110100111111110111010011111101101111111111110011111011010111100011101111110
1111011010011110110111111111110101101011101110100101111100111110001111101010111011010101111111101101111111110111101111110101111011001011110111011111111011111011110101101011111110011101110010101111110011111101111100101110011011110000011111010101110010111011110111111111011111101100011111111110111111110111011100
1110111110111111111111111111111100110110010110111100010111111111101101011111111011111110001111111111011110111111110111111111100011111011110010011111101001001111010111111101111100111111011110011111101110101101110011111101101101110011101011101111011111111011110100011101110111111110001111111111001110111000011000
0111100111111111111111111111111111111101011111110110111111111111010011111011111011111111010111101101111011110011111111111110010010110111011110111111001010011111111111010111110111011111011011010110111110110111111111111110111110110100111111101100111111011110110100110011110101101110011011110111110111111111001001
1110111110111101011111111011101111111111100111101011111011001110111011111111101001011111111111111101111101100111111011011111011100011010101111011111111101111111101110011111111111110011110101011111011111111101110011111111111101110111111111110111101111111110110010111100000110100111101111111101101101110111111111
1010101011110011101001111111111110011101010111111111101111011011111101010101011101111101111111111111010011111111111101100110111110101001001001111011001101010111111111010111110111101111010101111011111111010101101111101111100011111101101111111011111011111010101011111110101111111011101011111111101111111111110111
1101011111010110100111010111010111011111111111110001101000111001111111011110111111111111111111111111111110111110011011100101111111010011011111011110111111100101010011111111101011111101000101110001111110111101101110111001111001001111111100111001110011001111101111111100110011011001111110011110101111111111101111
1111110110101111111111111111101110111111111101111111000101110001011111110110101110011101110111011111001110111111111011000011111110111111111111111111111010001111110010111111001100110000011111011111011100011111011110100110110110111011101011111001001101011101110111111111111111111001111111100001010100110111111011
0111111111101101110110110101111011111111111110111111010111100111110001000011011111111110010010111101101111011110111111111110000001110111110111010101100101100100110111011111111111101111111111011011111001001011001101100111001100111011010111111011010101011111001111111111110111110111111101111101110110011101110100
0110111000111111111011001011111011111101011110110111110111111101011111111110111101011111011111110111011101111011111111101111011011111111110111011111101100011111111111001011111110111100111100101111101110111101111101000101001101111111110010110111100110111111101011111011110011100111011111110111111110111110111010
0001110110111011010110010111110110001001111111101111011011011011101111111111111010111110111111111101111101101011111111100111111111111010111101111101000101111111100110100100101101011101111111111101011110011111111110111111010011011111110110111110111111110100011111111111110111111111011101110111110111111000111111
1111001111101110010100011101011001111101111110110110111110001111101110111110100011010111011111110111111111100011011111111101111100111110111110111101110111000110110011111011100011001111011111011100111011010111110111111111111011101111110011111101011111111110110111011011010101111111111011111111011111111110110010
1100111011111101111011111111011111111010101111100011011111101011001111001011010101111101110101001111111111111111101111100111111011111110111110001110101111111011110111100111011111111101100110111011110011111011110110110111111111101111010011001101101101101110111000110110111110011111101111111111011111111110110111
1111101111011000011111111111111001111111001111000101111011111101110011111011111110100011111011011110101101110111111101111111111111010111010111111011111101111110111110111111111011101001111110111010111110111101111011011111111101101111110111110110111111010111110110110111111111111111110111110001110110111011111111
1111001111111110000011010111101101101110001010101111111011111011011111110110101110011100111111111111111011011100111111011111011011101110111110111111111111101111101111111111011111111010010111111111011111110001101111111101111001111110111111111101001101111111111111011111111110101110111111111110111011010111111101
0111001111111101111100001100111111111111101011101111111110111111110100011011111111000000110011111110101111111001110100111111111111111101111111011010111111101111011111111111111011111111011110110101111100111111111011110011111111111111011111110010011011111111101010111111101111101111110111101011111011111100111111
1111111111110111110110111110110111101011001011111111111011111111111111100111111101111110010010101111001001011011011101111101111111011011011111110010001110101011111111011111011110111011100110010011011111110111101111100011111100111110111101110110111111010111111111111001100101101110111111111101111111000010111111
0101101111001110101011010001111111100110101111111111110101010011111100011111011101010100110011011011110111101011111111111011111001111111011100110101010011011111110010111101010110111111011011101111011010111011111111101111111011111111111110111101100101111111111110111101111111111100111101111001110011101111111000
1111111111111101000111111111111111111011110111111000011111111111111111111111110111111111110101001100011111011011101101101111111111101011111011111011110111111110001101111101111111111100100111111110110111110011111111111010111100101100111110111001111111111111111001011111111111010101111111111010011011110001101010
1011111111111111110011110111010111111011110110111111101011001111111111001001011111111111101111011011100111111101111111111111011111111111111101101110111111101111001011111111011111111101100011001011111111011111011111001001111001111110111111111001111101111110111101110111011101101111011110101111010111001111111101
1101110111111000000111111001111111111001101101101111011101011011101011100110100111000111111101111111011011011011111111111110100111101100011111011011001001111111111111111101011111010011111011111100101110010101011011001010110010011110010011111101010010111111101111111101110111001111100110111111111111011111001111
1011101111101001011111111111111010111111110011010000001100110011110101011110100100110101111111111111111111001111011111011001011011111001110001111111011101101111111111111101111111111101110111101011010011110111111110011001111111001011111011011101110110110101111111111110110111111110111110111011001001110011000111
1110111110111111101111101111011110011111001001111111010111011011100110111111011111101100001111110111110010110011000110111101110111111101110111111010011001010011100101101110001010111111001101111111111011111100111001110011110011111011111111111101111010111111111111111101011111011001011101011011010111001101100101
0111111001111111111011011110111101101111111111111010010100101011111101100010011011111101111110011111010010111001101111101111111011111101111010111111110111111111001101111001111111111101001111111101111111010111110111111011111111101110111010111011011111111111101111111101111111011111111111111111111111111110101100
0011111110010101111111110100111011111111111111111110110110101000001111110011111111111111011111011111110110110111000111101110111101011011011111111111111111111111101101110111111111111101011111011101111010111111100001111111110101101110111111110110101110111001111111110110111001110010111101001111001010111011011110
0100111110110111001110010110011111011101000101101110111110111101111111101110101101111101101100110111011111110101100111111111101101110111111001111111001011111111111110011011010111011110101001110111111111111011111111111011110111111111110111111111101101011111111011111011111101111001111010111111111101110011111111
1111010010101100111010110110001111001110100100111010001011000011101011010111111111001010111111111100111111101111111110110011111111110110010011110110111001110111010110011111111111011111111110111110101000011111101011011110111011111110111111001111101011110001111111101011101111101011110011011111101111111011100111
1111101100111110111111011111011110010101001111110011001111011010101111111101111110111011111000110010111110100111011010011001111111111011111101110011011000111111111101111111101011101111111010110111110101110110111001100111111110111110001111101011111011111110111111110110010011111111011111011001011101110111110111
1101100111110011110111100111101011111110111001111110101111111111111110110111101111111110011111110010110111111111101101101110100111111100111110111000001100101101111011111100111111111010111011101111101010111100111111111111011001111111110111101111110111010101111101101010111111111111101111111101101111100011111110
1011111011111011011101111111111111101001111001100111011111011011111110110101101101100001101111101111010110100011111110011001110010111111110001111111110111110111011011110001111110111111100110010110111011100111110111111101111111111111111110100010111111111111111111101011111110111111101101111111111110111011100111
1001111001111101111111111110111011111111111011111011010111111000001101111110010101100111111011111011010011111111111010101111111101101111011111111101111111101101111010111110111110110001101001111110101110010111100111110111111111001101100101011110101001111111111110101011110111111011011101010111111100101111111011
1110110111111111110011111011011111011010111011111001110111101011101100001011100111011101011111111110001111010110011100000011111101011010110110111111100001111111111110110101011111001001101111011111011110110011110111100111111001110111111111111111011000111111111110100111010011101101111111111100111000010101000111
1011101111111011111111110011011101111111100011110110110101110011111110001011110110111110111111101110011100101011011101101100000110111110111101110110010111111010111001110111011111011101111111101111111011011111011111101111011011001111110111011011111110111001111000111110110111111010111110110110010101110001101110
1111111011111111100010011111111011111110110111101111110101111110111111111110111111001111000111111101101111101110001111111111111100111110011001111111111110011111111100011111111110101111111111110101111011011110101011111110110111110111111101111111111111101111110101111111111111101101011001110111111110110010111110
1011110111111111111111011010111111111101111111110111111011010110111110111111111110001111111111101011111110111111111110111111101111100111111010111110111001110011111011111111011111111101110001110111110101001110000111010111111101111111111111101111111110111110111011111101111111011110111110001111100100101111111001
1111001111110011111101101111111111011000111100111110111111110101111001101011010011100111111111110110111111111011110111101111011111111011011111110111011111110101010111101101111111111111100111101011001001111011011111110011010101111011111011111110101111111111111111101101001011111011111111110111111001011111111110
1111101110101101111111110110000111111111101111101101110110111111111111111110101010111110101010011111111111011011010111101010111111111111101111010111111110111100111111011000011001010011111111011111011110111101101111111101110011001111101101101011011100111111101101111110110001111011111110111111111110111111111111
1110111110110110100110101001001111111110110100101110010111110111101101011111101101101101101110110110001101010001111111010001011111010111111101111110011111100111111110111011111011110101010110111110110111101111111110111110110111111111111111110110111011111110111110110111111011101011011111111110111101110101101111
0111111110011111101100111110101101110110100010111111011010011110111111110111010111111111100101000111111111110111000101100100110011010101111000110011111011110110110111010001101111111111011101010111101110111011111111111100110100110111100101111101111110011101010111111110111011011011110011111100011110111111110111
1101111101101111011011111111011101111110110001111101011101111011111111111111111110110111111111101111010010011101100011110011111101001010111101011111111011011111011111101000101111111000111110111010110110110001011111101111111101010110111111101001111111111110101101111111011111111111001011111010001110100000011111
1111110101001011000110111011110111111110101111111111110111101101111101101111101110111111111011111101101010111110110100101111111101111111101111111111111101111111101111100111111111011100110111111101111110111111101111111010001111101101111111001011101101101101111111101100111111101001100111111101111001101111101111
1101111111101111101111011111110110111101101011111111110111101111111100110011011011001111001111111011011111101011111111101111111111111111111111101111101110111100010110101111101111101111110111111101110111111111110111110111110101111011101001101101011011111100111011101101111111110011101111111111101101111011110111
1111110111111111111111001101111110111011101111010111111011111111111111111101111111101101011101111101111111111110011110110111111011011111111100111111010101001111110111111101001101111110011111111110100101111111011111110111101111111111010011101011111101110111110011101011101011111010101111111101011101111110110110
0110111001111101111111110111010111101001111110111001001100101100000101100111110101111111111101001011100000110101101111111110111011011111101111111111001111100001111111111110011010111111111101110111010111111001011111110110111111111011011111101011011101111100111110011111110111111110001111101101111111111011111111
0111010111101001101001111111011101111101101110111110110101111111111011100101110111111111101110111011011111110011110111111111111111111110111110110111111111111110110111110111001111111111011011101001111111111110111111111000111111111011111101011101110111011110111111011111011111111101101101101111100111101111100100
0011011101011101110110110110111111111110110111100110101101111011010011111100110101111111100111011111010111101111111011111110001110111111011010111111111111111000111000100111111111100000111111011111101010111001011111111001110111010100110111111111111111011110110001011111111100111110011111100111110110101011111110
1111111111100011101011111001111111111101110111110101111101101111110111110111111111111111110011011011111110101101111111111110111111010101100111110110001111110111111001111111111111011111111100111011111111011110101011111011101011111111111011110101011101110011111111111111001011011111110111111111101101111111110010
0111101110110110011110111011111110111011010101011010111111111111100111111111111111110111101111111010110101001111110111111101010111001010101111001111111011111011111111101011011110110011011011011111101111111110111111111100111101110110111110011111111101111111011111111111101110110111111101001110111111011111101111
1011110001111111110011100111101111011011111111101011111101110101111101111110111110011111111100111111111011001101011111100011011111110111110100111111101101111110101110011111010111111011111111011010111111111011111101111111011111011010110111111111100111011010010111011101101111101111011101111110011111001011011111
0110111111111111111111111111110110111011111101111111110110101111001100010111110111110101110010111110111110011111101111110101111101111111001101101111101111111111111101111111111101111101111110111011111111100110011001110011110101111100111111110011011000011011111111000110111011111111110011100010011111111110110100
0111111000100111010011111111111101111110101010101111111011111110101101011111101111010111111111111110111111110011001111111111110001101011111111011011110101011010111110110101111111101110011111111111111011011101111111111111110110111100010100100010111111111111010101111111111011011111100111111001101111111111110111
1111101011100110101010101111111111111110111111001010101111111110111101011111111100111010111111111111111111110011011111110110111111111111011111110011111110011111111111011011101101111111111111101111110111100010101111111111101100111011110101101110110111111101111111011111111110100111111111110011111101011111110111
1111111111011111111001011011111101010101111110111010111011010111111111101100111111011101011111011111101111011101101011111111111110011101111111111110111111111101110011111101110111111111111101111111100111011101001001101111111111010111110111010001101110111111010011111101011110011101111011001111000011110111101111
1011010110011111111101010111101011110101110101110101111111101011010111111010111111101011111110100001111111111010100101111111111111101110000111111111111111011111111100101111111110011010111110011111111111111101111111111101111111111101101110111011110101111111111110011110111101011011111100101111111011111111111111
1010011111110111110111111111111001110011111111011100111111001101111111111101111010111110011111100111101111011111100111111111110111101111011111111101111100110110011111111110011111111011111110001101101111101111101111111011100111110111001011100010111000111011111111111101111111101111111110011111101111111101110110
1111011111110011111111111111101101111111101100111101101101110111111111011111101111101101110111110011111101111000111111111111111111111111111110110001111111110101011111110101111110111110111101101111110011111110110010111000011010111110111111010101110011110010111111101110111111011100010111111001011111110011111111
1111110101111001111111000111111110101111100110111111110111111110111110010110111101110110011001110111111100011111111011011011111001110101011111111010111101010110110001101110111111011111000111111111111111010111000110101110011111110111100101011101111011001111111001011110011111101100101111101101111011101001111110
1101101101011100111111101111111001110101010111110101100111001111111101101101001010100111111110101010111011010111111110111001000111111111111010111111101111111111111111110111110111010011111010011111111110110111111111111111001110110111111101110101010111111101011101101101111111111101011111111111110011111111111111
1111011110111100111111110111111011101011101010111011111001110110110111111100011110010100011010111111110111011010111101111101111111011110111111101110110111111111011011101010011101001011111111111111111001111111111011111111111101110111110101011111011101111111011101111111111111110111111111101001111011110111011110
0111001000110111111110111111001000110111001011111110011100011111111100111101101101111010111111010110111011111111111111110111111100111111011111111111111010100101111101111011101111101111101001010110011111111101111011100111110111110111010100110001111010010100111110111111111111010101110010111011111111111100111111
1101011101111111110111011110010100111111111111111010101001011011011011110100011101110111010111010111100111111011100011111110011111111111011110010110111011101111111111111011110111111110111010110111111001010111101110100011111111011101111001111111111111111111111001111111110100111111101111110111111101001111100110
0111101011110110111010111100111101100000011111010101100011110011111011111111111110001111101011111111011101111110111100111111111001111101111001101001110100101011101111111111101011110110111011111001101110001011011110100111111111101111111110010001011111111011111111111001001111111001111111000101111100111111101101
1101111111100010110111111101111001110111111110110101111110111111111011101111111111111011111010111010111111110011010111111110000101110111011111001111111000110001100111111110001011101011110001111111011111110111111111111101111011110111110100111011111110001110111011101111111110111111101100111111101111010101101111
0011111110111111111111011100111111111010010011100101110111101011111111011100111111111010111111011110110100111011111011111101011111111011111011011111111110010111101110111111111011101011011100110110111011011110111000111111111101110110111111110010101110011011111110011111100111111101011111111001110110111111011111
0011111110111000111111010111111111111111111101110110101111101111011011111111111100011111110110111111111111011011101111011111111110011011111110101100111111011110111110111011001010110100101111111111101111110011111111001111011011101101111111001111111111011111101111110011111111111111111010111111011111101111111011
1101111011110111010011101111110000111100101110111110111110110000110011111000111011011111001110001111011010010111111111100111010111101111111111001111111001111101001111011101111110111111011001111101101001111100100001101101101011111010110111110101111111011111011000000111101101110110111111101111110111111111111111
0111111111111011011101111101111111111011101011111111000011110110010111111111100111110110111011101011010001111101111101111001111111100101000011111111101101011101010001110110110001110111011111101101111111011111011010101100101111011011101111111110001111101101101111011011111011001101000001110110101001111111111010
1011101111011101111111111111111011111111011001111011011111010110101101011111110101001011011001000111111111100001101111111111111101111101101101110010111011110110111111111110011111010010100111110111001111011111111111011111111110101101101111111010111111101001111111001110101011111001111101111000111110111101111111
0111111100111111111111010011011101101111110001011101111111111010111101101111110101011111111111101101101011011111110101101110111111101100111011000111110011111000100101110011011101101011101001011111110110011111011011011111011101101101110101111111100011111111111001010100110110110111111110111111111000011110101000
1111110111111111101111111111101101111001111100111011011101111011011001110110111011011110101111011011111110110111111110110110101111111011111111010010011010101111111110111111111111111011111001100101011101011111011111111110111101011110111110110111111111111111111111111111111110001111111101101111100111111111011111
1101111011111111111111101111111100011110111011111111110010011011111111111111111111111111111111011111001111011111111111010111111101111110101111011111101110111011011111011111011101000011011111111101011111110111101100110100110111111111101111010111111111110111101111110111011110111111111101110111110110011001100111
0110010010111110110111110111100111111110111111111101111111110111110111101110110101111011111111101111110111011011110110001111111011011111111111110101101111011101111011101110011100110111111111101111010111111110110001111111011111111111010111111010111111011111110110110101111111100111111111111110111110110111111111
1011010101111101111111100011110100111111101111111111111101011111100110111001001100001111111110111001011001111111011011111010101011101111011011111111111110111111111111101001011001111110101010001011111111111101111011110111000110101111010101111011101101110111011111100111111001110111000111111111000100111101001111
