11011111010101111110101110111011111110111100110110110111010011111111101110011111111111111111111101111001011011011101111101011111010111101110111011110100110001011110101111011111011110111001101111110001111011100101100011110111111111111111001100111111111111001011101111111101111001011111110100001111100100101111111111110101010110111111101011101111110010111110010111110100011001111111
10011011101111110101111111101111111010110100111111111011110111111111111111111111110111111001100111011111011111110101001111101110101000111111111101111111111011001100111111111011110011111110111101111111110111111110111101111111111111111010101111110101010111111110111101111111110111111111111111001011101110101110111010110111100111111001010111111111111010111111011010011111011110110011
11111111111111000101111001111100110111011111101011011111110001111111001001010011110100111110011011100111011111111111110110111010111111111001111011111111111110000111110101111010101111110111001101101011111101111101001111011011111110011111111011001011111111111001111110111110111111011000001101111011101011111101011111100001011001111100111011111110111100110001111111011100101111111101
11010011111011100111111011110011111010010011111010111101111010010001101100011010111101010111011111011111011101101111101111101000111011010110111111111111100101010111111111110101101001111100001101111011111110111001000011111111101111011111111010111111111111101111010101101011010100110001011110111101101110011111111101110111111011111011011110111000010111001011101111101101011010110011
11011010011111000011110111000110111011111101111111011101111111111111110101101111111101101111001011001110001111101010101011110001100111111111011110111111110100011001101101101101110110101111111110100110011111011111101101111101000110111111111010110110111101111101001101110011011101011101101111001011110111111111011110111111111111111011010101110001100101111111110010110011111101110000
11010011110101101101100001101111111110111111111011101111111111111111110111110110101111111111111111110111111100010110111110111101100101011101111111101101101011111011110011111111111110010110011101111011101110000011011111101111111101100011111111100011011111111011011001011111111101111111011111100001001111011110011111111100111111111110111110101111111111011110010111110111111101101110
11111111101111111101011111111011111111110101101111111111111111111111011101111111110111101111110100111101101111011111011101111111111011110110111111111111101111011111110100011111111111111101111011111011011110110111011011111101100001101111111111101111111011010111001111110001111110011110111101111111101011111110011111111110101101100111010011011101111111110111011110110110111011011011
11110111111111110100100011110110000110100010011010111111110011011110111010111011110111110111100111111111011011010101111101101111011110011111001111111110110101101101111111101101110011110110011110111111111111111101111011010011010100111011011001110011111011111010101110111111011110100110111001110110110111101011110111111111111101111011111111101111110110111110101010111010111011010101
11111011101111110111011010011010111111111111110101111111111000001111110111101111110001110011110110110110011110111001011011110111111111111010011110011011110100111101111111111110110111111110101011011101011111101111011011110111111101011111101110111101111111011101111111111111011111001110111110101111001111011111111111111111111111101011111100011011011011111111111101111011001110110111
11111111111001110001011111101110010111101111110110101111010111111011111111000101111011011101011111111111111011111111011110010111101111100111111110011111001111111100111111110110111111101111011010111011011111111111011111011001111111011111101111011101001001111101101001101111111111111101111111111111010100101110111101111011111111111110111111101010100101001111111101111111111101111111
01100110111111110110011111011001110111100101110010111111111001111000111110101101011011111101011111111010011111101101010101111000110111111011011010101110111011111011011111111110111111001111100111110110111110111111011111111111101111111111111110111111100101001110101011000111100101111101011011101101110111111101111111111111100011101111111111111110111111100101101010111100111011011111
11111100111110010011110111011111111101111100010111101111001011101011101101111110110111111111111111111110010111111101110111101010011011110110011011101101010001111111011110111011111101111111110111111101111111101111110110001101110111110101011100100101101111110110111011111011101011000101100100101111111111100011111101110001101001011110101110111101101101111011011111111111111111110001
11110111110110111111011011001110111111110110111011100011110111011111111010101110001101001011111111111111111011110101111111110010101010110111101111111001110111110111001011111111101111101110110111001111011101111111010111101011100110101111101111111111101111110111111111111111101110111101111110111111110111011011111011110011110011111111111111110110111011111110111111111111111110110101
01011001111111111101111011110111111110011010111101110100110110111101110100011111110111111111110110111100111111110101111101111111111001111111101110111100011111100111001011011111111110110110110101111111111111111011001111010011101111111010110101001000111111111011101011110111111111110111111111101111001011011110111111010111110101000111101110011101101111101111111011010011111101101101
11101101111110111011110111111111111111111111010111001110111110010111011111111111111110110101110101111111010001111111101100101000011111110110100111110011111111011101111101110110111101011111111111110111011111111111101111111110111111011001111010111111111001111110111001111010111101101111101110011110110111111111110111111111111101111111001111110111001011111111110111101111011011101111
11111100001111111111010110111111110111011111010001101011011000000101011011001111010110011110110111101011101100100011111110111101111010111110011110011011011001001111111101011111111111010111111111100010110111101111101101100110001111001000101111010101011011111011111011101011100111100110011110111110111101111111011111111111111111100001111111111011011111110101101110101111011101111101
11101110010111011101111111111111110101010100111101111010111011111010011111110111111111111111110111101111101111111111011011111011011110100111111111111111011101111111111111110011110111111001101100110011011111001111101111101101110111101101101011111111111111110111101110111101111111111101110111011111001111111000010111100011011101111111111101111011111111110110010110111111111101111100
11111101101111111111111111111011011111111111111110111111110101111111111101111111111001110101111001111100111110111100110110110111011110011111110001011110101111101111110111100011101111110111110111111110011101111111000101111111111011111010011111111111000101101101111111011101101111111011110011011011111011110011111000111101110110101110100011111111110110110101111111000111110111111011
00100111111111011111011011011111110111111010110001111110011101100011110110101100110011111111111111010111111111111101111011011111011001110000111111101111111010111101111100111111111111111111111101111011101011110111111110111011111111111101111111111101111111111111111110101011111111111111110100100110111101110010111011111101110111011111011110111101111110101011101111101111111111111111
01111111011011111111011010110111111110011111111111111010111110111111100101111110100111111111010011001111100111010101111010101111111101111101111101011111001111001010010101110111101001101111111110110011010100111100110000011011111111110111001011101111110111110111111111111111011110000111110110110101011011110011011101011111101111110100101010110110011011010011111110011100111011001101
11110111101111101100111001111111110111101111111110111111110011101111101111110000111001111011111111111110110101011101110101000111111111111101111111111111100010100110101111101110011111101111101011110111011111110101111111101111111101110110100111111001111011011010111000000101111110011111010110101110111011110111111111110111011111111101111010111101011111110101110011111110101100101111
10110011111111011011111111110111111100111011101111110111111011110111110111111111010111101011100110111110011111000011111111001101101011111111111111011110100110011111011101101000111110011101101101111110111011111111000101111110011111101011111111111100111111010111010111111111111111111110111111001111111110111111101011111111111111111110110101001101111111111011111011111111111010111101
00110111111111011100111001111111001111100111110011110111111111011001011111010111111111111110111011111001011010010001101111101111111101010111101110111101011111111101111111111111001111111100011100101111111111111111111011110100111100111111110101000110111111110111001101110111111111011111111011111111111111101011111111111111111101110111101110111110111111111111111111111111011111111110
11011111111100001111111111001101001111111011010111011110100100011101111111011111111111011110110110111111110111101111011001111111111111111000001100111011111111011110110111011110011000111111101111100111101111110001011111111110011110111101001111110011111100111011111110011101111111011111110100111111111010101111101101110101011100111110010101011110111010100111101111010101011011111111
10000100111111111110010111001111101111011100111010011110011111100111111111001100110101101110110111111111010111111110011111111111101100011110111000111111110101111110001111110011011011101110100111101111111111111011111010010011110111010111111011100110011011101010101110001001111111101111111111111111011001111101110111011011101110100011010111110111100011111111101111001001011101011010
10110000011010111100110111110001111111101111111110101011111001110011011110111111011110100100111011101000111111011100111111010111011111111111110111110111011111111010110111011110111111011111111111010011110100111111111111010001111111001101111111010111011110111100011111010111111110111110111111101110111011101111111011111111110111110101111111100110100111111111111110010111110101101111
11011111011011111001101110111010011111111000111101111101111110111111100110011110000101100111111111011101111110111110101011111111001011101110011101101101101101110111111100110011101000111111011101111001101101110101100010010111101110111111011100001110111111111111110101111111111111011100111101101000101110111111011111011001111110110110101110100111001011111111101011110011011010001010
11001000011010011011110111111110010111011001010111001101111111111101111110111100010100110101111110000110010101111110111111111101101110111111111111111100111111010011111111111111100011101100111101101101111010111001011111001110001111111111111111011001111101101110111011101101110110001010111011111111011111111111101111111100111111111011100100001111101111100110011111101011101101101110
00111011110111110011111111101111111100010001111101010111111110011011010111111111110111110111111111101111001111111001010001110111011111011110110110111011011111001011111001011111100011101000011111111110110011111111111111101101011110110111111111111001011101000111100111110011110101011110011011111111011011010001111111111100101111111110101110111111011100100111111111110111011101011101
11111100001011011111111111110111011111101011101101110101111111111100111011101100110110111111111111111111111111111111111001111100111001111111110100111011110111111110110110101101000110111011111110011101010111110100110101111011011001110001100111101111111101010010111111010100111111101111110001101110111111111111111111001010110101111101111101011101101011011011111111110001100101111011
11110111111111110001111111011001111111111111011011101111111111011110111101101110011110011111100011111101111101111111111111110011110110100101011011111111110111011111010111111111101111101110110110101111100110111110001111111101011110111101011111011011011011011101101011111111101011111101110101111110111001111010111111001110111111010000111101010011111110110111110111011011111011101111
11111111111111101111111010101111111000000101111111010101011101011111011111110111111110100111110110110110100110111001111111011111111001001101011100111111001110001110111111011111000111101111011111001110110000011110100111110010110001111111011011110100111110011101011101101111111111111111101111111111111111111011011100110110011010111100101101111010011110111001111011101111110101110101
11111011001110111111111111101101011100111111011111110111111111110101001011101111111101111111111011001011101111111101110011101000110111101111111011111011101111110111111010111011111111110111110111101101101101001110110111111111111011010111011110110111110111111111111011111110101111111111101011010111011010111011101011101101111011111111111110111111111111111110110111110111110000101111
11111111101001101001101111111111010111101011111111111011111011111101111001101111001111111011101111111111110001110111100100110111100111111011111111111011110010011110111110110111011110010111011111111111111110111011011001111111010011111110111111111111111011111111011011111111101111111011011011110101011101111111111111111101111001011101001011011111111111110111111111001011101110111111
11111111100111100100100011111100111111011111001010111011010011010111100101110110100111001101111101111111100110111111100011100001110011111111101111111001111111001011110010001100011111001001111111111101101110110110101111011111010011111111011011010001111111101101101011111110101101110011101101101111100101101101110011111111110111011101111111111111100010011110101011111111110011010110
01111111111101101101111111111011111111111111111011111111011011011111111001111101101001110101110111011111101110111011111111111010110001111111111111101011101110011101011111101111101111111110111110111111110110110111010101111101101011011111111110110110111111111001111111111011011111111111111001111111100011101011101111001111111111010111111010111111111011010111111111011001111111100000
10101011111011111011101101000111111001111110111101111011011000111101111111110110111111111111001111111111100110100111111111110011100001111100111111010101111010011111101111010100111110100111111111111101111101110111111111111101111101101011101110101111111101011101111111101011111111111011111111011110001100111111100111111111111011111110111111011111101011101101110110010111111111100111
11011111111111111101111111011111011101011001111101111110011101011101111100110110111101111011001011000101101101110111111101101111110111111111001111101111111111111111001101111011110111101111011001101111111110111111011111110101111011011111010100111111001101010011110111111111011111001111011101101111101111010110111111111111011101010111100100110001011110000111110111111110111011111111
11111110111111001111101111011111101100100110101111110111111111111110011111110111010100011010111111011000001111111110110010111011111011010111011111111111100001111111110101111101001111101111001111111110110011111111111110111011111111111010110111111101011110111111011011111110100101011011100101011000011011101011111111100011111111110111101111101111111111110111010111111101101101111011
11111100111101101001110110101101111011111111010111011100011100111110111101011111111111111110100110110111111111101111111011111111111111011111101111111111111110111011101111010011011111111110011111011011111111110111111110110111011111110011100111111000011101011111110001111101111111010011001101111111111011111111111011111111110101010111111011101111111110101111110111011101011111110110
01111011011110011101111101001001111101000111100101111011111011110111111101011111011111011100101001111101011110010001110110110111010111110010101100001111101111111111011110111111111001001111110101110110011111111110110111111110001111111000100111110111111011111101111111110111110111111111111111111111010110011101111011111101011010111111111111111111110011111011101111111111111101111111
11111111111101101011111011110101111101111111101010011110111100010010111011010001111111111110001110101011001110110111101111011100111011011110111011011110101001111111110001011110111111110011011111001101011101101111101101111111011111111100111101111000011111110010111111101111010110011011111110111011011111110001110111010000101110111011100110111010101111111110111111111011010011110101
11111111110011111011111011100110101110111101111101111101110001011111011011101111111101100011011111110111101011111001011111001111111110001101111111011111001111111101111111101010111110111001111011111011111101110111111011100111111010111111111111111010110101110101111110100110010110110011111111110110111110011000111101111111011101011010010111111001010110110011100111011111111010111111
10111001100111110001111111101101110010000011101111100110011110001110011111100111111001011100110111111111111111111011110011111110111111111111111110110110011011100111111101111101010011001111111011101110101011011111111110111111111111101111101110111101111001110111111011111101000011111111011111001010101111110010011101111001011111111010101111111100011101111100011111111111111111011011
11111111111001111111011010011111111111100101010111111101111111011010100011111001011101011100100011111001110111110100101111100110011100111000111110110110111111100011111101101111111111110011110111011001111011100101010111110011111111110010110111011011110111001111110110010110011110011111111101111011010011011111110011111011110110101110101111010011111011111011110111010100111110111111
11111101001101111111111101011111110111011111101110011111111101010101111110001110100111111011101111111100111011110110101111111111010111111110011111101110101101110011011110111111111101100001110100010100111111010101110111111111100111110010101111111011111111111001011010100110011111111001100100111110101111011011100101101011111111111111111110110001101111110001011110101111111111011101
11100111100011111001000110001011101111111010011100111100101111110011110011111111011101111010111110011111100111101011111010111111000011100111101111100111111111111111110111011011110111111110100011111101111011111011111111011110111111111111111001111110011110111000110111110011111111110111111111001101101011111101111101111010000011110111110100111111101101101001111011110101111100011010
01101111001110011100101011000011111001111111011111011011011111111111110101101010111111111111111101101111001001101110110100101111111111111110101011111011110111111111110001110011100011111101111011101001101101110110111111011111110111111111111111111111111111111101001101111111111111111001001111111110011111011011100111110111001011111111111101111001000101111111011111111111111111010010
11010011111001100011011011111101111101111111001010110111111001110100100010111110111010111011111011101000111000110111010010111100101101101110111110111101111111011111010100011100101111011011010111101111000110101011111000011101100011111111011111111111011011011101111100111111011110011101010111100101111011101011111111110110001110111111111111111011100101110101110111111101110011111111
11111110111111010111100101111101110101111110111011011111110011101111111101101111111100011111011101011110100110001111111111010111100011001011101100111010000010111111101110101111001010111110010101111111110111110111111011011110101110111100110111111011011010001111110111111111101111111100111110000001111111111111011001110101101111111001111111111110111110111110001101001101111100100111
11111100001011111111110111111101110110111111011100111111110110111011100111010111111010111111011110110111010111011111101111111111101011111010111111111110111101110111110111111110011011111111111101110111001111101110111110110110110111111101011011000110111011110110011111111111111111110101011110111010111111101111111110110111111111101110111111110111111011111111111110001111111111111011
01011110110111101011011011101011111010101001111111101011101110011101111100100011111101101011001110111011011101111111101011011111111110111111111110111110101011101110100011110111001111101101111011001111001101101110111011111101110011110110001000001111110000111111011110111010111111101011111111111110001101111110101111101011111100100111111111110011111101011111111111110011101001111111
01110101111110011011111111011010011101101110111010111001111110101111110011110101100111110111111100101111111011111011101101011110011101111000010000111011101110000111011111111100011100101111011010001111111101110111010111101010111101011111110110111010111010110011110101111101111111010101010111001101111011111101011110111111111010011111010101101111111111110111100001110110101111111101
11111111100011001101011010000111101110101111111011011011111011111001011100111110111010111111111101111011011111111011111111111011110100001100011011011111111111101111111111100101111011100111101111011011101111011010111101110111011010010010101101111011111110110101111111111011110110111111001101011111111001111101001101101010100110001001111111011011100101111011010100111101101101111111
11110010111111001101011101101011011001111001111011111101100011011111010001111011110111111000111111111111111101011111111100111111100111111111111111001001011111111010101000011101011101111101101110110110101101101010011010111011001010000111111101111101111101111101111111011000111111101111101001110111101001111111100110011011110101111001111100011101010111100001111000111011111111001110
01110111011011011110011111011110001011011010111011101001111011011111011111111111111001011110111011110101110101111101000110111011100110111000011101111101001111111011101111011110110111111111000111110111011111111000011001111001110101111111111111111110011111101101101111111101011111011110110110111110101110111110111010111111111111101111101110010101111111101111101110101111011111001101
11100010011111111111101110101101100111111111010111110011100111101111111010110001111111111111110000111111111010111111101110111101111111111101111111111111111111011011011111111110111111101111111111111001110111111110110001101011111111111111101111111111111111110110101111011110010101111010111101100101111110111110111111111111111111110010101111101111111100111110001111011111101101111101
10111101111100111011110111001111111101110101101011011111011011011111110111000111011010011101110111111101011111100111011111111100111001101110111101101111111101111101111010111100001011010011001111110111101111001110111000110101011110100101011011111111010011100110111101011001011111111001110111101110100011011011110011011001111101111011111011110111101111011011101111111111110111010011
01010111111111101111001111101111111100110110101111101111101100010101101111100110111111111011110111011101010111110111111100111110111011101111100011111110001100010101001011110011111111000111110111110101110011110111111011111001111001100100111111111111111111110011001111111111111111000010111111110000111110111011110111111111010010111111101110101101111101111110001111111110110111110101
11111111111100110001111101111111110111111111001110011111100011111111100100111011101101111111111100111011111110110111111011111110010111111111100101110111010110111011111111100111111111101101111101100110111111011100001111111001011011101110111111101011111111101011100111111011100111100111110111111011010101111011101110101011111111111101011111010010011101111101011111100101111111011111
00011101111110001111110111011011010111111010011011111111000101111011101110011011000111111111111101111101101111101101111101011011111111111101111111111111101101001011111111011001111101011101100111011001101101110111110110000111111000010110010101111111111111101010011100101101000111111001110111111100111101010011001101111100110111111111111101111111010111011100011111001011111111110110
00111110011111011101101100101111111101011101111111111111111111101101111011101011111111011010111111101011111011111011111100010010111111110111111010111111001011101001011101101010111010111111011001001110001011011011110110111011001110111111111110111101010011110010110110111101101010100111111000100101101001111111111110111111110111101111110111101010111111011101111101111101101011111111
01110011111111001111011111101111011111111101111111111111111111100111111001101101110111010110111101111001111011010010111101011011011101111001100110111111001111101111111110111111011111110111111111011101111111111011111111111101011111111111110010111111101111110011110110101100101111001111101111111111011111110111100111111111111111101011110011001111111111110111001111111111111111101111
11111111110111101111110011101111111010011100111001111111111101111100111010111111111101101110011011111111111111111110111011111001110110111111101111110011110111111101111111111111111111101111111011100100111111110111100111101111010011011101011111000111110011011110101111110001111111001010010110011101111111011111101110011101111100111010000111101101110010111111011101111111111111110001
01111101110110011101111101111101011101111110001011111110111011110010111010110111011110110011111111101111101101111101111111100110101011110111111111101111100001110010110111010001001011111001011110100011001111111110111010111101000111111111101111110111111001111111101111101111101101111101010001111111101111111101100001100001111111000110111111001101010101111011111111111110011111011101
10001101011101111101111111111111011101011100101001110010111101101101001101110111001111110001111011111111011010011110111111011111010111111011101101101011111111110111111111111010100110111110101010011010110100111111011101011011011111101111001101110001101111001111111111011000111111111111011001110110011011011111101011111011101101111011010111110111111110101100110111110111111100100100
11011111110110011111110111011100101110011111101001010100110111111111110111111101011101110010101111110010001011110011100111101111111100011110001111101111110111010101000010110101101111001101110011010011111101101011111100011011011111111011111011110110111011111100111111111101111101100110111110111111110010001011111011101111111101001100111111110011111111111010010110011101111101111101
11111111001101011100111011011111111011110111011110011110111111011111111101111011110011111011111110110111101111101101011111000111110111111101111111011111111110111001110011111110111001111101110111101111010101000111111111111101011111111111101100011111011110000110111111111110111111011110110101111011001111011111101001111101111011011001111111111111011110111100111111111111101001100110
11100111011001110111111101100010011111100101111111111010110101011111001011111111111101111101111110111011101111111111101111011111111111101111111111101111110011111111011111010111111111010011111111110011111011101101111110111111101110111111001111101111111111111111001011110011101101111111111011100111111111100111101111110100101110111011110100110111111011111110101011111111111111111111
11110001111111111111010101111011111011111101011111010101111111111011111111100110110111011111011101011101101111111111111111111111101100110111011111100100111110111101010111111001110111101101111111111111111110111110101111101011100111110111011110111110011111010011111011010101111110111011111011111111111101110111111010011011110111110110010110111110101111111101111101101000111101101111
10111111101111111111011111111111111111100111001011101110101101111111111111110000110101111101111100111011111111111111111111110101111100010111001110110111111101101011101110111111011101111111111111010110111111110010001001111011011010111010001101111101101111000111010111011000101111111011111011111101101111000111011011111101001111110111111111001001100111111111100010111011011011001101
00111111100111000011110111111000110011010111101010110111111111111111101111111111111110010110100111111111011101011111111111110001111101110111110010011101101001111111001111110011110010011111101011011101111000101011111110111111101111000111110100100110111111011111101111111010111111001101011010010010111010111001011110100111011111110101000111111111100110011110110000010011011111110111
01111111101111010110111101101110100100011111111101110111111111110111101100110110111101111111110111111111111011110000011110111111010011001111011110111111111101011110101111101110101100110011100111111011101111001011101011010101111111011101111111100111011010101111111111010111111111100111011110110111101011111101111011011011001110110101101011011111101010111111110111111111011111011101
11011110111101011111001111010011111110101101111001111101110111001101110110101010111011011111110011111111001100011111110111111101111001100111011111100001111111011110110101111110110111111111111001010011011011111101011111101111111001010100011101111111111110111110101111111111001111111101100111111010110011111111111111111111110011111010111100011111010111100101011111111101101011101111
11111111110011000110111010101011110101011101101111100011100111111101010110011111010111111111111011100101111111111111101010011111000011111111111011110010110010111101011111111011111111101110111110111111110001111001010011110101011101111101110111111111011101100101111011101111110111111001011101010011111111101110011100111101111110111111110001111110110011111011110100000110110011001101
11101011111111110111101111101111100110111101011111101111111101110111010001101101101111111111101100110101111111111111011111011001101011010011011111101110101011111111101111101111111101111110111011111111111111111111111010101111111111111110011101111111111111111001101111111010111111101011111111101001110101101100110111110111110111111100011011011011101110111000110111111001111111011110
11111111011101001101101111111101101011110101111111110011111111101011111011111111111111111111101101110110111111101001000111110110111011010101011010111011111100011111111101010111011001101111111011110010111111100101101010101001101111101111110111111111101111010111110001101100111110011111111001011011110111110101010111111111011101101010110110111011011110111111111111111110111011101111
11111110111111011111001111111100101000011101101111001111111111101101110011110000111111110111101111111110010101111111011100110111100111100110101111101100111011011111001011110100111110111011111101001100111110111110101011101110101100111111010110101101111111001111110111111111100110100111111111111101110111111110111100111100001110110110011011011111101110111011101111111101101111001101
11001111010111111010101111011011011111011011111111111111011110111111111110001000111111111111111011110011101111110101111111011111101111101101111011101100010000111001101111101110101111100110111111111100011110111111100111111111111111111111111110111111101010111111110001101111110110111101111011111111111011101111111011111111110111110111111011111101110111111011011111111011110011111100
11110111111001100111101111101111111111000111111111111111101010111110111111011111100111111111011011111111111111111100100111111111111111110110110111111111101011111110100111101111111111111111101111111000101111010111100101011111101111110011011011010001111101111111000111111111110101000111111111111111111101011111011001011010101111101111011111001110111100111111011110111011110011011111
11110001011111111111000111010001111111111111011011111111111111111111111011101000101001011111011101101111110101110110110000011111110111101011100101001011111111011110101011111111011010111101111111101111111110111111011111011111110111111111111011111010111011111111111011111101111111111101110111110111110111111111010111111111111010101111111111110111110110101111011011110101101111111101
10100101111111111111101011111010011111111111110111011000001101111111110110011111111001101111111111111111111111110011011011110111111110010101101101010101010110111101111000011011111111100111111110111101101111111110101111110110011011101111101110110110110101110100111101101011100110111100011111110101111111111101101111111101011111110111110110111000011011111110111110110100111110110011
11010111001111111101111111111111110010111101010011101100011111101111100111011011101111001111111111110011011001111111001110111111011111011101111101110011110011100111011110001101001110111111101111110111101111111110011000111111111111011011011011111111111111011111111001111101111110110111111110111111111001101101111101101111111011110011101110110101111111111001011011011011101110101111
11101101111101111011110111111111111001110111011100111111111111111100010011111110111110000111111111001111010111111111111111111101101011010111111111111110110011101111111101101010001111011110011000111001010010101111111110111111111101111111101010111011111111111001101111111011111111101101111111111010110110111111111110101001110010110111001010011111110110001111111111111101101101111111
11111101110110010011101111111011111101001001011111110111010001000010111101010111001101111111100111110111010101111111111011111111111011111011111100111010100010111111110111111011101111101110001111111111111011101111110011001111011111110101011001100001110111100111010111111101111111100110111001101000011111110101001111111110011011011011101111111111111110011101101101111110111011011111
11100111010001100111110111110101111111011101001101101111011111011001011010101111101011011110101110011111101010111111010111101110001110110011101110111101001111100110111101100101101111011011100111111111011010110110011111110010111111011110001010111110111011111111011111101101111100111111111001111010111111111011110100110010100111101110111111011001111111010010110101011111011101000101
10111101111111111101111011111000101111110011011001111111011101111111101001110011110111111111101111111001111111110111101000111101111011111111111111111111111101111100011010111101100101111011101111101010111011111011011111110111111101101110110011101100101110111110011011111111111101111111011111101100111011110111111110011011111111101101111110011110010111110101111110001110001001011111
11111110101001101111110111101011111011111111011101111001111111111100011101111110111111110111111011111111001111111110101111111110001111111110111101111111110110111110011011111111111110010111011011111111110111111011110111101111101111010100111111110011101111011110011110000110110111011110001111111110100111011111101111111111111111101110011011001111111110111111000111111110111111011011
10110011111111010110101111101110111011001011111111101001010111110111010111101111011011101110110111011111101101111101111101010111011111011100000111101101101011100100111011110111111010111111001110111101101111110101111001111111011111011111110111101011110011111011111101111111111111111110011010101011110111111111111110011100111011101110111011011111100111101011101111111011111101100111
11001110111111101001110111011011111101011001111111111110101111111111110111111111111111011011101110111101111111101111111111011110111111011111101111101101110010111111100000101000110111111110010111001110111111011010111111101111111011011111111111111110001111111111111111110111101010111111111111111101111111101100111111101111110011111101011110111110111101111111111000111011110011111001
11011101111100111110010011111011101110111011011111011001101111100111011101110101011010110110110111110101110111111111011111110011111111111110100111111111111111011010001111101111101111111111011110100001111111101010011111110001100101111010011111111011110011111111111000111111111111110111111101101111110111010111111110111111010110110001001011111100001011110101011111111101100101101100
10011100110011111111111111110111111011110001111101111011011011111111111111011111001101111111110111101011101101110111011111111111110001101011110010111011110111111101011111101110011110011111110110111111101111111111111100101111111011111100111111011011100101100111101011111010101001110011111111111100111101101110001101111011111011000011110101110111111111100011111111101111111111011111
11111111011011101111011111101111111010111101111110111111110111111011111101110101111100100110010110110111111111111110111111111111101111001111110100111111100110111011011001110111111011111110011111111011111111111111101111110101011111111111101111110100010011111110111011111101011111110111111111100011011110101110101111101111111111111000111111010111111101011101111011010100110101101101
11001111010111011101111111111111110111101101111001110110111101111110111111110110110010011101001101011011101111111111011101111011111010110101111111110110100111110111100011011111111111000111111011001111010011011101001110111111011110011110011011011110011111111110111010001111100101111111110101001101101011111011101111001011011101110011110101001111111101110110011101011111011100111001
11111111011011111101111011011111101111111011101001011111111111010111110111111100110000110011010010011111011101110101111111101111110011111111101111111001111111110111000111101101011111110110111110111111111111011111111110111011110111100111011110111111111101111100110000011000011111111111111111110111111111101111011111101000011111111101101010111111100101111111100100111111010111111100
11111111110011100101111011011011100001111010011111100111101111101001011011011100110111110011111111110101111110111110110101010111001001111101101111011010111111111101111101111010101111101011111111111100101111101001011011101011111011111010111110101111111011100011101011111000011101111111101111111111010101110001010100111010011001111101011100101111011111111001011101110110101010110111
00001100111100110101011111011011010101110101110110110111110101111101011011111111011010100111101110111101110011111101011001111101111101111111011011110111100010110111110011101111101111110111110111110100100110101111111111111111011111101111011010011100101111101011100010101101111111111111010111101111111110010111111111111111110011001111101001101111011101101111111011010111001110111110
11011111111111110011100010110111111110111111110010011111011111111111110111111111111101111101011011101001101111101111111110011101101101111001111110001011111110111111111110101110111001100001111101111111101110001111110010110110111111111011110111111111101111011111111111110111001111111011111111100101101101111111111111111111101111011111111101111110110111111111011101111111111111011110
11101101111111101101111011111111111101000111111001011001111100111101001100010111110101111011111111011111011111110111001110101111011011111111010010111101111111111001111101110111011111001111010111110111001111110100111001011111111111110011111111111111101011011101101010111110111011111111111110111111101011111111111101111110110011111011100110101011011011100111011111011110101111101100
10101001111011111111111011111011111001111111011011101011101001111111011111111111111111100101111111111011111111001111010111110111101101110010111101001111111011110110111011010101111111110011111110111111110101111111011101101011011101101101111111111110111111110011110010101110111111101111111111111011101000111111110001101111110110110111111111111010000111110101111110111111001101111110
