1011101101101111110011101111110111111111111111111111001111100111011111110111111001111111011111111111111101101111111101111011110011101111011111010100011110110001100111010101010111111011110000111101011111111111100111100111111101111010111111111100101101011111011111111011110101111001111111101111010111110110111001110100111011111111111110011111010011101011111111011111111111011001111111111101111101101101111111111111111111001011011111101000011100010110110011111111110001101111111100010101101111
1111101011101110110111111111111101111111100011111111111111010111011101011101111110011111100111111001011111001110111101010111011111110111111111110111001111111110011011011100011110010110010011000111111001111111010010001111110101110001011111011111111111011101111111111111011111111110111111110001011111100100111001001101010101101101111110110101101011111111111111101111010000111101001110111101111111011000111111110011111111001111011111111111101111111011001111010111110010110110111111001101011101
1101011110111111111101100100100001110111001011111101100110111101101111011111111110111111111110111101111011011111001111111111111111001111111111101011110111111100111111101111111111111111011111111110111101111000100110111111111001111111101111111101111110110101111111100001111110111111111001111111010111110011011111110110111111011100110111111011100110010000110111111101011111111001111111011101110101110001110111110011111110110111101111111011111111011110101010110111010111111100010110111110111110
1111011111011111110001111000010100011000101110101011110111011101111101101110111111010111110101101111000111111110111011101111011101011111111001100101101101111111110111111110111111110110111111111010111110111111101100100011101110101100101111110111000101111011110111111100101010111110111111111111011001111111111111011111110011111010101111110011001111011011010010011110110111111110110111111000111011110111011111101111100100111111100110111011011011011110010111111111011101111111101111111011111111
1011111011111111111111111110011011111101011101111111111111111011101100100110111111110011111101111001110011111101111011110111011110101110111110111101101001111111111111110111011110111101011011111101101011000101110111110111011110001110111101111111001111111111111111110011110001101111001111101111111001100111110110111110011111111111111111110111101111010111111111111111101101011111000011101010000011011111111111101101101101111110101111111111110111111010000010111001101110111111011111110111011110
0010001111011011011110111110101111110111110111111011110101101111111111101111000110101111110111011101111011111000011100111110111111110111111111011011110111111111111011110001010111010010001111111010110111000110101111111111111110111110001110110111011111111010111011110111111101110011100010101111111111110011111101100111111010010111101101111111011111111011110111101110111111111101110011111100000011011111110101100011110101111111001111111110100101111111010101111100100011111111111001111111010101
1011111110110110101111110111001110100111110111011001111101101011111111110011111110111111110100111101001111100110011101111111111011011011011110101111101111111011111110111101111101111000111111011110111111011011101001111111111111111000101011100000111101111111110011110011111111000111100110111111110110110111111010111101111101111011101110110110111111101110111011101010101101110111010111101111011110001111111111101111001111101110111011111111101111011111100111111111110111110011111011110110011010
1111011111111111111111100101100001111011111011100101011011011100100110010111110110011101011110111011111110111101011001111011111101111011101111111110111111110011000110101011111101101110111001011111011011111111111111111111111011101010111010001101110111111110010010001101110110111111011101001111111101110111111001110111011001110111101110011010111010001001011001110011111111110010011101101111100110101101011011011110111110101111110111111111101111101111011101101011010100101111101100011010111111
1111111011010101101100100101011001111111011001101101011101101101010111111011110111111101101110011111011110111111001000101011101111110101001011111101001101111111101101101110110100111111110111111100110111111011111100110111111011111100011111111111011111110101100001111111111110110111111011110110111111101011110100101101010111111011011111111101111111110011010111010111000100011111110101111011111110110111001111101111111111101101110101011111111100000111101111010111101110010001111001111101110011
1100101010111011110111111011110101101111111111111110110100010111011101111111101010100111011011011111111011111111111101011111111001111010111110110101111111111011111011011101110010110001111111111111111101100111110110111101111010010110111010000100110111111111111010011111101111001101100101100000011011011101001111111001000101101010111010111111011101111011110110101010111111101111100111111111101111111111111011010101011101011111101111101111101110110111111111010011101111101110111101000110001100
1000110101111110010111111111100011111011001011111110111111111100111111011011111011111011110101111111011000111111111001000111100011011111111111110101001111111011110111011111101100111111000010110100111101111111110101001100111100111101110111111101001010110111111111111111001111111101111101101011111110111010110011111110101011000110111011110101011111111010010111110011010110000100111011100101111110011110110000010111111011101101100101001110111111011101110011011101001011101101110111110111101011
1111101110111111111010111101111111110111011101110101101000111111001011010110011101011001111111111011011111111111111100111111111100111111101100110110111111001011111101101101110111111010110011001101111101101001111111110011110111110101111111110110110110111011010100101111110110111010101011101110110111110101111111110111010111111111000011011001111111111111111111101011111111110110011110101101000000001110110111111011111110011111111111101101011110101111111101111111110110111001101010101011100111
1110101110100111111111001101111101111000110110110001011101101111011100101111101011101110011111110101010111100111111101111111101111100110001111111010111111101110111111111111111001111111111011101011111111011110111001111110111101110110111010110111111110011011011010111001111100000101001111110011011011111110011111110010111111111101111010111011011011111010110111011000111111010011111111011110110111111011110111011011111111111101011111111001111011111111110111111110110101111010101111110110111101
1010111111110101110111111110111101111110111111101110110111101001111111101111111110001011011111001111101111001010111110110111111011111011111111011111011110100111111111100110110100101101111111101101100110010111011110101111101111111110001011010111111111111100101110101101011101111110111011111111010101111111111111111111111101100110110110110111110001101010011011110100001001110101101100011011011110011011110110110111111110001111111111101110011111111111111011010101111111000011001001000111101001
1111111101111110101111110111011111110011111001011111011111111111101110010110100010111111111101110110111010011111010111111101111111011111011000001111111110111111111101111111111110111000101101011011011100111100111111100111011011010101101111110110110101110101100111011111101111100111111101110100110010100110111111011111010101011001110110011101111110100111111111011111111111001111111111011110011111011101011111111101011100100111011011111011101111001011001011111010011111011000010111010111100000
1101011110111100101101011101111010011111110110011110101011101111111100110111111100110011001011011111111101101101100111011111100110011111101100111001111111111111100010100111011110111111110111111101110111011010111111111111110101101110111111101111110011010001100101011111111101111111101100111010111110111101110011111111011111111111111001111111101000010110110110001111011111101011110111010111101111010110111011101101111000101010111111110111011101101001011111111011111111001101111101111011110111
0111001011000011111010010001011011110101111111110000001101111111111100011010111101001111011111111101100111011101111111111011101100111111011110111011111011111111111111111111111101111101011110100111110111001110111000110101101001110111010111111111001000011111111101110111011011001011101011111101101110111111111111111111101101001110110101101111110111111111101111111010011111111000111010111111111111110111011011111111101001111111011000110100010111101001101111111101011111001100001001111100001111
1111110100011111011101001111100000100111111011001111111111111101110111111110101010111110010110111000101111111110101110110101111111001110011011101101011001111100111110110110011011010111111011010010111111111101101111100111011101111111011111101100101011011111111010111101110111111111111010111111011111011101110110011111111111101111110111111011000111101101111111111111001110111010101010111110111111111001111111111110101101100101111011111110101011011111111101111111110111011011111101110000000101
1011101111100111111110111101101111110010111011110111110111010111101101101110001111111101111111011011011110111110001111111111110110111111110111111011110111010111111100111111110101110111110011111111011011111110110010111111101111011110111001001101011111111111111111110110101111011110001110101001110111011101101110011001010001111101111000111110110111111001011111101110111001111001010001100111101000111111101011100111111100111110101111111111011010111111111111111100000101011100101101000101111111
1010010111101100111100001001101111000101111100111111110111111110101101111011111111111101101001111110011111010101000101110111111111011111110111101011111110101011001101111101111011111111111011101111111111111111101111111110111110001001010101110101111011111011111011010011111110111111011100101011111010110101011111101001100110110111000001100101110110111111110111101101011101111111111111111101011011101101011111110111011111110111011111101110111010111101111111111011101111011111101111010011111111
1101111100011111111111011101110111011001110101111111111111011010100111111111111111110101011011111010100111111111101011111111111100111111011111010011110110011101110111111111101111111101100111010001111111111111110111111111101111000011001011000110111101100011001101111011101111101111111111111110110011111111110001100101101110111110111101110111111001111111110111101110101101111001111110011111011011110110111101010111111101111110101011111011111111111101110101111111110011101011110101001111111101
1011011101111111111111111111111110011111111101111111011011111111111111101111011010110110111111111111111111111101111101011111010101111110011111100101111101101001110111111111111111101011100100110111110101111010111111111101101101111101111111111011100111111011110111111111111111111001100011111101111101011110011100110101100111111111111011111111110110110101110001111111110110111011011101111111111110110111110011111111111101110111111111101101111011111111011111111111011101111101111110111100101100
1101111011101111000111011011111110011011111000111010110111111001111110111100011111011111110111011110111111110001101011111001101101010001111110100110011111100010111011110111110111000011111111101111101101111011011110101110000111010111110111110111010011100111101111111111111111110101100111111011110111110111000111111000101010111010001111110110111101110111000111111111011110101111111111001111110011111111101100111101101010111011110101111111011101001111101100110011111110100111111001110101011011
1110111101111011010101111111110111110111101111110111111100111111010111111111011111111111101100011111111010011111011111111011111011111111111100110101011111011111111111011011111000111101011011001111011111111110010011111111100110111011101111111001110011111111001111111110111101111011101111011011011001001111111111010111111101101110101111001101111111011111110000000111111110101111110001011111101110111110111110101111110101101111101111111101111101101100101011011011011101110000111110011111010111
0111101101111110001111110111111011110111111110111011111111100110110011011011011101111010110111101010000001111110111000111011111110001111111101101100111111011111101011111000110000111111111110100111111111011111101100011101011011011001111111111111011101110110111101101111111111010011111111001101101100011111110101111010111010110100111111111101010111111111011011111111111110111101111101111011111100111101111110011111111111101110111111101111011011110111111111111100011110110110111111101011011101
1111111111111111110111111011010111111011110111001111101111111100001111111111001111000111111011111111101111110111111101101101011111100100101110110011011111100011111101111111011111110011111111101101111111010011110101111011011100111101111110101010010110110011111101111111110010011110111111101011111100110001111110010111111111110101011111111110000100101111011011111001011011011101011110011100011111001111011110001111111111111111101101011101111110100110111111111100110110011010111101111011110010
0110001000111100111011111111111101110000010111010011110101111111110001111011001101011111011010110111010010110001101111101110010110111111111111111010110001100100110101011100011101110110111101111111101111111111110101011101111111111111111111011111111111001110111110011101001011101111001011101011100000100100011111001101110111011111011011010101101001001111111110111011101011101011011100101110111110111111111111111011111101011011101000011011111011111011110111110010111111011111111101111110111110
0100111111111011010011110111010110111101111111111101111111011001101111010111111111111111110101111111110111111110011111111111101011110010110101101110110001111010011111111000111011010111001111001111111100011111100001111111011111111110111101111011001111000111111011011111110111111110001001001111111111111010111110110110111111101111111111111101100001011111111001111101110110100010111010111011011110111010110101010100000110111111011011000010100110111111111001111101111111111011100011011111011111
1110111101001111101111111010110111101111111111110101101111111101111111111110100111111111100100111111111111101101101111111111111111111100011000100111111111101110111111110011110111111110111001001010111111101111111110111110101111111111011111011111110011011111111100111110110111111111110111111101110001111111110011011100101111011110101111101111111111011110101111011001101111101110111111111111011111110010111111110111011001111111111100111100111111111011011010111111101111111111111011111101111111
1011101011101111111111001101110111111110111111011111010111011111111111111010100101111111011111101101111110100011010101111011011000110110001100111111111111111111010111010111110111001111001110011111111110011111101111001110011001110111101110110101111111011101101111001101111100100111011110111001011110111111101111110111001001110111000101110011110101001011011111111111101111111111100011011110111011101101011101111111100011111001101011111100111111011111111111110111111101111111111101010111101011
1011010110111111111001011110110111110111111110101111010111000110110010111001101111111111110000111111110111011111111111111111111111111011001111111110111111100101111111111010110011111001011111001011101111011111011111111111011111110011111111101010110110110110111111101011001111011000001111111111110010110110110011110101011011101101101111111111111100100111010011111011110111001011111111001111010111011011011111011011111011100101111111011110111111110011110110111100010000100111010010101100111111
1101010111111111110100110110111000001111111111111111001101111111110101010100111101100111110111111110110111011111101110111111011011111111111111011010100111111111011100111100011110111011000001111111011110011111001101110111110110111111101011111111001101011011000001011101000101111010111110111110111111101101110110011111111010101110110011101111111111110011110111111110110111110111111101011011011111111111011110010111001111101110001101011101111011101111011000101101011010111010110111111111000100
0011111111100111111001111101101111010111111110111111111111101101101111110110011001111110011100100011111111111111110111010111110011011010111100100110111110110011100111111111110011110011111011110110011101110101011010001110111110100101111011100101101111101111111110111111111111101111110111010111111001010011111110110111101000110011110001111101111001100111011100111110111111011100111101011110111100011111110111101110110110111110111011010110101010110110001110111011010101001101101111111010011010
1111111111111100011111111110111110101110101111011111111000111111111111101111111111101010111101111111111011110111111101000101001011111111100011110111101110111101111000010101111100011111011110110111110111111111001100110111111111111111110000101110111111110111110111111111111111101100111111111101110001001101101111101111111111101111110011101111111111111010111111111110101011101110111101110111111010111111001101111110111110111101101110111111011110111110011011110111111011111011111010011111100011
1000000101111111101001111100111011011110111110010110110100110101111111111111101111111111111110111101111111010001011110011111011111001011101111011110111111111101111111100110011111101111111110011111111111110110010111111101011101100111111110101111111111101111101001001111111100110110111111111111010011101001110110111100111101110111111100011011101010111011111101101011110010111001111010111111111101101101110111110100111111111111010101011011111110111111110101101111010101000101111111011010010101
0111111111110111011101111110111111111111110111111111110111111011110011111011011011111011011100110011111111111111011001011101111011001011101011111111111110111101011101111111111111111101011110010101111101111001011101011010111111101100111110111011101101101111011000110101111001111111111111111111100101111110111111111111101101110111111111010111011111110011111111111101111011110110110101111111110111111111101111011101011011111101111111111111111011111011011110011011110110011101111011111111011111
1101101111001110111101001101111100111101110110011111010111011011011100111111111111111101111111111111110100110001111111111101111111110101111111001011101110101001110111110101111111111110100010110101011100011011111100110101100111111111111101110110101110110111001110011110110111101111111111101111100111111111011110111111011111101111001111011101100010111111111111111110010001111111111110001111110111111111101111011011001101100101111110111000101101110011010100111101001110111101111011111111111000
1111101010111101010010011101101111011101100101111111111111111101111111111111101101110101110111111101001001111111101111011011101101011111111011110111111111111011111111111111110101111110101111110111110111111110111110010101111001100011111101111111111010101111111111111111111011111100111111011111111101110111111101111111011101111011001110110111011011111110010011011011101111010101111101111111101111101111111101111110101111111111110001111101011111111110111111110111111101111111011111111101011111
1000111111111010011111111111011111110111111011010011111101111111011111001111110011011011011011010111100111011101111011111110111001111010111010111100110101101001101101101111101110111101101111111111101000111111111010111111111111111101111111101101011111001101110101111111110001111010111111110110111101111111111001110110111111111110101111011111001111101101111101111111011101011001101111010111100011111111010111110111111111111111001111110101111110111011101011111111111111101111111011001111110101
1110111101011101111111111111101101011011011001111100101111110111110111111110111111111111101111111111111011111111111111110110110111011011110111101111111111111111111101111111111101111111001101110011110010110111011101111111100111110111111111111110111111100111001111011111110110111111111111111100111011010001111111111110111111011111111001010110110001111111111110110111111111010101010111110111100011110001001001111111110101110101111111101111111111110101011011010010111101111111111110111011011111
0111101101111110010010111111111111011101111110110011111011010111011101111111110001010110111111111100111101011111111111111011111111011111101110111101101011101111110011100101011010011110110111111001110111111111111111011011111111111011111111111110011111001111101110110011101101101111111100111111011111110111111111111011111100110101001101110111111110111111101100101101010111111101011110111111111111011111111111101111111011001101011110101100110110111111100111110110101111011110111111111111110011
1111111010001111111011110111110001101101101111010011111111110111111011101111110011100111111011111100111111111100110111101111111111011111010111011101110110001101011111110110011101110111111001110111110111111101011111101101111011111110101111111000111110110011010101111110011111111011101111110111101111111111111110111100111111110111110001111111101111100111111111111110011011011111011011111010111111010011101011111111110101111101110111111010101011011011111110001111001101111011110111111111111110
1100111111111101111111111010110111101111111011011111110011101111101111110000111001100111001111011010011011111101111110111110101001011111001110010111111111101101011111110111101111111110110110111110101111111011101110110101101010001101111111110111001111111110111011011001111111111111011111100111110011000110101111011111011101110111011100101001111100110101001101111001110011100110110111111011111010111111010110111101111101101111111011111110011111111101101111110101101010111001011101111111111111
1010011111101111110111111001111111100110011111101101111101111001011111110011111111111011110111111101111011111110011101111011110010011111011011011010111111001010111010101011100100101111111001111011111011011011110111101101111111111011011000011101111111011111001111101111110111111111100111101101010111111111001111011011111010111111101010110111110010101111110110111111101111011111100011000111111100100110011111110100101111010111001000010101111111111100011110111011101110101011111001111110101111
0011011111011111110001001011011001010111110011100010101011100000110101101001100110101100110011110011101111000101111110111110110111111101110111101101111110111101111110100110011111110111011111111011101111010110011110001101111111101101101011111111111110111111111111111111111111001111111111110110111011001111111110111010110110100011110010111111111011011011010100111111111111111011111111111111110010110111111101011011011001111110000110111101011111111100110011111001111011110001111011011110111101
0101100001111111111110111111111101111001111100111101001111100111111000111111111111100001111011111111001111111111101111111011111110111111000111111111111111101001011111110110011101111100010101110011110111101011101100010011101110111011101101110110101111101011011101111011101101111110010011101111100011110111111110100010110110101111110110111110110110001001111110001110011101010100101111111111110001001110110111110101111111101011000111010101001100101111101011110111111111111111110111000100101001
0111111111111111010111110100011011110110001110110011011111011011111111011111110111110101010111111111111010101111011110001111101111001010111111111111111101101111111111111111100111101010110001111111111011110001111111110101111111111000111101001110111111110101011111111111010111011011111110111110111101011111101111011001111110111111111111100011011111111001111011111110111001111101111111111110100111011111111110101011010011111010011111010101110101111111111111001111111110111110110110111111011111
0111110011111110111011011011110110101111111101101111111111101111101011100111110110101111111011111100101100111010001011101111100111100110011110100011110101101101000111001111110011110101110111101111001101111111000001101011111011111011110111111110010111110111110010100011111011000001111010111011110101011110111101111110101100111110111111011111000111010111011010111110000011100101111111111011011011110111110101111011111111110010011110011001011111111111110111100111011011101011001000011111111101
0110101110111110111101011101111011111110011110101001101111011101011000000111001011101011111111111111101110101111110101111000111111111001110101111101011111011111011111101101100001111011111100101111110111110010011101100010011111110111111111100101011010010111111110111110111111010011101111101110111111101010110101111110101011111111110011101110111101011110111111111111011111111101111111111111111111101011111011011101111111011111110111100110111111111101111110110101111110011111001101010011111110
0110110111111110010111111101111111111100111110011111011101111111101011110011101011111011101111111101111110101101110110000001011111100111111011011111111111100111110111110110110001100111000101111001011010011010010011101101110001011110100111111101111011101100100111101101111101011011001110111100010111110100101111101111111011001111001111111110111110011111011011111111110111101101110110111111011110001111111100101111001101111111111111111110111111010100011100110111011011101111111111101011111111
1111001100100101111001010101111001111111111001001111111111111111110111101011111101111111111101101111011001101100011101111111101111111011010110111111110111111101011010110110101111011110111111010010101111111011110111111010101110101111010101001011100011111101111101110111111111000110111111001111011111101111011101111011111111101111111111110011111101111011111001111111111101111111110111110111111101101111011011101101111111011111001111110101010101010111000011110111111111110111111111111110110111
1111111111100010111111100101011001110111110111111100111100111111111011001100010101110100110111110011001010111111111111000101111101110101111111111001011010111110111111101011111010110111111101101111011010110100111111111111111111101100110111100100101110101101011101110101101111110101111110111101110110110100111111110111101011010110110110111000000011010110101111011101001011111001100001111011101101110011111110010110110101110111111111110111011111110001110111011000111111111110110011101110111110
1111011101111111111101001101110110101011011111011011111111011101111010101011011111010100111010111001110110011101111001011111110111110110111111001111111011101101111111111101100001010110111011111101110111111110011111111110010110111111111011111101110100100111111111111111111111101011111110111111111011111101111111101011111111111111000111111110110110100011110011111111111111101101111110110011111111111110011100001111110111111110001111101101101110111111111011101110010110011111011111100111001011
1110010010111101111101101011110111100111001111111000101110101011110110111110001111110100011111111110111111000101010111110111110011111111110011010111011111110111101111111111011110101111001011111111100111011111011111110110100111111111110110110111011110001011110111010101111111100001101010001011101110110110010011111110100111111110001011011111111111110100110001111110100011111101111010111101111111110111111011101011011101111001111111111011101111111111110111101111011011011100101011011111011111
1011111110111111111011111111111011111011001111111101111111111101011101111101101110111111111111101100111100011110100111110111111011111101111111111110111011111101111111110110111111111110101111111110110111111110111001110111011110111111101111101111101101101100111011110111111011110111110111011101010011111101111111111111011101110111111011111111111101011110110111111111110111111111101111100111011111101011101001111110111110110111100101111111011111011110111111011000100100111010110100010011111001
0111101111111111101010111100011111111101110110100111111111101111111111111111101111101101111111111111110011101111111111111111110101111111110010011110111110011101111111011111110111111111010111100111011111110111111011010111111110101100111001010111111111111111001110100011111111111000101101111010111001010101011011111111111111111110011111111011101111111111000101001111110111111101111111111111111011110100111111101110111100111010010011111111101111111101111010011111111111111011011111111111111111
1010101111111111011101101110111111111110000010111111111111110110000111110011000111110111111111101101011111111111111101111011111101110111011101111111111000111101011101100011101000111011011110111111011001111110001110101001111011111111100011111110111111101110100101111111110100101111111111101111000110110111111111111010110111110011101110100101111101111111110000011010001101111111011011011101011101011001111101010111110110010111001101111111011111111110111001101111111000011001111111110110011011
1011111111011111111101001110100110101011110111111111011110011101110010111111100111101010111001111101111110111111111110111101010101011010111110110011001110111011110111110111101101011100101111101110111111111011110011111001101111001111011111011011111011001101010100111101111101111011111111001011101111011111111011111111011011101101111110111101101111011111111111110011011111111011110011101111111110001101110111111111011111110101111010110110111101011101100001111000111100111110110110011101111111
1101001111111111100100111110110111101111111101111011111000000111101111111111111100110001101111101111111101111001101101111101100101010111111111111111111111101101001110101111110111011111011111010111111100000101010111110111111111111111111110101111111100111010111111101110011110101011111111111010111011100011011011111000111111011111100010110111111111111110011111011111111111111111110101111010111011111111011111010110111101101110111111111111111111111111111110011011011111011011101110111101110110
1111011110100111110111110111111100111101011111000100101101101011010111011100001111111110111000111110011011101111101011110101001101101111011100101110111100111011011111011111011111111101110111011111110011110001111101101111101111111111110101010111001001110111111111110111111110111001111111011111111100111010111111011111111110010110101110111110111001110101111111111110101101110110101110100100111111010101111100111111111101110011101111101101111111110111111111111010011110111111111111111011111111
0111100110111111111111111000010101111111111101101111111110111111010110001010001101111110011110111011011111011101011111000110111101011111101100111101100110111101010110111110110110101111011101011101101111111110111111010101011011110011110111111010101000101110010011111011111111001011011110110101111111011111100001000111010100000101001111101111010111111110101110110111101100010101111001101011101111011111111111110101101110110110111010111011111111111110111101110111111011010110111111111111110001
1111110111011100111001111111111111111111111101111101011011111101111101111111111111011111111111111011001111011110111111000100011111100011111111111111011111011101111111110011111111111110111111101111011011011001111111011111101011111111011101111101110110111010111111101110101101111111111101111100011111011111111111011101110100111111111101111100111011111100111100101111101110111111111111111011111100111100111101111111111111001111011011011101111111110110010111111111110011001100110101110111101100
1111110001101111100101011111011000111110010011111011101111000111100110110111101111111111101011110110011111110111011111100010101101111110111111010111111111110011110111111111111111011001000111010001101011111111111101011111100111101100101111111111111111110111101111111011011101111111111101000011101110110011011011111111111110001001111111110111111110110111100011111011111001011101001001110111111010101111100111101111011110111101110110110110111011101110011111110111011111110111111111101110111111
1111111100011111011111001111011001111101110111111001011100101111111011111111101111110001111111111010111111111100111011111000110111110101011110110011111100110110011111101111111011010101011111101111111011100010111111111111111110110111111101111111110111111101111111111101001111011111111111101110011111011110111111111111111111111011011011011111110011111101101011111111101111110111001111101111111111111101110111111101100101111111111101111111101110111101110111111010101111011110101100100101111111
1101111101111111111101110111111110111111111111010101011100111111110001111011101011011111110101101101111011001111001111110111110111110111100100111010111010111101001100101111111110111101011000111011111011011111110001011111110110110000110001101111111110110111011011011101100110101010100111111111101110111110111110010011101011100011001011111001110111011110000111011110010010111100111110110000100111110111011111111111101110011111110110011011011011110011111110011001111111001100101111001111110110
1111111011101110001111101101100111011111111011110111111011011110111111111110100101111011001111111100111111111111110111111011111110111111111111111100011110110011101111111111011101111110001111111111111110001011111101101101100111111111111011111000011111101111110110111110110010111110011101110110101111111011011100110111011001111111110101110111111001111101110111111101110111111110111110011111111100011101110110111110111111010010111111011101010101101110111011001001111000111101101011011011111010
1111111111110101111111111111011110110110111000111111111101011111110110110101011100111111011111010010011101111111001111111111011110110110100111110111101111110011111111111111111101111111011111001111011001011110111111111100111110110001111111110011111110111111010111111111110110111111011110111111111111111111111111011110101111101110111011101000011101111111001111001110011111111101111111111111011111110111100111111111101101101111111111010110111111111111101101111001101111011110111111001111110111
1101101111110111110001100101101000101110100011111111101011101001110111000111111111011111111111111111010111101111111101111111110011110011111111111101111111111110111110101111111111111111101111101000110111001100111101111100111111111111111101000101001010101110011110111111110100111111111111011111101111001110111111111111111111011010110111111110111101011101011110110110001101101111001111101011110011111101110111111110111110111110110111110111111110001111101011101111111111110111100101111011111111
1111011111110101100111111101111111011111111111010100110111110001010110010101011011010111111110111110111110100111011111101111011110111111011111111010111111111110110101001111101110101110111111111011111011111111111011111010111001111011111011011011110111111111101011111111101111111011011111111111011001110111101101111101110110101101011111110111000111111001101110011111110111100111111111111100101111111110111111100001110010110101111110011110111101000011101110111110111101111011110101010110111111
1110011111111010101111110101101111101011110010111111011111001111101111101011101111011111111111011111111111001101110111100111111101101011111010111111010111111111111101111101101011100101010011111101111111111111010111100101110111111111111001111111111111110010011001111111111101101111110100110101111111111011101111111111110111111101110110111101100111011110111111011100111111111011110101001111101011111111101101110101011010111111101111111011011111111111110111111111111011011111111011011111101011
1111101111111110011110111101110000101001111111100111111111101111111101011110111111011111111111111001001011111111101010110111101111111001101011111111101101111110101111010010101010111110111101101011111100011111100100101111111110011110101011111011100001111011011110111101111111111101101111111110101010100110111111111010111100100111001111111101101110111101110101111110110111101111011101101111111111110100110111101110011001111110111110100111010011010111111101111111111110111111111111111101010110
1111111111111111111100111111101111101000011000111111101111111111111101111011111110101011111110111111111010110011011010011010000101110111101111111110111011111011111011101111111011111111001111111111000011110111101110011111111111101101100110111011111011110111111111101001101101101101101111100111110111111111111001111001011111111110110111111111100111001111101111101101110011111110101111110111111101111111111111101100110110111111111010111101010111111111011111011011111111111110101110111111001111
0111011111110101111111111110011000111111111110110111111111111111101110111100001010111101111101111111000001100001011111111111011111010111111111011110101111110111011011110101111111111111010001111111111101111111111111111011110000111111111111111110010111110101011111101111111111101011110001101111111111111111110111101101011110001100101100011111011111111111111101101111011110111011110111110111111110111111101111111101111101001011111111110110011000101111010111101010110010001111101110001101111111
1011111111011100010000011011110101111010110101101101110011100100111111111111110100100101001111111110001101110101011110010111111011111010111011000011111011011111111111111111011101101110011111101110111100111001110011101110011011110111100101100111110111111110111111111011110101111001110011101101111111111100111111111010111111001111101111000111110111101111101101111011110111101011110110100101111111101111011101000011111111111010111111111010111110111110111011101111011010101111011111001101111101
1111101111011011111111010111011111111111011111111111111000000011111111011011011101111101101111101111011111111111000101000101100011101110101110101111111110111111111011111110101011110111001111111011111111110110001111110101111111111111110111101101111011111111011111111101110111101111010111111111111110101111100111111110101111111110110110111110110011111001111111111111101100111111111110111001010011011111111101001101110111111110011101110111111111101111111010011111011111111011101111111111111111
1101110000011011111011111001111101101111111001011111111100110011101101111011110011110011110100110010111111111111011110010111111101110111011111111111111100111110111101011010111111111111111101101111011111110111100101100011111101111111111101111101001111111110011111110110111101111101010011101111111110111010110101010011111101111110111111111111101111100011111111111110101111111101111010000001100000111111111111111100011101110111110111111101111011110011010001101111111011110011110011010011111000
1111110110000100101111111111001000100110110110111111111101011011011101101111111111100101110011111111011110001011111111011111110110111110111111101111101001110100111111111011011100011111011111101110110110111111110111011111110111011111111011111100010101011111111111011101001110010110111110111011011100111110111101011111101110111101011111011100111101111011111111111101111010110110010010011111011111111111110101111011101111011011111110110111001010111111101111111111100101110111111111111001111111
1110000111101111111110111001101111011110010001110111011011111111101011111011101110001011111011111101111111011011011111111110010101101100111101011111111110111110111110111111101111111001111001111010111111110111001101010101100111110000111101111110111010111010100111110011111110110101100110101101001101101101110101111001111111110101011111111011111001111011101101111111111101110111110110111010111111111111010111111111001100110111010100011011011111111101001001111100111001110111111111110111111111
1111001100111111111111111111111111110110101110101001111110111111010011001011011011011111001110101011100100100110011111111011111010111111110110111111011110111111111111110111110111001001000111111111011011100011011111111011110101101101100001111001010111001011110011011010011101001011101101001100110111111011011010100110111111101110111101110010100101010110110110011011110111111110011100111010111101011111101101111111111111111011010101101001011000111111011100111111101111110110111111011010111010
0100111100101011111111100111111111110111111001111111011111111011010110101111011111011111001111111111110111111011001101111110010111100010101101101101111100011011110011101101011110111110111111001111001111101101001100111111111010011111111011010111010111101001011011110111100101101101111110111111101110010111111101110100111000111111001010101111000010000010101110010110011111011111111101111111111111100101111101011100111111011111111010111111111110011101111110001111011110100011111111111111110111
1111110011001110111011011100111110111100101100010011101111110111111011110110111011011111111111011111010110111111011100111101011000111100111001011111111000011111101110101011111111011010111111110110111000111101111111111101001100100101000001011111111011111010101011111111011110111101001111111111110011111110110100101101100101011010100111001101010111111100000011111111011111111101011010101111110111111110001011111110111110001010100110101011111011111111100101110101110011101110111110111011111010
0011101001011111110111101111101111111110011011101111101100101110111001010110111011111101011011111011111111111111111111111110001101111110100111111110110100111111101101011111111111111111011110011110101101001011011101010111111110111000011101111011011111110001111111111111111110111011101111111101110111111111101101110111110011111011111110111111111101111101111111111011111111010010010111101111011101111111110111111111101111111111111010111101011101111111110101111010111101110010111111011111110111
1011111101111111111111001111110101111101110111111111111111111111110100110110001010110101101001111011111101101011001111111110100000110111111111101110011101111111111101110111011111111111011111011111111001111011001011111101001111111010101110011101101011111111110011001001111100111100011011111111101010111111011101111111111101101111101110101111000111110000111101100110111010111111010011110101110111101111111110011111001000111111111111111111101001111111011110111011010110001111111001111111100111
1110110010111001110111111101011001101011111101100110101011111101000011111101111101110001111101111010101100111101001110111111111111100001111111110111011101101111110001111111111111110101101011110101101111101011111100010101110001111111111011111111001110111000101011011000111110111111111111011110001111011111111110101111010111100011011011111011111010100110110110110011011111110111111111101011011001101010001001111101111111101110001111110010111101101100111011111011101101011111111001101101111011
1111111010111111110110110110110111110101110110111101001111111100010101111100011111111110111101111111101111010111111101111111000101000011001111111100111110011111111011100110100111101001110111111101001111110010101111111101101111110111011110001111111111101001110111110101101101100111111001001011111101111111111111101111111101101101110111011101001111111001101100001111110010011101111111101101111111111011111111101001111111011111110111111111110111101100011101111111110111111111100111001111001110
1010011101110111101011011100110110101001111101111100110001111110101101101110111011011111101010111101110001110101010111011111110011111011111111101101111111111110111111000010111100111110010010110110101111101101011011110111110011000111111001110101101101110111111111101101111000010010001111111111111111111111011011110111100111011000101001001111110111111101001011010010011101110011111111111000001101111111111101101111111111011111111001111110101111110110110111100011011101110111101110100100011110
1110101111101000010111101111011110001100111111011111010011111010111011101110111111111101111101111011001111101111000110011001011111111110111010101111111001111001111111111111111111001111111111101011110111111110111101111010111010111101100111110101001111111010111101111111100101111111111111011010111110110110101111111011111011011011100011111111011110111011111101111110010111110111111111111011000011111001110110101010111111101011111011100111101101111011011111111111111011111111011111101111111110
1110001000111111011101010110111100010110011011011001110110100110100111010001111010111111111101101111110011111111010111101111101100111000111111011111001111111101111101011111111111101100111110110011001101111111111111010111111111011111111110110111111111111010011010111101110111110110111101111001111111101011111100000110000111111101100110010110111011111111110011111100001101111111111011011011011101111111111111011111111111101110110010111111111111100111110111011110011111111111101001011010011110
1100110101011111111011111111100111101111111111111111111111111111011111111101111110111111001111111111101111111101111110110111111111101101100111000010101111110010011110110011111011011101111011111111110111111101111111101110111110010111111111110111111111101110011111011111111100101101110111001111111111111111111110111110111111001111111111111110011001111001101111011011001111011111111101011111111101111111010010111111110011111111111001111111011110111111010110110110111101010111111100001111111110
1101010110111111111010101001111110011010111111110001111111110011111011111111101100011111011101111110111111111111111011111111111101111111111111101111110000011111111111111010101111111011011111000111111111110001011111111101011100111111011001101110101110110010101010001111011101111101101111100111111010001110110111011111011111011111101111011101100111011110110001011101111111111111111111011111101111010111111110101111011001111010111110111111111110101110010111110011101011110100101110111010111111
1101011100110011011111110001111101111001011111110101111101111111110111111111110111110011011111010111010111101111111011001010111000111110011110111111101110101110010111111001101101010111110111101011111111000111011101101010111111111010111111011111111111011111101111011110110011010111110100011110010101100111001110111111011110111101101111101001100101101111101111111111101011011111011110011110011100101100110011111100011110110101111010011001111111101111110110101111111100111001011111101010111010
0110011111110111100011111110100100100101101101110110011011011111101110011110111011111000011011101111011101110010111111111011111101110101001111101111011111011111110100111111011011110011111100011111111111111111101101101111001100111110101111111100110101100111010111011111111111111111111110010011110111101111111101011111101010110100011111111111111011011111100110011001100111110110001011110011010011000111111101101111111111111011110111001110111110101010111111111111111010000011110100010111111101
0101111111011110111111010100011100111001010111111011111100111110111001100011110111111011111011110010011111101011111001110110011100011010111111111100011101110110111101101111101110101111011011111111111001011111111111111010001111111110111101111101111001111111010110101010101011110111111101111011110111111011101111101100111111101011001101110111000110011111111100111101111111111111010111101011110111000101101011011111011111110011010011101111111111110111111111101110110011111101110010001111110111
1011111011011111001111111110111101110100110001110111011101111110111110111110011110011110011001011111111111110111110100000011111110011110110011011110010111110110001101111101110111111111111101101111110111011111111111111011001010111010010001101110111110111101111011110111111111011001111011101110111011110111111111111101111111011100010111010111011111111111111101010111101100001101101110100111111001111110111101101110101110111000001111101011111010111110111101101111111011011101111110111110111110
1101110110101010011011111011011011010101101111111110101110111011111111111111100101111111111111010111111110111101111000111111110111011011111111110011010111011011011111011101101110110100110111111101111011011000111110111111110101110010110111101111100111111010100100011101010111101111111111100111111011010101111000111110111100111111100111011111111111101100110011101111101100101111111111011110111111111110100111010111110101010011111011011101101001111111011011111111111111011010011111111111101111
1110110110110001010101110011110000011111111111111101101110011101011101111110111001101011101110111110111111010011111111011111111011111111100111101111111010011110011111000111101101111110011110111110010111110011111001111111111000010101101111110101111111011011001110101100111000111111111111110111110000101100111110111001100010110111111101011111101011110100111110111001111111111000100110101101101110101010011011011111001011101011001111101100011111110001111011001111111111111110100011111110111111
1101111111111010010001110101111011111100111011110111101111111101110011110111110111100111111101111111101111111101111101100111101111111111100111101111010011111111010101011110111111111111101111111001111101010110110010111001111010111101011011110100110111111101111100111101101101110011111010110110011001011111111110001111010101111100110011111001100101111111111001111101100110110111100111111101110101101101111011111110100011011111111110111010101111111011111111011101010001110111101111100111110111
1011101111111111011111101100110101111011111011011001101101111000111001111111101111110111011111111101101110100110110110010101011001011110100110010011111111101111101011110001111111111111111111011100101111110011101110111100111011010110110101110110111110110111011101111111101011111111010111110111111001110110111010111111111010111110111101111101111111111111010111011111011100101111111101001101011111111101101101111011101111101111111111101111010111111101010110101011110111011010111001101110110100
1111111011101111101111010011111111111101111011011111111011111110110010111010001000111101011110101110111101001101111111110101010111111111111100111111111111100110111101000101111111011111011001011110110111110101110111111100111111100111011100111101011000011111111100011011111011101110111100001111011110111100111111100111111101101111011111011111101011011111001101111101010001111110000111101111110100111101111111011110111011011110001111101101110111100010111001101101010111011101110111110010110001
1101110010111100111001111110111100111101101101111111010111001111110110110011101111110100001101101111111011011110011110111111110110110011111111101010110011101111011110111111000111001001111101010111000110111101100111111111110110110110111110110111101011010111010111011111111111111111100111111111111110111101110011111100101011011001000101111110111111111101110111100111111111111001011000111100011011101111101101100011111101111110101011111100111100101011101110111111000101111111111001111001100100
