1111011011111100011111101101110011010110111111001111111111101100011111111110011111111111001111111110111011101101111111101011111111011001100110101111111101011010100111100100101111111101100110111101100101111101111111111101111111101011011101111111111110111101111011111011111010101010111110001111111011110000111101111111111110111100111111000110110110111111001111110111101111011110001111000101111101100101110101001100111111111111101111
1100111110110101110001011101110111111111111111111111110000111111110111010001111111010111101111101111110011111111111001101011011011111011110111111100111100011111010110010110100110101111111111111011111111111010111010111000110101000111111110111101101011001101111111111111001111111001100111111011111011111011111110011111010101011111000011011101101110110110111110001100111110011111110001011100011001010111111110101101111011011101111110
0100011001011011101101101111110111111111101110100011101011111101111111011111111011111111010111101010011111111111000111110011110010111101101111110001101010111111010001101100011111111101011011011011011011010101101110111111101111101111001110101101100110101110100011111000111111001111011110111111111111111101101111000010111101101111101101111100111111111111111111011011111011100110111010011110011110011111111111111111111111011111101111
0111101101011101011111111110111111111101001101001111111001100010110010101110111111110111100111111111110110111111111111111110010111011011111110101111011101001101111110100001010111111111011011111111111111111111111111111101111111110001110101111011111001110101101110111111111101111111101110111111110011111101111101011111101111101101111110001111111101101011101111111110111111111111110011101111111111101101001110100011110111111101110101
0111101010111111111110101110111111111111110100111111010011011011001111001111111110011101101011110010001011100011110111111111110010111110111110111011100111011111111001111101001110011111101010110111111101000100101100110101011110101111101111101101101111111011111111110101101100111011111011111110011111011101110011111111110110011111001100011011010011111110111101111110111101110011101010111111011101111000110111101101011001101111110111
0001011111010111111100111111111111111111110011111101111110011111111110111111111110111110111011101101110111110101111111101111111001101111101110011111111111111101111111010110111110111111011111111110110100011111011111101011111111111101111111111110111011011011111110111101111001101111110111011111100000111111011101111111101100101111111110101111111111111111111111011010111010011011111100111010111111111101111111111001111011101111011101
1111110110111111011101010111001110111111110111001110110111110111101111111111111100100101110111010101111011110110001011101010111101011111011111011111111111110111111111010111111011011111111111011101111010111101111111101111111111110111111101111111111101110110110111110111011100111111111011110111111111111110110110011101111111011011111101101011111110110011011011010100101010101110111111101001111101111011101011111111100111111111110000
1100111011110111111111111001110111111111011111111101111111111110111111001011111111111111111111101111011101111100001011111111001101111110011010101111011001100111111111111010111110100111110111111101111110110111111111111111111101100010011011110011111001111011010011111110101111001101111101110111111101111111101101111111010111111111101111111110101011101001010111011111101011010011011111101111111111111011011100001111010110111010111110
0111111110111101110111110101111111011011010111111111111111111101111101111011111111111111101111110100101111111110111111101100111011011101110011111111111010100111111111111111001110101010111010111011111101111111111011111011101101010111111111111111111101101111011100000010110111110111110110111111101100111111110111101100011111111101111010011101111001111111011110111111101111111010100111111011011001011111111101011101111111010011111100
1101111010111111101110101101111110101111101110111111100011101111101111111111111111101101110111011111111111110101101011101001010111111111111110000011011111111110111111101111110111101111111011101110001101001111110000111111001111011110111111111111001011111011101101111111111101011100110010111011011101011111011110111111101111101011111111011001011101100100111011110111111011100100110101111101010011100010111110111111111110111100101010
1111001000111111111001101011111111010111011111111101101111111101111111001000110101111110011111111011111101111110111110010011011001101111110111111001000111011010101111101011010011110111011011111111101001101111110011111110111111111101111111010101111001111101101111111111001010111000110101101001111100110110001111111111011011111111111101111010110011000111111111000111101100011111111011101011011001111110010111000001101011110000100101
1101011110111111011110011101111111101111101101111101011111001011101100111101111111011010111111011100011111111110001011101111011111111111011111101011101111111111010101011111101011111110110110101010110111101111101111111111011011110001111100111111111101100111111111101111100111111101111010101100111111111011001010111000010000111111110111001111111010100011110111110111011110111111010111111111101011111111111100011011101111111111111111
0011111111001111111010111100111000010000101111101111101101111010110110111111001010111100010111110111111111101111001111111110000011011111011111110101101110100110110110010111110100101101100111011111111101000011111010100101011111101111000011111011110011111101111100100111000011011111111101101101111111011111111111111111100001111110101111111111001111111110111001101011111101011111011010111111111110110100110111111101011111111110010011
1101100101101011010100111111111111111111111000111101111111111101101100111110011101110110011110101110001100010111011101111101101111001011111101000011011110111101111110010111001111111111011101100101111101111011101111111111111111001111111111010011110011000101111101111011111101010011111101111001111001001101010101111001110111110011110111011101011001010111111001111110111111111111110110111110111111101111001010011111111111111011000110
1101111001111111111111111110001101000100111110011010111101000001110101011101110111101111111111110110101001110111111010111011111011101110110011010011111111011111111111111010011101110011111111101010011111101011011110111100111111011011110111110111011010110101010111011111011111001010101101010011110111111010111011110111101110011010010001110011110101110011111001011110010111011011111000001011111101110110011111111111101101001101111111
1110111111111111010001111111011011110111100111111110100111010111011011111101011101101111001010011001110101011101111111111110011101111111101101111111111111011111111011111111111110101111100101011010111101100111111111001111111001111001011001110001101010111111000111111100111111001011111110111111100100111011011111111111111111111111111111011011001010111111111010111111111011101111101101111111110011110101111011111011011111011111100101
1011011101100001111111011111110001001101010111111110111111001110110101101111011111011110110111001111110110111110101100100111011111110111101111101100101111111111111101111111111111100100111110111111111111111110111111110001101111110111111110010101011111111111111011111101101111101110111110110111001101111011110010111110011111011111100110111111111110110110101111111011110111111101110111111001100111110101110001111111100110110111111100
0101101111110111001111110110001111110101010111111110111000111111100110011011101011101010011110101111111110110111110111111111110111111111111110101111111001111110110110111111010111110101111010111101111111110111101111011110011101111011111111011011011111111010010111111110011111101110110011111101111010111111110111101001111111100110111111111110111111101101110000011101110101100101011011011100111111011110011111000101011000111111110101
1101101111011110010111111101110110111011110001111010111111111110011010111011110110110010101111110101011010111101110100010010110010111111101111101111111111111111100010111111101101111110111101011111101111110110011100100010111111101101101101111110011111101011111110100101011110111111011011101001101100100111011100001111110011111101111111100111100111101111111001010101111111011100111111011101011111111110110011010111111101111111010100
1111011110111111110111111110110111111111111101011101100101111110111011111111011011101111110011111011111110111001111010111010111111110111111111101101111110101110111110111111111101111111111110110101110100110011111111101111011010101111000111111111110100111111111001110101011111111110111111001001110101100111101011111111101100111101101101100111011011110101111110111111100111111111111111111101111111110001111010111111111101101101111101
1111111011101111010011010111111101011111100110111111101111101111101111111111110100101111101110111111011101101110111011111100111101011001011111101111111101001111111110101111001110100110111111101010001110011000101110110111111111111101111110111111111111101111110101110111111111010111111111111011111111110101101110010100001011111110100010010111111101111101111011111011111001010011011101110011100111011111101110111010000000001101011011
1111101111111111110101001111011110111101111111111111110011111111011111111111111111100100011111111110011011111001111011111101011011011111101111111111101101111010111011111110111111111101011111010100111010111110111111110011111001011101110111101111111001111101111101111111110101111011111111110110111111110100111111111011110011101101111101110111110111101100111111111111111110111111110111111111011011110111111100111111111110010110101101
1110101111111011111111011110110110111110110110111101110111111111111010001111101110111111110110011011001110111011110001111011010111111000101011001111101110111001110111100110101000011011111111111011111110110101011011010011111010001101101000111101100011111101111101111111110011111111111101011101101011011011100111010111000100011101101101111110010111111001111111111011111110101001111110111111000100101011100110111111011111111101101111
1110111100101101111100100110110111111111110101111111111111011111111111100110110101110011100111111101111100010111100011101011011010111110111111110111000011111110101100111011111111111011110011111111110011111111111111011111111101110111111111101010011110111101101111111110101111111011110011111111110111111111111100110011111111011111011011111011001111101011111011110001011011111100110101101111111110001111010111101111111001111011111111
1111110101010101010100010111001111111010001000111111101101111110000110101101111111111101111101111101011111111111111101111101111011100111101111011111010111101111001111011100110101001110110001111000010011100011110111111101111110111110100111000111101111111101111111111100111011010111111001101101011110011111001111001011110101101110111010111011111111101101111111101111111010110101011110000011111100101111100010111110111111001011001101
0111100111110111011101011101101111111011111111111100101101110011011111111111111110111111101111110111111101101111111111111111010110011111111111101111101111100110111101110111101110111001111110101111111101110011111111011011111111111011111110111110111011111111101101111110110111111110101111110100101101111111101111101111011101111111111000100001111111011111111011111011011111101110111011001111001011111101000111111111101101111111111101
0111110111111101110111101111010110011111111101110110011100111101011111100111101011111111011111101110111011110110001010000111100101111111011101011001000111101010111110111110110011101000011011011111101111010100111101111110110111111111011110111111011110111101010111101111110011111101101100110011100111101111101110100111001111111110010011111111111100010100111011111100101101101101101110110011001111110110111110111111011110011011101111
1001111011011110111111111010111111001111111101111011111100010111111111101011010110111111111011111111111011111111111111111111001110111011111000110101110111111110011111111011111100111111101111011101111010111111111111111010111111111101111111101001111111111101111111100011111111111010110011111111111010111110111111111100111111110001111111111110111110110101111101001111110111001101111100111110001111111011111111111111011111001101101100
1111011100111111110111111111111111110111110101101111011111101000000111001110111111101000111111011111111110101111111111011111100111010001111111101111111001111110111101011110111101111101111111101101110101111101001011111101101111111101011001110011111111111011111001110111111111111110110010111111111011111011011011111011100111111111110010110111110011111111010011010111001011111101111011010111111111111110111111011111010010111111111011
1111111111111111111111111000111111001010101101111011111011111101101111111101101011111110011111011111111011101111011110011110111011111111101001111011111101010111111001100111010111111111111001111110111111111111111111110110111111111111111111011110111111101110011101111010110010101011100111001101111111111110110111101011011011111111011111000111011111111101101111010011101111011111111010111101111111111101100011111111111111111111110111
1101101011111011011110110011101111111111111011101001110111111111111011011111011101101101111111110111111111111111111111111101110100101110101110110101101101111011111111101001011011000101110111011110111101111100101110111100101110110111001111111100101111110110111111111011101111111101100110100110111111110011111110110111111111111111001010100111111101111111110111011111111000111111111110111111111101111110100001111111111111010111111110
1110100101010011110101111111011000110110110010101011111111000110110001011111111111111101110111111110111111111101011101011011010100110111010011111111001100111100111111011110101111110101110011111111110000111111101111111111011111111001101111111010111011110011100011001111110100111011011111001101011101111111110111111111000010011111111111100111111111011011100111111101110011111100100111011110010111111110111111100111111011101110101110
1111111110111010111111111111111111110111110110111111000111010100001111110111011111111100011111111111100111110111111101010011101111111001010101110111100111111000111111111100111111100011101111101111111000011110110010101111011100011111011111111100101101111111011011111111101111111111101011111101001011110111011111101111111001110011110111101101111011101011111010110101011101011111010011111111111110111110111111110110101010111100111111
1111111111111011111111111011111111011111111011111110111101101111110011111011011100000111101010111111111110111010101111101101011111111110101110111101111011110011111111100111111110110111111111110110100101111111110101111100001101111111111111100110111111010010101111100101110111001011111111011110010101111011111010101010111111111111000111010100111111111111111110111101111111110101101111111111111111011111101010111101111100111110111111
0010111111010111111011111110111110001110111101111101011111110110111101011110101110010111100111111111111111101100001010111100111010111101110111110001000111101111101100010111011110111011001011111100111010111111110110010111011111111101111010111111110111011111011110110010101101110111111111010101111101101011111011111111011111111111100111110110101111001111111111111111110011111010111101111110001110111111110010010111111111111011011111
1010011111011111111001101110111110011110110011101011111110111110111110100111111100110111111111111110111011111101001101111101101111110111111111111011011110110101111011110001101011010111010110001011011011111101111011100111111011111110111110000100110010111111111111101100111101011110101111111101110111101110110101011111111100100111010110110110101101011111111011010111001010010000111111110111110100110111011011111011011111000111101111
1111111011111101111001101011010101001111010011111011100111111111111111100111111101111111111011010101011100110111101110111110110101111101111010111111110111111011100111110110011111101101011111111010110101110101011111010111111110111111010101111101110010111110011111010111111111011111111011101110111111011111011111110010110110110010111111101110101010101111111011111111111110101111111011101001111010111101111111111110111101111101011111
1011110101100111101010111001010111011001110111001101111010011111011101011010011001110111111111011111111111111010010111010001110110011101111111111111100011111001110111001111001111110011101101111011000110011001110111111111101101111011101111111111001111011011111101110111110101011100111101110011101011101111110111111111100001101101111010010111111001110011110011110111110110101110111111100101111111110111101111101111111111011001111111
1011111101110101110111111101011111111001100110111010100110111110111101011010011010111111111010111111111011000110001010011110111111101111100111111111011110001011111100111001110111100110001011011011111111111010111111011110011111111010011111001101001001000111111111111111100111111101111010111111111111110110001110110101111011100111111011011110111111001111101100100011100110110110110001010101011111110110111011011111111110100111111111
0101101011111001111010111010111110110111100111011110110001011010111111001110111010111011111110110110111101111111111111101011110011011111111111101001110111111011110111100011101111110111111010111111111111001100011011111101101111101110011111111011111111011111110101001111101101001110101011111110011110110111111111111111110110110011011101111101110110011111010011011101110011111100101111111111110111011111111111110111111100110111100101
1111111101110111111111111011111011111111011011110101111111111111101101111111111111011011011011111111101101111110101111111101011011101110011111110111111110101110111111111111110111111011110111111111111111111111011011111101111111011110101111011111110101101111111011000111110101011010101101110111010101011111110111101111011111111101100111111011111111011101110111011110110011111101110110101011101101111000110011100111110111011111101111
1011101100011100111000011111111011010011111111101111101011111010110111111111101111110111101011111101110111101010101111111101111000111111101111111111010111011111111111110111011101011101100110111101110101011001111111111011111110011111000101011110011101111111101011111111111110110110100101111110111110111100110111111111111010111111101101111111101111111011101110001001011111111100110110111111001110011011011011111101111010111101111111
1110011001101100011001110110111111111101000111111110101011111010111111110001110011011101111111111111111111111111011100111101111111101011110110010001011011110111100111110111100011100111111110111111110011001111101111111111111101001110011111101111111111111111110110011111111110011001101111111011110100010110011111111111111011101001111111100110111111111111111101111111010111101101111111011000111011100111111110011111111100110111111111
1111110111110110111001111011101011110111101111110011110110101011110011111111111011111110100011110001011111110011001111111011111111111111011100111101111111001111010111101110111011011111111111111001011111110111111111101011011011011101111011111111111111111111111100111111011101101111011111011111111111110111011011110111111011111111111111111100101001111011101100110111110111101111110110011111101110110100110111011111011101101110101101
1111110011101100110111011110110011110011011100111111111111111111111101011111011111011111011101101111011110111011111111110101111011111111110111101000011111011011111111111101111011110111111101111111000111011111111110101110110101011000111110111011101100011101001110010101110011111111000111111101111000111111111101101110100111101001001011001111101101011110110010111111011101011111101111101011010111100111111111011110011010110111111010
0111111111110100111111111010011110101011111111101110011111011001111111100110111011111011110011110111111111111110111010011111111101001101111101111110101111011111111111101111111110111111111110101011110111101111011111111111110010001110001101111111111111110011101110101111111011101111111111011111011110111111011111110110111101111111111011111101111100111011011010011110010111110100010101011110111111100111111100011101111111001111011101
1111111110111111111001000110001011010111010001110010101110011101111010010101010101001111010111101001111101111111110010111111101111010111110111111011111001111011110011001110011011011011100011011110101111011111111101110001111111111101110001111110110111110111101110110111110111111101110111111111000111101101010111010001110111111111111111111011011111111110111100111101111111111111111101111111101110111111010101110100000101110011110101
1100111111111110000010011001111101110111111111100111101101000111101111111110111100111111111111110010111111010011111011111111010100000111001111011010101011010101111110011100111010111010111111011111111111100110100111111011110111011111010111100000000111001110111111111101111111111111010111001110111111001100111001110001111101111010011011110101101101111100110010111110100101110111101111100111111111111011111111110111011111111110111111
1110111111011011111101111111101011010000011111100101101011110110111011111011110110111111111101111111111111110110101101011111010111110100011011111111111011101001110111111001010100100110110101111111111011101101111111011111001101110110010001101110111111000111001111010011110111101111111101110110101111111111110110101111111111110111111111011111111111111111111111011100011100111110101111110111001011111101101111111111111011110110101110
1111110110010110011011101110011011010110011101011001001110110111011011110110111011111011010111111110101010111110101010011111011111111111111000110101101111111010001110100101111010111011111111011100101111110111001111111111111100111101010011010100001111010010111011111001111111111011010111111110111111101011111100011110110111011001110111011101100011111111011000110011111100110011101111111111001111111100111111111100101000111101110111
1111110101111111011111111100111011111110111111111110110110111101111101111101011101111111110011111011000111111011100010110111111101111101111111111000111101010001101011110100100000010111111111010011011110111111011011110111110111111111111110111000111111110100111111100011010110110011111111110101011111101100111001110111110111011111111110111100111111101001111111111111100101011111101111101111111101001110011101011011110110111111011010
1111111011101111111110101111110001101100111101111110111111111011100100011111111111100111100011011011110010110011111111111110110110010101100101001111011111111010100011011111111111001011101011110111101110011101111111101010110111111111001011011111000111000101101111111111101111101101111110110000000111001011111110110111110111111110111110001110110100111111111111110011101111111100111111111111111111111111011111110111010011000001000111
1011110011010010111111001110011100011011011011111011101001100000011110010111111011100100111011111111111111101110111001010011101111111010111011001101101110111011010111010110101011111111111111111010111011000111111011011101111111101101101101111011101111111101011111011001111111111111101101110111101111110111100111111101111101111110011111111101101011101110001110111111111111001101111110011111000011111101110101111110101110100001101111
1111011111110011110011111111011111111101110111111101101110001011100011011111110111110110111110111011110110111010111101111111010111101111111011110011111011111111110111111111011101101101111010111111111111111010011011111111110111011101100111111110111111110110111101111011111110111101110101111011110011111110000011111111111011111101111011111110011111111111101111101011111101011111111110010100011100101111100111111010110111000011001101
1110111110011011111110011011111101011001111111101111111011111100110101111011011101110011111111101110101111011100010111010111001101111011110111111111111001111111111110101111101011100111001001010011111110111011101110111111111011100110001110111111110001101111111001001011111111000111110111101111111111110111000101101011111011010110001111011111110011111100110111010100111010111001101111000011111111101011111101110111101001110011011101
1011111001111111111101101111111101111101101101011111011101111101111111111110110110111111101111011111111011101111111010111111111111111100111011111110111011101111001111111011101111101110111110111110101101101111111111101110111101110111101111111011111111011111111110001111101111101110000111001111111100011111011011111111111111101111111111010111111110111111111111111001011111111111001111111010111111011001011101101101001101111001101111
1011001111011111001111101101011001111011111111010111001111111111101100110011110110010011010011111001001000111110110001011111111111110111000100010110111110101111111100100111010011110001101001001110100101110111010111010001101011101111111111111110100111111101111010101111010101111101110011110111111111110011111111001111110111110110111111111111110110111001011100001110101111111111101011111111100100111111100100111101101111111011111111
1111110111111101111000111111101111011101111111111111110011111111001011101101111101111110110110111011111111111011111101101111111111011101011111001001110111110111110111111111111111111111110111101101110111111001111110011111101111100011110111010111101000111111111111111111101011101111111110110111111101100111111101001101011101010101001011111110101011111011111111110111010000001101111001111110111101001111001111110110001111011111110001
1111110111100111111111001111111111111111000011011111110111110101011111101011101110111111111101110111111010111111111111110001111010111101000101010111111010000101011111111111011110011111111101010111110111011110011111101111111101001111111011111101111000111110111111010111111111011011001111101111110011111111100001111011011111111111101101011111011111101011111010110101101101010101011101110110101111111111111001011111110111111111001111
0111011111101001111001111100110111111110001100011011110101111111110110100011111000110111001011011111110101111111010000111111101011101111011111010100101101011010111101100111111110110101011111101111000110111100000110111001110111110011010011101111111110111010111111011010111111111111110111101011101110100111101111110111110011010101111101011111011110011111111101010001111010100110111101001110101111111111111111111110001011111111111101
1101000110111101010111011011011010011111111101111111110011101110011111101101101011100111000111111011111110011011111101011011111110011111011010111100111101101111101100111101010111111001111110000001111111111011110110101111100111011011110110111111110010111111100010111100011011011110011000111000011111110110101011110011101111111001001111100011001011111011111100111011111111110110111101011111100110110110011111111111001111110111111101
1111101111011110011011110101111110111011011100110010111011101101111101011100111001111111001100111100101110111110111111011101111110000101111111111111101111111101111111110010111111111011001111010011011111111111111100111011000010010110111101011110001111010101101100111100111111011111111111011101111110101101101011101101100111110001011110010111111111110110111100110111000101011100011110001011111001011111101101111001110100100111001001
1000101111101101001110111011110111001010111110111110111001110111101110110101111101111111111011111101000011010111011111111111111011111001110111111010111011110100011111011011101010101011000111111101101111110100101010101111110011111011110011111111011110110100110011111011101001111111110110111100001101100101001010011111111111111101111101111110111011101111110010110010111010110111111111100111011111111010001011011010111011111010111111
1111110100110111111101110101101110001110001111011111011110111001111111110111110010111111111110110101110111010001111110000101101111101111101010111101010111010011111100111011111111010111110011101111011011111010111111111111100111111101110110100101011110111101001111111001011101101110000110111111010111101111111011101110110101111010111111111000110100100001111001101111100000111101111111110101101010110101010111111111101110101001100011
1111101001111001111111111110111111100001111110111101111111111101111101011111001111111111111110111011111001100111011111111111111111011110100101000001111110100011111111111001110101111011011101011011011010011111101111100111110111111111111111110110001001111111111110011011101101110111111011011110110001111011111011011100011000111110010101111101111111011111110111101010111111111111010111101100110011011110111011011100101101111111111101
1101001111111111110110011100111001111011010111110011101111011111011100011110110111011111111111111000000111011001011010111111111001101111111111011111000101011111110011011111000011111111011001110111011111011111111111111111111111111100111110111101100110111100010010011011111011010111111111110100010100111010010111110111111111011111110011111010011011111111011001111111110101010111100100111011101101000110111110111011111100010010111110
1110111111101010001111010110111101101111111101111101101011111111100111110001111111001011101111000111101101101111111111111111111111011111111111111011111101111111011100011011111001100011111111111111111001011111011111111011111111100111011111011111111111110111011111111100111011111010011100111110111111111011111001111011110101111100101111111111110110011111111101111101010111100111111110011111011011111011110111111101111111100110111010
1110101001110111101101110111011101011110111000101110011011111111000111111011100011111100110011110111111110101110111011111110111111111001101111000111110110111010111111011111101011110011001111111111001110100111010111101101001101111111001110110001011101101110001001111110111110011111001101010011111100101111111001111001000111100111111001001111101111101111001111101111011110101111100111110101111110111011111111111100111111111010111101
1101110111111101111011111111001111100111111111111111010111110111011111111111011110111110110001111010011111110001001111000111001110111110011101111110101101111101111010011101110100100101100111111101111011101111111011110111110111111001010110110101001100110111111111011100011101111101011111101111111111110111111111111100001110111111111111111001101100100111111110101101111010110111101011111011111111101101011111111111111110111111011010
0111100111110011111101101111100110111110111111111111110011101010011001011111011100111100110011100011111101111111110001110110111110011100010111011100100001111111110101111110111110110111111101111110011000111110111111111111111001111111011111111111010110101110011100111110011110101111110110110110100111101111111101011111111111000110010101101011011010111110111010101111111111111111111111010100111001111111001011111111101111111111110101
0111011111011010011011110111011111111001111010101110011110000110111111110111110110111101111111111111111000111111011010111101111100100101011011110011111010111111111101101101011111010011111111011111111111111111111110111111110111111001010110110001011111101011111111110101001111110011101101110111111001110001101011111101010001111111110111111111110001111100101111111111101111110110110011101111100101011111000111111111011011011111110011
1111111111100111101011111111100011100110011010111111111100010111111110011101110111110011101111111110111100111001111011101010111111101111110111111111110101111111100001111111101110001110111111111110101011111110111101011111101100101001111111110101011111110111111011101111011010111101001111111101011101111111111100101111110011111101111011101011111111111111111011110011111011011111111111110100011110111101111101101010101101100111111100
1110110101101111110001111110001110111111011111111111000111111111111011101111110111101110111111101011111111101011010111111111011100100111111001110101110111111101011111111011111111111111111110000011111111011111011110111111111111110111110101111011101111111111011011111111111111011011110111111001111111110110110110111111100111101111101011110111100111111111111011110111111111111110010110011111111010111011010011111111111101010110011111
1011110111011011110011100111111011011101101100111111111010111111111111100101111111111011100110111011010110110111111011010111101110111110110011111101010000110111101111011011111101111001111111110100110111011111100111110101011110110101010110110111111111110111111010011111011101101001101111111101101011101010111010101111110111111001111010101111011110011011111111101111111111101110111011011011100100110011101110011111101011011001100101
1111111110101111110110011110111111011110111111110110111100111011111111100110011111111111111010111000011011101110011001100111111111111111111110011111110011011111111100111011111110110111111001100111101010110101001111100111111111111110111111100011101101111111111111100011111110111011101101101111111011111110111110111011110100111101011101011110010110101111111110101011111110110101100111111111001111101110101111101011101110100110011111
1111111111111101111110111101111111111111111111101101110111111111000101111111100110111111111101001011101110111111111111011111001100111110111110011110000110010111001110110010110110111101010111011111111011111000111010010110010101101110111011011111111101011110111010111100011111100111011111100101111000101111111001111101111110011110011101111111111111101111011011011101110110011111111010111010100000101101100011111111111111111110001111
1011110110111110111111011001111100011110111111101111110011101101011101011110100111011101001111111110011111111111010111111111011101111101110111101111110110101010101111111111110001110111110111111111111111001011111010111111010001111111011110100011111011111101111011111101111111111010111111101111111101011111011111111101111111110111001111111111110111111011111111011110111110111110101111111011110111101111011111001101111011110100100011
1111111111011010001011011111111011110010001101111011111101011110111111111111111001111111010111101111101011111101111101010011111011111011111111011111111111111111010101101111101101111111111101101111101101111101111111111101111111100111010111111111000111111101011111101111100111111110110011111111101111011011100011110101101110111111011110111011111110111111011011110001111111111111111011111101111111111111111111011001111111111011101111
1101110110111111111111111011111111011101110011101110111111011111111111110101110111111011110110101011111010111011111101110111111101010000111011111011011111111111111110110110111101111101101111111111001111110010101111010011101111001010010101010111101111111111111111010111111111111111111111110110110111011110011101001111011111111011111111011111110111111111001111101111111110011101010101011111101101111101001111111101100111111111111111
0111111110111111111111011110111110010010111111101010110011111110111111111010011111111111101011011110101101111101111101101110111111111111101100101111111001111011110100101111010111010001000110011011001101110010101111011100101101111110111101111110111110101001111111011100110111000101011110101101101110101001111010011111100111111111111011010110111100111011111111111111111011011110110110111111101010111111001111101010010111111111111101
0111011010110000111111101101011110110110111101111111111101010011101111011011111101111101001111101111101001101001111101111011111111111111101110101010111011111111111111111000101111101111101110111101011111010111111111111011111011111111110110001111001111100001111111111101111111111110111100110111110110111101111101011111111111111111101111011100110111111110110111011111110100111111111111001101111111001100101100111110011111110111011111
1111111011111111011110111100111111010111101101010111111111111111111111101011101010110110110101111001111111111111111101011011110111101111111011101111101101011110101001111111111110111101111111111001100110110111111110101011010111111111111010111011011110111001010110111111101111111111010101111111111111110011111101011111111110011101111001101111011111110101101111111011111111111111011101000111111111111111011111011110111111101110110101
1111000111011001111100101101111111010101011100111111110011111111111111111111000111010110111110001011111101100011011111011111001111001001100110000110011001011111101111000110011011110011101101101111100111111010111100011011100111110111111111001111111111111111101111011111110110010111001111111010000111111101111100110110001111111111111100101110011111111110111100110101101111010111101001111010111111111111111111100101111111111110111101
0111110011111111001001110100110111111011010010110001110111110111110100101111111111111101111111100111111101110011011111111001101111111011111111110100011011010110100100101101111011011111001111101010110001010011111111100111011111110101010111111011111111110111110111110011111111110111111011100101011111000111001111111111110111111000011011010111101111111001111111101110110111110111111111011011011111101111111101101110100110111111111111
1111111111000110101010111110011011101111101111011111111111001011111011111011101100011100110111111111111111101011110100011111111111100111011100111001111111111111101101111100101111111110011011101010011010111111111111011101101111011011101001111110111111111110111001110111111111111111010111110111111110110011011011010110111111111111111111011111111110111000011110100111010110011111111101110011111101011011111101111010101110011011011001
0011111111001111111110111111111011111111011101101111011111010111001110111011011111110000111100111100010100010100111111111111011111100111111011001110111111010111011111101011111111111111011111111110010011111111110111110110111110010110101110110111101011101001010010110111111011111111010011100100111111010101101001111101111111111111111111010111011100111010101100111010011100111110000111011110111101011001110110011001111001110101111101
1011001111011110011111001111111110111011110000010111011101011101111111111110111111101011110101110110111110001111111110001101111101000111101101001101110111011111111001111110111101101011111011111111011000110111101101111111101011101101110111111111011100010011111110111111110010010111101111111110101111111101111001111111101010111111110100110110111110111011010100101111111010010111010101100011101101111111111111101111111011101111111100
1111000111001110111111110110111011111111101111111111111011011111111111110111011111111111111011011001111111011000111111111111111111110011011101111110110110101111101111111101101111111111111011110111101111111110111111111011111101111111111110011101110111111101100111010010111111101110110111111001111101111011101011110001101010111100110110111100011011111101011110111111111111111110101111111001111111110111000010111111011111010101111110
0111101101110101111111001111001111111111111110011111110101111110100111111110111110111111110110010110011111111110110110011111111111111111011110111111000101111101101110111110111110110110011101111111111011111001101111111111111111010111011001101111111001110111001010010101111100011010111111111010111111111101111111111111110011111111111111011101111101100111111111100110011111111111111111111111111111011111101111111111110000111111111111
1011110111111100111110111110101110110111101111010111111110011111101010111111010111111111111111110011011111110110111011110110110011001011111110111111111011001111000111110010111111010111111101111111111111001111111110111111011011111111110111111111110110110111011101111001100111010111110011011011101011111111011111110100111011010111111001101111010111011111110100011111111111111111111111111101111111010101111111001111111011110011011111
1111011011011110111111011111110110111011111101110111011011100101111011111011111100111110111111010111101111111111101111111101111111100111011110001111000111100110001011111011101111111101011111000111011111110101110001011110101010111011111101111110111111011111110111100111100111100101111110111111101001001110011110111101110111010011111111011110111011100110110101111101011011001111111010111111110111110111010001011111111011101011001011
1010101111111011111011111101011001110110101110110101111111111101100111111011010111111011111111110100011001110111111111101100111111111111111111111101101110111111111111110110001111011011000101001011100101101111111111011111111111110011111111111001111111001111111110011101101111111101100111111111110101111111100101111100110110011111101011101011101010101101010101110010011110011111111101101011101111110111111111111011111010111111111100
0110111011010010011101101111111001001011111111111111111111010111111011101111111101101011111101110011111111111111111100001001011000111111101011011011001100111011111111101111101110110001111111111100010011100101001111111011111011111111111010000101101011110001011011101111110011110101111100111101101110011011101111111110101111111110100101111100111000110111110111111111101101101110011001010111111101111111111101111110011101011101010111
1110111111011100001110001111110111001110101011110011111110011110011111100001010101111111011111011101100111111111111111101111111101111111001100011100111011111111011011111111110101011111111111111111011111111011110111100011110111001111001110110111011110111110111010111101100000111111111111111101111111100001111111111111110110111101111011111111101101011100111100101101111111111111100101111100101111011101100101001111111101110111011110
1111011011101111111111011111111111110111111111110011101011110011111110111101111111111001111111111110111101111111111110101011011101011111111110011111111101111001110110011111111100111111001101111111011101110011001111101111110111101100111111111101101111111111101111111100111001011011111000111011111110111000111011111111111110110110101101110111111111111100110101101111101101111111101111100110100111010011111111110111111111111111110110
1111101011111011001111101010111111011011011111010111101011111111110111100111000100011000001010111110100011101111011110111011110110000000111111000101110111011111111111110000111000100110111100011111111111000111110111111111111110001011111001111111111111110011101111100010110110101111111111001111110011111001010110111101010110011111111101101101111111011111111101110110111101011011011110110010011101101101111011011011111111111110111111
1111111001011111101011111110010011111111111001111110101110111111110111010111101110101111111111110001110111101111101110111101101110111011010111011111101111101101110111111101101100001111011110101111111110110110100011111111111111111101111100111111111101111111110110111111101110101111110111000111101001111110110111111111111111111111101111111111110111101101111101100111101011111111111110111111111111111001111111111110111011110111110110
1110111110111110110011110101111111111100111111011110111111110111011111011110111011011010011101111111011011010111111011010111110111110110100001101010011000110110011001101101110111100111111110100111111111111011101111111111110101011101111011101111101110111110111111111111011111111111111011100110111110101111111101101111111111111111111111111101111011100011011111111111111111101101111111101110101111000010011111111110111100111001111011
1110111001101010111100010101110110110110111101101101001111111111111011011101110111010111111101101101111101011101011101111111001111111101001101010101111111111100111011111011011111110101110110011111100011011011111111010000110011111111111101010111110101111111110010111100101011101111110000011011011001101010111000111111111111000111101110110111011111110010101101001111010011110011111111111111111010111111011111010011011101001011111111
1101011011111011011011100110100101100011111011111110111110101111111111011101110111111101011101001111111111111011111110110100101101011101111100111100111011111111111111110011110011001111110110111111111100101110011111111111011110111111011111111101110100111111000011111011111111100111010100111010101111100100111111110101110111011101111110101011111011111110101101111111111111011110011111001110110011111111011011101110011111111110111011
