0001111111111111111100110111011000011111111001011110010111011110111111111111101111101111101111110111100101011111110101111111111011011001101111110110110110111011100100111110011111000101011110100000111111011111101111100111011111111101111011011101001010
1111111111111011111100111101111111111101110111011001100111101111110001011111111011011111010111111111101111110101101011111011111010100111111111111111111111111111110011101101101111001111111110011111110111011111111111111010111000111111111011101010101111
1110111011111011111111111111111110100111011110110101110111011110110111110001111011100111111101111101111010011011111111111111111101111011111111101110111101101111101111011100111110111110110110111111101111111111110010100101110110100111010001010100111111
0111001111001111111101110101001111111111011101001111111101111010011111011111111111111110011101111011110010110011111110111111011101000111110110101101111110011110111101100110111111110111111010110111110111111011011111111111011110011111101010010010111110
0010001010011001101100111011101011111111110111011111011111011111110111101000011101010110111010011110101101110001111101111111111111111010101111101111000110011111011101111011011011011110110101000111110111101011111011111111101100010111110101001110111111
1111100101111011111111111111110111011111111011011111111110111011011101111101101111111010110111111001110111101111101111101111110101101011111111011100010001011110101111111011111111111111101011011011011110011110111111001110101111111001111111101111111110
1111010010011111111111010110111111100110011011110110111111011101001111101110111111011111101111101111111111111110110110011111110010011010111111010010111111110110010101000111111110111100011111111011101110111011011111111111111000101011000100011011100100
1101111111111111110101111111011101001111010110001101111011111111011100100001110111111101111010110010011101011001110110111010100101101101010101101011101111001110111011101111011101110101110111011111111110011110110111011111111110001101110111111100101111
1001111101111111111010110111011110100110100111111111101111111100111111110101011111111111110111100110111110101111011011111101111111100111110101111101110000111110111111010111101110111111111010111011010110011011001010111011111110111111000111110111111001
1110111110011111011111110111011110101111101100111000111110010110011110101011101100111010011101111101101101110110000111111111101011111101010110011111001111110010110011011101111100111110111011111101010111100100011101111110101101111101011111110011011011
1110101101101111111101001111111111110111110011101110111101110011010011110111011001111011111011111110110111111011110111110111110101111111010111111111011111111111111001011111011111111111111111111111011111101110110111001110111100111101010111111111011001
1111100111011011111011111111111101111111111110010100011111011110110111010110110101111011111111111111111110111110111110101110111101111110111111111011011111101111101101011111111101111110001110101011010111111101111101111001110110111111111101111111101101
0110011111111111011010101110001111111010011100011100101111111110101111111111011100101111100111111111001111111111000011111110111111101011010011111111011111111010101101110010011010011101101111011011010101111000110111110111101000111111101100110010111011
0101111100010101010011110111111111111110111110001111101111111101111100111111111111001101101111011111011011110011111110011011110110111010101110111111111111111111111111110111011111111010111111110000111101101110111111111011111111111111111110110111111111
1101011111110001011111111111010111101111101011001011111111110101110110011110010111011011110111011111110111101001111101101001111011111111010110010101111101111010011101111111010001111011011011111110111111101111011101111110101111111100110111101111110011
1111110111110111010111111110011011010011011101111111101011010110111110101110110101100011101110111110011011010111101011011111101111011100011011001111111110010110111111111111001111110110111110110111010011101111111111010110111101111011001110111011001111
1101101111111110011011111111111111101111111110111110110001010011000010000110101011011111111100111111101111111101101111111101101010011001011110110111111101100100101111111111111110110011101111011101101111011100011001111010011111111101111111001110000111
1111111110110010100001110100111010101111011111111011111001100101111011101111111011111111111011110111111110110111111111111111100010111111111111111011011101111110111011111111000011101101000111111111011111111110111001011111111101111111110101111111011111
1101011000101111111111001111100010110101100111111111111011010010111011101011111111011111011111111011110110010111010110111011111111111101001111111110100111111100010110110111111101101111001110011101111101010111100001101001101111110110100110001100011111
1111111111010011110110111111111101111101011011101100011000111010100110111111110111111110110111001101110010111011111101101111001101100101110110011001111010111111111111111111111101110101101011011111010111110001000011010111110011100011101110111111101111
1111101111001110110101111001111111111110111111010111110001111111111111111110100010110001101101111111111111110111111000011011110011011111111100111101001111111001101111001101111111111111101110001100111110011111101110101011011110110101101111111110011110
1111111011011101110111111101110011100011010111011111001111111011111101101101110111101101111010011111111111110111110001101110111101110111110100111110011101111010110111010100111111111111001111111111111011111110101101111111101111111111011101111111111101
0111111011111111111101111110110111011111110011100111011111011001100001001111001101111101011111110111010100111110010011111111001101010011110110110111111000101001111111101011111111011101100011111110011101001111111101110011011011100010111111000011101111
0111101111111011011111110101001110010111111111111110111010101101100101111110010110101111011100101111001101111111011111110111111110111111101111111101111000111111000110101011001011100001111101100101111111001111111111010111101010101111101111101111111111
1101111111101101100101110111111011000111111110111111111111011111111111101011111011110011111101011100111101111111110101111111101110011000101101000101100111111101011111001111011110011110111011111111110110110110011111111111111111111100101111011001111101
1111111111011110111111111111010111111011011110111011111010101101010111101111011111101111101111111111001111011011100111001101101111110101110110111111111001101111101111101110111011001011111111111111111011111100111111111111100101111111111111101111110111
1111001101011111101111111111110111110111111111011111010011111111001101111111010111101101010101111001011110111111111111110111101101110101111111111111000010001011101010111111011101011011111111011111111111101000111111111001111110111011111011111111111111
1111011011101011111111110111110010110110000110101011111101111101100101011111111101101110111110111100011111111000011101111011111001101110101111111011110111111101011111110101111101110111110001110111011110011011000101111100001111101011001011111110100111
1111111101110101110011101111111101111100111111101100110110111111011111101111100101111011111111111111111101111111011110101010111011110111101111111111110110111100110100111111101011111111101111111001101101101110111111010011001101111001111101011111101111
0110011001011000110101101111111110101001110111111011010110111111111111001011101101111111110110101111110011110101101111111111111110011111011111100011101110011111111100101111110111111110010000111111101111111011001110111011101111111101100000100101110000
1111100111011001111111001111001011111010100110111111101111111111111111101110111100110001011011111111011110111100111000101011101101001111111111110110010111011111110011111111111111101111110111101010001101011010011011010111110110111100111010111111101111
1101001111011000111111110110101100011111111101010101111111101110001111100101101111110001111111111111011101001100011101111111111111001101111100001110110111001111111111011111011101111111111101101111011011101110001101111111100011110111111001111111000110
1111111101111111100011111111111111111101111111111111010111100011001111101100111111111111110111011101111111011110111110111111111101010011110000111011011011111001101110100100110111111111101110111111111111011111111111001110110011111111111101011100111000
1011111111111010011001110011110011111001111110111110100111111101101011101100101111111001111110110001111100011101111111110110011101111100101001011101111101110110111111011101101100111001111111100011010111101111101111010011110101111111010011101111100111
0111111101110000111111111111111110110111100111111011111111011100111011011101111110011111011000110111110111011110101101111110011101111101111101111111101111011011110001001111111111000111110111111111011111011111111101010111001011111110101111101111111011
0111100011010111111110111101011111100111110010111110100110000111010010111111111111101101011111011111111101111111101111001000101111100101011110111111010010111101001001100111000100110101001101111110101111110111111001110111011011011111101110011111111111
1101110011011111111111100110110111100100101111010111111110111111011001011110001111111111101010011101101111110010111011111111000111111101111111001010111011001010110111111101111011111101100011000011110011011110010111011111110011001111110111111110111110
0111111111011101111011101111100011111111011110111110101111101111010111111111111100101111010011111111001101101111111111011110111010111100111110010011000110001111001011111111111001110010111100111111010101111111111010111111011100111111111100101111000111
0111111111010111011101111100111101111011111110011111110111111111110010111011100111000101101101111101111110101111011110100111101011001110000011010001111101111011110111011111000110111111000110111111101111011011011111111110110000111100110011010011011010
1100101111111111111111101100111111110011110101111101101110110111111000011010111011111101011111011101111101100111100111101000111011111110101111111111001111110101011101100100110110111000111110010110111101001111101111110000111101011101111101100110110111
0111111110011100111111111011001010110111111110111111101111001001110011111111111111111011011111111111111100110111011110111101110110110011111001111011111111111110000111101111111101111111101011011101111110111111111110110111111001110010000011101111110011
1111010100101111100111110111111011011101110111101111101100011100111011011111011111101101110111111011111100010111111110110111011110111100111111110101111111110011101101110101111001101111110010011111110101111011111111011111101101111111100011111111111111
1100010010011110111001010111011011100001010011111111110001010011101010111110111110011101111111110111011100111010111111111110010110111111111111111000101110110101011111101111111111110111011101001111111010011011101001111111011111011001111111101110101110
0111110010011111111010010010111001111101110110111110111100110100111111111110111011110011111011001101111110001111111111110011010111011000100011011010101011011101111111011001011111101001011101111111111110101110111011111001111101111010011111011110011011
1101110011110100101111101001010111111001111110101111111111111110011111110011111101110110111111011100000011010110001111111111111101011111110100101111111111011111000110011110110111100011110111111111111001111111011111111010110111110011111111110011111111
1111111011011001011100111111111101110111101100101101111110111101110111101101101111111110111011110011111011011110011101010111111111101111111100111011011011011111100111111111111110111110010111111010111111111111111111011110110100111101011101011111111101
1111111011011101111111101111011011111111111110101101000111001111111110111111111101111101000111110110111111001100110011011011111101010000011111111001111011011101110111110111111111011111101111111111011110101101101011110111110111111111110110111111011011
1011101101111111110111001100111111101111111101111110111111101000011101111111101101111101111110111111111101011101111011011111111011011111111001101110101111010101100010110011111000101011110111101101110111000111011111111011111111001001011111111111001111
0111010110110011011111011101111111110100011111011101111011110111111111111001111111110110101011110101111011111011010111111110011101111101111111101111111111011011111001001111011101011111011111101111111111101111111110111111111011111111011010111110111111
1011111111111111110010111111111011111111011110001111101110111110101110101110110111111101111110111111011110111011111110111110111101111111111111011110001101111111100101111111111001010111111011101011101011011001011011111101111011110111111110010101110111
1111111111111011111100111111001111110111110111111111011011111111111111111111111110111100101110011011101110110111101111011111111010101111111111111010010110011111011011110111111111110011111111111101111010011111000111111011101010011000111011101111011111
0111111110111111101011101111111111101101001101111110011111011111101100010111111111110111111111111110110111111011010111111111111111111111101110001010111010011111011011100111011110101010111111100111111110110011011111111110111011111111111011110101010110
1100111101110100010110001011111110111101001111000111111100111111110111111101011111011110100100110011101101011011111101101011010101111011111111101101100011101000110010000111011110111110111101111111100111111110111011101100111001110111111111101111111110
1111111100001110111111110011101011111111111010011011101111010110100100111111111111111111101111111110011111110111100110101101110011111111001101011011110101011101111100101111011111011111111010111111111111101110101011101111011110001101110110111011111110
1011110110111110011111111101101011010111101011111010010110001000111101101111011100111111011101111111111111011110001011110010110111110111111111111111111111101110011111111111111111111101010110001110110111111111111111110111100111110001111110111011111111
1011111101010011111111101101011111110111011111110111000011101001111111111111010100110111111111111100111111111111101111010011110111001011110111111100111111101110111011010010001111111111001011011101101110010010111111111011101110111111110110111101010111
1111111111101111011111111111011111111100100111001101110111111011100011111111100110111010101111111111011001011100110111111110110111101111101111110111101011011111111000111101100111011110001001010111111111110110110011100110011011110111111111101010110111
1110111111101001011110111011111111001111011110011010011101010110011111001011110100111101111101111001111110111000110110001101001111100001111110111111011010111010111111111111111100101111111111110011111110101110011111011111111111101011111110011111111000
1000101101011010101111111111011110111110111111111101111111111111011101111011111111100111111111101010010111111101111111111101110111001011111100110010110111011011110111011011111101011011110111111111001110111111100111111111110101001100011001010111111111
1110111110111111111111111100101111111111111111111011111011111111101111111011111011111011011111101011111101101111110111001110101011011010111111010111011110111111111111111001011111111110111010001011111101111111111100111111111111111111101001100101010010
1101111011100111011100101011011111101111111101110110111111101011101101111101011101011111111111101110101011110110111111011101111111101110011111111110111110010111111111111110110011111100111101011111101111101111111111111111110111111101111101111111011111
1110111110101111111011111111011110110011111111101111111011011110011111101111110110001110101110010011001011110101111101111110111111101011011101111111111011110110010111101111101101010111101111101101110011011100111011111011111001111111111111111011101101
1101011111001101001111101111111110101011111011111110101011111101110110011111011111011110111011011011010011101111110101011011111101101111111111110011001111011110011110011100111100100111110111010000111111111101101111110100111111010011111100011011110111
1111010110011101101111101011011101100110010111101010111111110001011100101101111010110111011011111111111110111111111010010101111111111111010011011111100111101100100011111111101111011110111110111111111111111100111111010101101011101010110011100111111110
1111111110110101011110010001011110111111010011101110111101110111001111111111001001001111000110111101101011111111111111101100111111000011111101101110111110111111111111111100010111101111111110111111011011111011110111111110100011100111101001111011111110
1111101111101110110011111010001010111111110111101111111101110110000111111111011111011001111110100011110111111011111111111101111100110111010111111111011111111111111111110011011110101110111111111101111111001111111111010110111111011001111110101110110111
1111011000111101111101100111111001111110111110101110101111011101111101010110111111111110111010110110111101010111111011010110111011101111011101101111111111100111111101111111111111101111101111011111111110111111111101001111111111011011011111011111101011
1010011110111110111111110101101111011010011010111101111100111111111111011111111101110111101101011101111100111101110100111111111110111111101111101111101111101100111111101010111011011111101110000011011111000110110001101100101101111100110110111111111110
1111111111101101111111111111010011111011001111001011111111110111110110110111111111011011111111100101111111011101100011110101111111111110101101111100011001111010110111110011111111011101111111110111101101111011110111110111011011001111111111100001001001
0101111111111111110110101100001111001111110110111011111111101111111111111001011011111101110011101111101110111001110111110111111101101001111111111011011111111101111011101111011111110110110111011111111110110100101011110111101110011111111001111001111011
0010010010100111011111100111111110111011111000110111111111101011110111011100111111111011011111111111111011111110011100111100100011101110101110101011111111111111111101011101111111111101011100101111101001010110100111110101000101110111111010111101111101
1111110101011111111101111111111111000111011011111111110100111011001001110110100011111111111011111011110110111010111110110110101111011111111110100111110111011011111001111111111110111001111100110111110110011111110110111001101111111110111110011111111110
1110110111111111101111111011101111101111110111011100110101111011111101110111111111110111110011111001111101100111000110111111111011110111110111110011111011110001101110111101010111111101000011111101011111100111101111101111100111011101101011011110011110
0101111111111110111101001111111011101101111111011100011111110111010110110111011001100011110010110111111010110011111101111010111111111111111100110111111011111101111111101011111011011111010111110100110111100110001110101110111101111111111011101101111110
1110011111111111101110111011110011101101111011010111100011101111011011111101011011011111111101010111100111110111011011111110010011110101011110001110011111101111011111101111111001111111111111011111111111110111111100111011111111111111111110110111111111
0111111111111111111101111111111100011111011110111101111101111110111110111100010111101010111111111111110101111101110110111011101111111111011011111111010111111100011111011011001110100001101011011010101011011101111111111110111111111101111011111111110011
1110111111111111101011011111111100111111101101110101011001111111111011111111110110111011111110101111111110011111101111111110110111111111001011100011101110111001011111010111111111010110011111011111111111011111110111101111111111111110011111100111111010
1111001111101110101110100111010111101101011111111111111010111110110001000101111011101110011110111001101110000111111010011111001101111111111111110101110000111111100011110110111011001111111111001111010111011011111010111100010000111101111111101101111111
0110111111101011101110111111010101101111001111111111111010110111111111101111011110110010101001111011101100111110101011001011010111110111000111101000011011110111100001111111010111110001100111111111101110111111110111111111110111011101001110110011111110
1111111111111101000111111011001100110110001111111110101101100011111111101111011110111111111111111111110101110111001111100010101110110101111111011111100011111011110111110011111010101111011101101100110110111111011111111100101111111111111110100111011101
1101001011010111111001111111010111111010111111010111111111110101101101110100100111111111011110111111011001111101101110111111111111011011111110110111010101011110111011111011101111111011111011110111100111111101110111101011110001011111111110100111001101
1111101111000111111111011011110111111100101001111111010101011010111111011101101111111111111111101111111111111000111101100100110101110110111111111001110111110111111111110110101011111110011101111111011111110111111111000110101110110101111111011111110101
1011001111111011111101011111101111101111101011110011111111011111110111111111111000111111111111111111011010111011111111011001101111101101110011110111110011011111111111111111100100111110110111111111111110100111110111111110111111111011110100100110100110
1111111111011111011101111001011111101011011111101110011111010111111111011101000110110110011011111011110110111111111111110111111001100110111111011111111111111110111111111110111110111011101111111101011111100111100111111111110111100111100011111001111101
1001011111011001100110011011111010111011111011100111011111111111111011000111111110011011111011000110001111111111010101111100111110111101100011101001101111111111110110111001000101101110001111111011110111111111010111111011111111111011100101111111100111
0011111110110111101111111100010111101101111111100111011101011110111110110111110111111111101111011010011111111111111111011111101011011111101101101010111111111111111110101111111110110111100011110111111001111111111111011110110110111111110110111110111101
1111101111101101111111111111010110011111111101101100111110100111101111101111111110110111111111000101111001111101110111111110011011011011111011000011101110011110101111100110011111001111011111111101110101111011111111111011101100111111100011110111111011
1101011111110111111011111101001101011111111110111011111111011111111110111011100111110110001011111111110101011011101110110100111011111111111100111111111011100111111111111110111111111010011001111011110110111111011110101110101111011010100111011101100011
1110111111011101100111001111100010111110101011110101011011101110001010111111001110111110111111011011110111011011011111101111101100111111111001011111110011111101111011001010110111011110111111011111101111001001101011111110011110111111101111011001010011
1111100011011101101011011111110111100111001010110110111011001111110111011011101011111011111111111001101001111101110111001111110110110111110011001111101111111011111001101111101011111011000111011110101111110111110111101111101110111111101011110000011111
1111101111010010011111111011100111101100111111110001111011010111111111011111111111011101111111111101111111101111111101111011111011011001010011111010101111110011111010111110110110011101101010101011111101110000111000010101110011111010011111111100111011
1001111001111100000010111111010001000001111111111111011101101110011001111111101111111111001110111111101111110110011111110101111001011011011010010011110011101100011111111011111111111100101111111000001100111111111111011111111001111001111111101101111010
0001111111111101001111011111110011110011111100100111100101100011111111111111111100111110011111111011011101111111011111111111111101011111111111100111110011110111101111011110111110100011111111111101101101111111111101111011011110111101011011111110111110
0110011110111111111010011101001111001111111111001111100111011111111111110011111111111110111110110000111011101110101101111111011111101101011111111110111011110111011111000111111110111111110011111111101110110111100111111110110111111111111011101111111111
1010111010110011111111110011111011010111101111111110011100111011110111011110011111101100110101011101111111111111110110111111110011101111111011111111111111111101110101111101111111111011011111101101111001110001011000101001111111111111111111110011111111
1111111011111011110111111111111101101110110111011001101011011111110111101101111110111011011110110110001100111010011111111111101111111011110111110110111111111000001111111111110100101011010011111101111101011100111111111110111111101111110011101111011111
1111011010110111111010111101111110111111111111011111110101110110101011111011101111111000011001100111101101011011101111011011011111111110100111011000111111111111110100110011111111011000101111111101111101111101111010010100111000111100011110111100110110
1011101111111101011111111111111001111111111001111001110011001111101101111111111011110100010111101101111111011111111111001110111011101111110111111111111011111100110111111111111011011111111100111111111111111101100111111100001110011001110111101111111111
1100110110110111111111110111110101101101111101111111111111110110011011110011101000101110111111111100111100111101011101111110111011111011011001100001010011010111111111101111001100110111101111111010111111111110011001111111110111110111101011101111010101
1111111110101110111110011111111101110101001111010111111101001111111111011111000011100110101011011001111101110001101011111111111111110111111111111110111111110110111110001111111111111111011111101101111011111111111111111111111011100110111110100111111111
