1111110110111101000001000011111110011101111000111111111111011011010101110101011010010011110011011100101011011001111111000111100111110101111101101001101011110101010101110111101110000100110011
0110110100001101001101101000011111110101111011111000101111001101111001111011111100011111111001011111111001100111011101011100010011011011001001000001111001010111001101110110111111110111011100
0111100011011111111000111100011101101011101101111111110101110011101110101011110010111001110100110101100110100110101011101000110101101101110110111011101101100101110110111111111110011010111000
0110110111110111101100000111011110100001110111111011111101010010101111111111100111100010011011101110111101001100111111111100100111110000011111101010110000110111111000010111111011001110011111
1111111111011001111111011000111011011010011101100011011110110001011101100110100111010000111110100110000111100100111111100001111111011110111111011011111001010011111101110001101001011100111101
1010111101010101011011101001001101111100111101101010101010111011010010111111110001111110101100101111110010101100111011001111001101011011011111111111011001011101110111100010000010100000101101
1111111001011101010011011011111011010101101101010001111111010011101110011110100011011110001011100100011110111011100100110011111000111111011111110111101110110111110111111011010111110111111101
1101111100011101011000111011010110000111001010111111101010011100001010111110111101111101010101111111110110101111110110101011111100110110011111110011001111001111100010000101111010111111010111
1101111101111111111111011100000011010101110101010001101111011111111110011110110100110101110001100011101001101011110001011111110110101101001101011110101010101111000100011101001110101011111101
0111111010111111000110010011101110111011001111100010110011000101010001111110111111101111101011101101101111111110011111001111001001100001110010110111100111000100011011011111001110101110110110
1011111011100111111110000101100011011011001100011011111111101110101110101111111000111010001010000111010101100100111001011011101111001110000111010110011111011111111101110101111111001101001111
0100001111011100110101110011111101111101111101100011001011111001101010010111111000111001010111111011111111111111111111011111110111011010100011111111111111111101111101011101010010011101010001
0110010111011110110000010101110011011011111111110111001111011010111101111011110000011111110011101100101101111111110110111001110101111111111101100011101110001101101101111011011111111100110010
1101110101100011110101000010101011111010111011001001101011111110111011100011011010000110101101101111110011001010101111100111010111111010011001100111011111011101011101100101111100011011111111
1100110110000111111101110101111101011101111110010111011111110110011100001110101111011111111000010011111111110110011011110011111101101011111101111000001111111100011101111101101101111111000110
0111110110100001110111110110111101111001111001011000101101110110100111111110011110111101100001010101110010110101011011011100110000110111011111100101110101111101111110101110010111101010111110
1110110101111110011110101101101111111011010101011110101110001101111001010011101011101100110010111110100100111111001110010011011111110111110011111110110110110001110011101101101011100111011001
1101111010011111111111011111111111100101011011111101101110010011110101100000111010110110101011110110111110111011001010001001110011001111000011111100110001101110101011000100110111100011101011
1101101011111111101111011110010110101111001000001111001111111110111111010111010110001101011101111001011111001101111101111000010010100100100001111111101110111100000101111101100110011001011001
1100110011011111100101110001101001011111001110001101010100110110100110010111111111111010001010110110010001011111001101011110011011101111110110111101111111111000110110011011111011100101101110
0111011111101011101111111110011110000001011011000011111100011111110111001110010011111011010111010000111011011011101110011100111111111011011101010111101011111111010011001101111111110111111100
0101101001110111111011011011011110000111011011101111110110110110111010111111011111001001110110011110011110010101011111111011110101001110110111011110111111101101000010111011011111011110011111
0111101011111011011010111100111101111111100111101110001101011110100010100110100010101011111111011111011100001101101111110111000111111001111000001101111001111110011101101011100110011111010100
1101101011111101101110100110110111111000010011010010100111110101001110100011101100110110110111111001001111110001111101000110011111100011011111011111010111011111110101100000011011010111110011
0100100010110111100110110101110100101110010010000110011111001011110100111101110111010110110111101010110111101001110101010110110010101111100011101011100111011011010101111111111100110101110001
1101111101011101100101111011111011101111111110111001100100110011110111001111000010011011001101101010111011111001100010110101111111001111011100001111010010100000001001101011010111001001111110
1111011101110010101001010100110011011110110110010101011111111111010011111011101011101111011011110111101010101110011111100101010111101111010110110111001011001101001101011011111100101010000111
1101110001101111111101111111111001010110010100111100011111000000011111001011110000111101110110000011011111111101101011010111011100011011011101101010111100001011011001011111000100100001100111
0101010100111000100111110111111111111110001111110100010110101100111100100111111100101111110110101101010101111000101110001001111101101011111011011001100111101101011100100010001011110000101001
0111100110111111111111011111111000111011110111111011111101101100110100110110101100000111110101111010011011110000111111001111101110010001100110100110010001011011110111101101101111100010011111
1111100011011111110110111011011101010011101010111010111111100000111101010001111110110011011111101111110010110000010111111111000110111101010010111111111100101011011011100011101010000111000011
1110111001001111001010001101100011011111100011100010011111010110101101100110001111111111111001011001101010111111110111100110010001010111111101011011011110110100010010000111010010011011010101
1111000101101100011101011000110100001111101111110101111101000111110111110110111111010011001111110001101101111010100101110111100111110011111101011111011100101000000110111111110000000111011011
1011110110000111110101101011001111011101100100011111111111011111011011100001111111011011100100110011101111001010001000110011111111010110111010111101000010000011101111011000011101011110010011
0111101011111011111111001111010010111010001011110100010111101110111011111100110010000101010110100101011011000111110111111001001111101010001011110101001101000100110110011111101110000111001111
1100011011011101111111101110011111101100110111111111011001011111101100111010100011010100111011110101111110001011111101111110101100011011011011111111011111011111010101110010111011111011100111
1111000100011101001111110110110110011011111111001101011110001110001011010111100110011101111101000011101111110110001111011111001111111011011001101101010000010011001101011110010000111111101111
1010110011001111011001010111000100101111011111110011001110111010111101110011110011011111110110010110011110100111011110111011010110101110111111110111111111000010000111101001110101011111111000
1101011110010001110000110101111001100100111101000010100111110110010111111011111111110011111011111101101011001001110100111110101111111111100110001101111111001111101101101111111110101001011101
0011001110111100101101011111111110010111110010111000111101110011011111100011110011011101110011101110011111111011010010010011000110011111001010011001100111011011010001111000001011001000110011
0100101110010101111111100110111010001000011010111111100111101101100110100001111111111000111110011001000110001110111100011111101100111110011101011111010010101010110100101000111011011110001101
1011101001010110111111111111110011110100011111101101011111001111111001010110001101011100111111101101000101011100111110101111011111011110111011101111101011111001110011111011011101111100011110
1110000010111111111000100111101001111101101011001011111110111110100110011001010011111000000111011101111001111010001011101100010011101111111001011101001111010111100011101101100111001111110111
0111111111101110101100011001111001101111011011110111101101011111101010110110111100101011100111111010111110101110001110110101001101111110111111111110101010110011111111010110011001111010011111
1010101010000111000110111011011011000111100110001111101101111111011100111000110010110111110111001111011011110110101110101111011001011010010100101010010101110010111011110111011000000110010111
1001101001110110111111001111111110111010111111001010100100000101101110101111010101011111110011111111011110110101110100111011101000010011110101110001111111110110101101110011111000100001111010
0111001101111011111011111001011101110100101101111000111100110111110100111110111101111011111111010011011111010011010101001101111111001000011100111110110011111111101110111111011111110111111010
1011101111010111111111100000100010111010101110101111011111111011011100101101101110111011011011011110110111011111011011110000101011111011101100001001101000101101101100101100011100111111101110
0011111111101101111000110100011101001011110011011100111101100010111100010111111110011001010111101110011111111110110101111111111000101111100000110010111111001111100011011011000100110100101010
1011010111010111110011111101110111111010000101011111110000101010111010001010011011101001101010010011010011100101100111001111111100111110100011111001111001111100111110010100011001101101111110
1110101110111101001111100101110011110011011111011000011110111001101011111100011000110011011011100111111001101101011101110110100010000101111011100010010111110110010001110111111110111011110001
1011111000011111100110101011011110110111100100111100110110011111100010101011111011111110100011010001010111111011100111101100110100011110111100110111000111110111001011111001100011110111011010
1010011110100111111101111110010111111001110111111111001011100001100011111111110111001011111100110111101110110011010100101011111111100111111100101011101011011111111011011110010000111110111111
1101111111101110110111000101111101011101101111001110110101110001101001010110010111101010101111111000011001101111001010111011010111110101101101111010101101111110110111110010110101111111111011
1011000010111110100111111101100011111100011100111001011110110111111011101101100010110010111100000101011001100111111110101000111011010110101011111011101001110110010111101111111110000010110010
1111111101001111011101111110111011000011010010101111111101011111110011111011111111001001010111010111111110111111001101001110010001101011111100011110010111101101001100011111101010101110011111
1000000100001011100001011011101110111101101101100101111101011011110111000111110110111111001111001101111010111110111000100111101101101101101110111010000110111100011110011011010001101111001111
1111111100101110101111001100101010001111111111111101101011011001001111111100111011110111111101110111110111111110101110101101010110011101111010010111110001000110111001101110110101111110011101
1101111101101110110111111100011110110111101101100111111011111101111101111101000111101101001011010111110111001101101101001101110100101000110111110111100100001101110001101011110010001110110001
1000111011111010011011101111000111100111001111110111100010111011101110010011010001100101001111011010011100101010101110001010100101001011011001010001001111011100101111011111101101111110111001
1010011101111010000101011010110111011001011011101010001001101101101101101111111101011111011011100110011101110101111011111010100101111111011011110111001001111100110010101011000111111000001010
0111011001000010111100101111011101001111001010011101010101011101101001111001110111111111111111001011010011000111010100000100111010011001100010101010101111110111100011001110111101111111101111
1111111010110110101001101110001101011111001010111111111001101101011011000101110100110110101000101111111111011111101111101111111100110010111010011101011101010111111110111101011011110111101010
1110110000110001111010011000100111111001101011110111101001111010000011010011011111101010010110010101111111100111010111111011110011110011111101010011011100011111110011101111111111110111111111
1100101111111110111011111011101111110111000111101101001100100101111111101110101001101111111110110101111111111011000110111101110111111101100101010101111011101111111101001101100101110001110110
1001111110011110010011111011111010100010011100110111011101111110010000101100101101111111010010001111100001111110001001100101101011000111101110011001100101100010101001111111111011011011101110
0111011111010011111101111101100111001111110111101110101111110011111011110010000010111100011111011111111101111110100110111101111101111001110110010100011110110111111110101110000011100111110110
1101011010110101110001101101101111111101011011011010010110001111110111111110111001101111110001111100001111110101111110110101110111111111101011000111111000000101011111011010110011100111110111
1001010000101111111011101011111111101011010111000001110111101011001001010011100100000011101100111011101011001110011110100111111000010101001011001100101111111111111000011111101011001011101101
1111101100110100101101111001011110010111101011110001111010111010010001111111110000100101111111000101100111111111110100101011111001111111101100011110101110111100011010001010000010011111111111
0111100000011111101100111100110111101111111100111111010111101110011010100101001001011011010110111101111010000100011101100101001010101111011001111000011001100001101001101101100011001111111111
1111011110101111111001011010111001110111001001001001001011011101001000010000111101011010110001001110111111111111110110111011101100000001101101001110101110111101011001111101101111111001000010
1111111111110101111101010001111101011100010001110111111111110111101010111100100011111111010111101110101011001111101010111000110011100110110000101111111100011110101100011111010111101101111011
0111110001111100110011001111011110110110011011100110101111010101111111100001001110110100111111111011111111101000111100110100000000010011010001111000111010100011101011011001110111011101010111
0001111111111111100110100000111000101101010111010110010000001111100100001011011001110110001011101111110101111111110011010111100110111001011010111001100111010111111111111111111111100101000011
1010110111100001110110110110101110111000001101110111111100101110001100011110111011111001100110001010100001011111010110010010100010101001011110101011110111111111111111110011111111100100101111
1010000010101111001111011101111100010111111100111110100111111001101101101111111111111111111100001101110110111100101111101111001111111111111011110110101010110111010111101001101110101010111101
1111011011011111011101101011110011111110110101110101111101111110111111110001110011111111111100011110100011110011111000111011111011001011111010001111110001001110101110101001111101001110100110
1111111111011111111111111010111011110101110010110100100100111101111001011011100011110011011010110100110000010010101111100001100111101111101111011101110000111011110110000111111101001110111000
0100111111010011110011101001011011101111110011101100101111100011110111101111000111101011000011101011001110011101100100100011011111100101011111011001000111110010101011111001111010111001010110
1100111101110011101110101010111110001111101101101100111111000100100110011111110111100110111100110111111001001110111111101101111110111111010011101111111011111111011110111001110001110110111101
0011100110101011111111011111011110100001101100011110110011110011111011111111111111101101101100010111100101100111100000110110101110011110011010100001010101111101101101100110111111111111011111
0011110110011110011111010010011101010001111110101101101011111111111001111110001110101110010101100011111001111011010110101110010110011111101010100011110111101011101001110011110011100111111001
1111101001001111101111100010110000110101000111111111000010100111101111001111101011111001111010111111010011110001101010011001111111111011111000010111011001011101010010001111011011011011111111
1110111101100110111100011111101010010011001101110010001101111111101101010011101111111101000011001011001011111001101101111111100011010010111101010000100111001111101010100110111010100110000111
1101100111111111110010011011110100110100110101111101101111110000101010110111001111111101001111001110111111000111111101010011101011111111001101010101111011111110110110110110111010100111010110
0111100000000000001011101111011110111111110100110111101011011111111101100100011110110101100001111110010001110001111011011101101111010111111101111110101000010011010101111110111010110111000001
1100110100101011111111010011110010111100110111101000111101011010111101000111111101001101101000111011011101111001100011110000111001011110011011111100011110110111001010001101001110110010001011
1110010010110111110111001100110100101110010111111110111111110110111101001101111111101001011011101010110011010010111101011111011111101001111011111011101101110110111101001111011111001001111111
0101110011111111010111011101111000010000101110010111101111110111101100101111111111101111101111010010010110111011111110010101101011000101111111101001111111110011111100011111111000101001111111
0111011011110101111011001111100011101111011111111110100111011110101101111110110101101110001100111011111011011101001111110111001110111010111110011100000010010101100110111011101111110111000111
1111101111101001110101111111111010101111110101011011000011011000111101110111101110001011101101111011111111110000101011110010111111001111010011100111111101111111110111110101001001011110110111
0011011001111111111000010111101011101011101100110011111110110111111100100100111011111101011101011011110010010111010011110101110011101010101011111100000010110000111111111001101100101110101010
1111111011111101101010011100100100010111011100110101111101001100111100010111010011111110101110111111010111101100110101101111011101010111101111100111111010110111001011111100001001111000111101
1011111111111100110110101101001111111111001111011000011011111100011100111111100110111101100111110010010011100111111011011111011111011011111010111111111001101101111100100011111110111000111011
1111111011111100000011110100111011111101010010110111100111110110011110110111100111011111110101110110100010010001111111011100111101011011100101111011110111111001101110110000011111101000010101
1111011110001010111011111011000111111100111110101011111110111111111111101011101100101110110101010010111001111011101111110111111101100110100011111101010110110110101101111100011111011110011110
0000001010000010101110111101001111110101001111010111010011011010111010110111100011111011111111111000011101111100101101111111111101011111111010101111011110111010001111111111110101010101110110
1001111011100011001011100011110110110000101001011110011111001011101111011011101101111101111111111111110011011001101110111000010000011010011111110111001001100000101110110110110111110001101100
0111111011001001100111111101000010110111111010111100111011100111100111110111111010100101110110101000100101101011111110110010101100111100111011101101011100110111101111111101111011001011101101
