011101000110101100100011010101011111111011111101111101110110101101111011101100000011111111111111011001101111111111010111101101011010011111010111111100111010100001101110110101101101000111011011011100011010111111
110100101010010011011010001100011100011011111010111111111100110100110111011010000001110110111000111100111100101111111000111110100011011110010001111111111111100101010010001101110111011010111111010011000011110011
100000110110010111001011101001111011010110100111101101111100011011111110011111011011111001111111110111001110001100011010110101111111101111011111101010000111101110111110011101011001011011111111011011111111101011
100101101111111101001111111110111111000111111100111010011110100011111011011111111101101111001011010011111011111101101110101111101010110000001111111011111110001111111101110100110001100111110010011100110111111111
111010101110001011111111111011111111010001110100000110000111110111101111111001010111011010110010101111010100010111011111101110101111111111000011100110101110000001100110011111000100111011101100101111000000101001
111011111111011110101111101111010111010011111001011110101110101001100010111011111001111111001101011110101101001111111010101000111111100111101100000111010110110001011101111011001111110101110111110100110011110111
010111010001101100111001000011011001101011110110100111001111011110100011011110110111010011010110101111111111011010000101111110101101111111010010111111110011111110111101101010000010111110101011110110000111101001
111000101100101010010110111000111111110011000000101001111110001011110101111110000111111101111011111011101011001111110100100000111001111111111110111010011000001101111101111100100110000001111100100111001110010110
001011101100111011101000110101111110101111101111011111000111101110001011101100001111111111110101100111100101110000101101111001111011110011001010001011111111101011111111001010011011100010111111111110001110110111
110111111011110110100111011010011010010110111101111111101101110111011111110001101010111111101000011110101111100001110010100110000001111111101111010010111101101001001110111110101111101111111111111101011011001001
101001100010111100101101101011011101001111111111001110011101011001111110011100111011101110111011101101100011111110111010011111101101110101111011110011111101011101011110111010111110101011111110100000001111000111
111101101010001001010111001111001001101011001010110001100111100100111001101111110111011101110101111100110111000111100110101110110100101110111110011101011100100011111011111110111010001011011010110000100011111001
111000100001011010111100111010011100101110111011111011110111010111111010111011010011111111111100111011111011110000101011111111110101111111110111000011110111111101001100111111111010111111111101111000001111000001
111100101011101110111100011111010100111011011101111010011010011010111111111111111111100011111111101001000110111001111101000101101010011011110110111111001001100110011110111111101101111111111101001011010111110011
001110011101001101010010000010110100111111011011101101111111100100111100001110000111110101011111011111101000100010010110011111011101001011111101110110011011111011101011010011110011011101001001111001001111111011
111011011100011101000100111011111111111110011111011001011110111001000011010111011101000100110001111111111111111011110110011111111011110110111111100100111010010111111101100111000011111101011100011110110110110111
110001111101101111110111110111001110000111111010101111100100100101101011011011111110111100101110010110110011111111101010100011000111101100110011110100110100101110010001001001110101110111111101100111100010101010
100011111011111000111101001011100010011111001111100111001110101110100111101100111001111001111100100011010100101001111001001111011001100101110111011011111101111011111110111100010111110000111101111111110000011111
011111110001111101111011111011011111001110111110111101110101111111101110001011011011111011101111011101110101111111101100110010011111111011101100001110011111101110110110111111000111000001011100111110110001001001
111111100111110111101111011100101001101111011110111110110111000001110011100101100110100111111001101101101110000101101010011011111011111110100101111101111001011000100000110011101111111000111100111100101111001011
110011111100101011001111011111111101101011111110010110111101001111110111111001111110001011111111011101111010101010100110011110110111101110111010011101110100001010100011101010101001110011100110011110101000010001
011110010100010010011010111111110111101111111100111011111101111111111101100110101100011010110101011111101011100011101000001110011110111011110011011001000111011110111111011101111111101010111010011101011011011111
110111011001110100001111101111111011000110110100110011111011001111110111111101101110011010101111001111101111111011111011110101101110101101000110011011101011110111010111110111101011011111111110110000000111010111
110011101100110111000111011000000111110111111010011101101011011011110100100110010011100101101010001111011110111111111011110110111101101100010101101111110000110111111101011001111000001101011110100101010001011110
111111101011111101001110111110100111111111110111110101010011011110110111111011011010100011100101000111011011101011011010011011101110111011110011111100001001001111011011011111010011100111001101001111111101111001
100011011000101010000100111111101101001111111100111010111111001111011110000111101100011010011010101101001010111100111010011010001101110111111110001011100011111101001111110101101111111011011100101111111011010010
101111110010100111001011101010101001110100111010011101000101101010011000101111111101110011110111101011101110101100111110111100111100111111111111001111011111101011001111111011011101000010110111011101011110101101
110111111111011110010110100111100110010010111111000111111110011110011111011110110111011011000011101111011010001011011010100101110101100011111101010100101110011000001110111011100001110010101100111001110111101101
110011111101101011111101111110011011110110011100100111001001110100010110011000111011101100111110001001111011110111111111100100111101011011000101110110000111111100011111111111000110110111100100111110110110111110
001111101000111101001111111111001100111001100011001101011111111101111010111001110000111011001101111000110111111011111001111110101011111111011111010111111110011011111100010000011110111111110000100100011011011010
101111101011110110110110101111111101110011101100111110001101111000011101101010111000111110100000010011111111111010111101111110011010101101101111111111110101110100011110110111111001111001110111011111110110111011
001110111111101110111100101110101111101111101111110100101111111101101100001101111110011010101111101010111110010010100111101110101011111111111001011101111100100101010010011101001110011110011010110011110101000011
010010001111011111101101110101110110101101101011101000111111011011000101011000011011111110101110011000001111101001101110111101100111110011011011101111100011111001101111010011100101001001000101111011110111011001
110111011100001001001111001101101101111101001111010010001101000101001111110011101100111110111100011101110011100111011010011011110110110011110111011110011101101111111100101111110111110010100000111111101110011110
101001111100101111110100010010000111011110100111111011000110110111011111110111011110111110010110000011111101111010111001111110111111011001111000011111010101101110000111111111001111010111100110110101100011100101
111101101111111001110011110101010101101100011111010001011111100111111111010011011010001100111101101111000111001111110110111000111101101010101111010111111110000100100111000000110111010101011111110011111110110111
111010011010110001011100011110011011000111111011110000000101000111111001101111101111101101011100111111011011111110111100111111111001111111110110000011100101110111111001101011101111101110100001111011001100101001
001101110011110111101110110101110011010111010000111111111110010101111001101001101000101011011001110001101011111011011101101111111011111101100100101111101001001010011110010011001000001011111010101100101101001101
101011100111001100111101111011000011101010100100010000001110111111011110001100110101011011011111111100011011001101110101101000101111101110001100100111100111101110100100111001001101011011111101001011110111101111
111011100001111101111011110101111101111111001101111111101001010000110011110001010101001100101111111101101011110100101111011010101010110010110110001010011011110111111011001110011101010011111110000111010100010110
011101010111010111011111011011110011011111111010101001010111110110110111111111110011101111101111101011110101111110111110111001100100110011101111110101101011011111101111010010110010011011100111110010101101111100
111011110111111011111010000001110111100101111011111111011111101101011100110011110011011101110010111101111111011110111111011111111010100111101101011011011001111110001111110110110110111111000011110001111010100101
010101011000101011010110001111101111010010011001110001111111110110001011010111111111010101000101011100000111111000011110101100101101111110101110110111010010111101111001100111011001110111011111101111110101111001
100111110111010111111111111001111111110110010000101110111111010110011011110111010111101111111101101111100011011111000011010111011110110101011110100111101110111111111101000111001101001111111101001011110111010111
110101100111100000110110101011111001001100011111011101101001111010001001111000111011001111001111010101001000111010101110100011111100111111111011100001101101101010101011111010111101111110101101110000111110111101
111111000101101101101111100111101111110001011111011111010111001111011110111111000111001111011011101101111010101111111010011010111110111011011110100000011000101110011110101011011110101010111001111111111110100011
111101011111111110101110111110101100111111111000100111100100111000111011110110010001011110111101111110111110111111010010111110100011111101010111011011111011100010011011111111101111010101100110010010110010100001
111101101100101100111111111110101011101010000000101110100111011111101110101110000111101101110101111011101001100001011001011101110101111011011111011101111001000011001110110101111111111111000111110010011110110001
000111110011101111010111010110010111011001011111111111000001001000001111111110111010111111110010001101101111001101111101101110111100111101110001011101111011111111011001100111111011011110111010111111101111001111
011101100010101100111101111010111000100011011111101011101110001010110011111101101001101110011110100111111111100000000101101111111100110010011111100110101011011010110001100101111011110101101100000110011010111101
110111110010111101000011010111100110101010101110000110001010101111111101111001110100111110111011110101101110111110001010101110101010111101100111111010101010011101001110011101110101010100110000000110110100010111
011110101110100100010001110001111111110010010011111001110110101101011100000110111001010100010111011101101111110110101011101100111001001001111100111111010111010101110111011111110101110110110100001100010011101111
001101101011101001011101011000011110111001111010111110010110101010001111001111111111000101010001101110011110010011111011111110001010111010101111101111100011101111100101111011010111110111111011100100011101011001
101111110111110001101111110011111001110001000111111111101001110011111001110010010111111101110011111010111110111010111101011001111100100001111011110100110001111011010111110010111100010110101101101010111010110001
010001110110111111111000011111000011010101111011111101111010110111111101011110011000001000101101111110010010111111111001011111100011111011011111100001110001111011111110111010101110101101111011100111001101111011
111101000011100001100111011111110011000001101101000011111100101001110110111011101110111110110100110011011111010101011111101111100100100011110111001110000111111000010110110011110111010111111100001010111001111110
011000111001111011100110111111000101111011000101111110111111010011001001001110011000110111011011110110010011111100110111110000111100111111101110111010111111110111010110000000111001110101111110101000101101111111
001101110001110101101001001111011111111101111001011110001111100011011001001110011110011111111010111110010011111100110110111011111111111011000011110111101010110011011111000010111110010010011011111110111111110111
101100011110111010111010110011011110111101111011001011111011110110100011111111111011000100111101111100000110110110110111101110001010011111111011001001011111110101111110101010100111110011110010111101110101111010
011110011111100101011110011110100110111010111110010001010010110111110101101111001110101001111111001101100011110101111011101111001010011111101111111011111110110111111111010110111011100111011000011010110110101110
111011011111101101011101011101111111111111001001111000100110111110100010111101001101011101111111110101111111100011011111011101110100011101011101110101111101111110010100111101110110110110110011111101011001010111
011111010001110111001000100100111111001001101010101110100000001101001111111101010010111110100011011110101110111101111101101010110000001011101110101111110001101111011100100111111110110111111000010001111001110011
000101011010100101111111101111110111101101111101001110110011011111011111110010110111111101011010101011111101101011111011000100111111110110101111111011000001111100100011001101011011101011000111010101011100100110
111100011111111111110111101001111010111111011110001111011011110011010011011101001001101111100001100011111111110111010111111111011110100100010011101011110010101111011011100101010111111111101111111110101011110100
100111101101111001000110010101101110110101111001001011111111110000110111111010101111111010011100110001101111110101100010011111111011011001001010100011110110111111011010011111111101111111111110101011011101000001
011100111100010100101101101101010111111110101010001010111110111111111111000111001110011111011001010111001111011011011100010110100110011001101111010100100111111000010011111101110011110110110010110111111100111001
001111110110110011101101011000111111111001001011111100011001110101101010011001111101110001111111011100111101110111011011001110100101101011101111011011101111000100101001111111001010111011111011111110001011001010
000101110010111110100101101001101011101000011001110111011110101000000100111111110100011111111100010011111101011111110110000001101111001000011110010111101101110001101011001101111101101101111111110110010001111110
111100100110111111100101110100011011011100111101110010101000101101111101101110101111101000110110001101011000110011100101010100000100111111011111010111110111101011100100110011101111101111101011010111100110010010
110100111111100101011111001110000100111100011111101110000111101010001101000111111110110001001110010011101111110101110101111101110011111001110101110000011111000101011111110111111110111000111101111100011000111110
110010101101100101101111110110111111110001100001110111101111111111101110101001110011110111101110101111110111110001110100011111101110011110110111011101011111011000011110111011111110111110111001001011101110011001
110111100111010001111111111111000110010111110101101111111110111111110100111110100001110011010000101101101001000101011101011011101110001111101101110000011111001001111111011111100101111111111100010101111100100110
110010111110111101101011111111110011100101111111100101000101011110011001110011111001111000001111111101111010100011001111011111101111101111101101011101010111110011011100110100111011011111110001000001011011110010
101011001101101011110111101101111010101111101110111111001101000001100111111000111111010011010101101101101000001111111011111111101001111000111010100101011111010110001010010100011111111111111101001011010111000101
111011110101010100101010010001110011101110101010111101010110011111101010101000110111010101011001011111111110111010011011011011100000010111110110001100110110111111111111110100001110101101111000111111011010110111
010001110101011101110101101000010011111110101101011001111101111111011110110111010101011010010010101111110100001110101000101001110011000111111011110101100011001110010010001111011001111101110111111111110101110111
111000100111100101100001101001001111001101011110110111011101100110100001010110100101111101111111011101011110111111001010101111111110110110111110111001111100011011011111000011011101110100110110110111001010000010
111100111101101111010111111111111111010001110111111101111111110110011110010111100111111001110110101101111111110111010001111011010001000111001110110110010010101111111001111111111011011011011101100001111011011100
011011101111100111101111001111101000111111010101101100010101100101001011011100110111011111110111100100100111001101000000000011110111101011110101011110010010111010110111111111010101111101110000110101111010101011
001001111001010111111010101011101001110100000011101101111111011110111100100001111111111001101011011110110101101110101100101110101011100111100010111100111111101111101011000111111111101001000111110101000110011000
000101111011010101010110101111101011011111001111101101110011010111010000100110110001011110111101100011100011011001111011011101100010101111111101111110111001110011111111101111010001110111111111011111011100011101
011111101111111010001111001001000100010101101011110001111011101111101001001111111100001100010011101101011111010110101101001111010100111011100110010111001010101101011111101110111110111001011011001110111111011101
111110110011111101101001010011101110110011101110101111111001001100100101101110111011101111100101110000111110001100111010101010110010010011110100110010101111001000001111111000110001111001101111111011010111100101
001100100000111010111011011111111110101110100110001011111011110001001001011101001110111101111101110110111101001111111011111111001111111110110110100110110001111011110010111110010011100101110110111101101111110010
001110110010110010001000110101111011111111101110011010110011001101011111111111010110110111011101101110001111111100111101110001111011111011101111111111011111110101111101101111101011011111100111010010011000101101
111010111101001111110010000010111100100000110111010100001111100001111011001101101001111101011011011001111110101001101110001011010111111111101010011101110011011101100101110101110111110010010101010110101111101101
111011101100110111001111000001101101100111101100011011111100011101011111110000100011100111100111010111111101110101110101010111111001010110111110110111101111110001011000011101101001110101011101110101101110111001
111111111100010111111110011011001011101111010110111100011111101110011101110110101101111001001111111100110100001110001011110111111111110111111010011110101111010100111110111111000001001110000101010011111111111111
111111111111011111111111011011010010011110010010110111110010111101111101110101111101001101110010001011111110111101111011110111000010110011101111101010011110010011111111111101111011110110111110101011001010111010
111011111010111011111110110110110111110110100101101111011110111101111001101110111110111111001110010011111111101111011010011111010010011111011001111111111100010111111010011100101110111000100101010111100100111111
111111111101001101010111011111110000000110000000011110000111011010100111111101101001111101011111101111111010111111101010011111101110101100010111111100101011010000111110100000110011000101101011101110110100100101
011111010111101111111110100111100101011101101111110101101010101111011101111110001110011110101000100010100001011110101111110111101110100011011111111101110110111110101101001001010010101011001111111101011111011100
111111011010100101110111110111111011100110011111101000011000000111001110110111101011001110001011110010011111111110000001110101011001000101111001010110111011001011001101100110101101101001100011011111111111101001
111001100110111111111001110101010100010011110111001011110111110100111011010001110110010110111110111111111111111111100011010111001110101111110111111110111110101110101010100110001010110101011111111100000111011110
100110011110101011111110000001111010001111111111100111111101110110010010111000001100101110111011011111011100101100110100001001101100011110001001101101010101111101111100101111100001100111011111111001110001010011
101110101100110101110000111111101111011100111111010110000110111111010111000100111100010101001011110000100111100011101011101011011011110111011111111100111111000101101111111110111011110001011101101100000011101100
111111011010110101101111111100100100111100101011110111111011110111110101110011010101111011110110010111011011011000100000111100101010001010101001111001001101101111101111101111010100000110000100011011101111100110
110011100001111110011110110110011101110001001011111011110101110101111011011101111101011111101111111010101110101110111101111101100101011100101101011111011110111111011111000111111111000011110110101111110110011111
101010111100001110111010011001101011011011100110110101000011101101000111111110110110110110111110111011111101101111111111111111111001111100110100111011100111100111000111101111111111110111111111111111001001101101
111010101101011010001111010111110101011111011111001111000111010111101101101011100111111100111111101111001101110001101111011110001110101111101110001111111111110010111111101100011111100001101101111111110101110101
