11110111111011110111110100011101101111010010101101
10110101010011111111001111100000111111101010010110
01101011111111011100110011111110001111101001111000
10010111010111111001110100110000101110011110111111
11101101101101011011011101010111010000110110111111
01111100110110111111111011000000111101001111110101
00100110110110000111011111111110111010110111100111
11110101000011111011110111111011101110100111110101
01010101101010111100010111110101101111111001110110
11110010111101111110111011010110101011000110011010
11100101001111001111100111010101111111110100111111
01100111011011101011101011011111111001101100100111
11010111111001101111001111110011101010101110110011
01111111111010011111111110010111010111010100010010
11111000111011110101101000010001111111101101111011
11110110111111110011101101101101101011111110100100
11111000101101100110101010110011011111010000111101
11111111110110110110100110101111010110011010000001
11010111110010111101011111110011000010110011111111
11011001101100001101011011111110100011101110111001
11010100110011101111011111111001111111001110001101
10101100101110100101111100011110111001011111011111
00111001011110100101101011011010011111110110111101
11111110111010111011010101100100000010111101101011
11110111101110100010011101010011111001101000111101
11011000111100110010011110111110000010111011101111
01111011110110111000010101011011010111000111111101
01010111111001101111011101101110101010001100101111
10010111011011011111111001001110010010101110110010
10000111001111001011110011111101110110101111111000
01100111011101111101100100001111011111011011111111
01011110110110101111011010011111101011110001100111
11101111001101100111110111010001101110111111001101
11010101111010011110101010001011110100111001101110
01011110001111000110101111111111111101111100100101
11010010011111110111011110011101010101111111011110
11110111110101100001110101011101111101110011111101
11001101100111001011001110011001011111101111100001
11111111101101101100111101000111100011110010111111
01101111101000100101111011111110111010111010011110
10001001010011011011110101111011101111101111100011
10100111101010000111101111100101010111111011111100
01100111111000011011100001111100101111111001100101
11110011111001111111110011111101011101110000011011
10110100001111111101000110001011111011101100101110
11100111011001111011111100010000111010100101111010
01011111100110011111110100111111010101101111100110
11101101101011111110110011001111011010011000011101
11011111111111000101011111111110011111100111100000
01000111011101000101111110011011111010101001101111
10101011111110110010001011001010111101001111110110
01110101111110101111011010111010111101011011011110
11100101010110111110111110111111010011001110111110
01011101111001110011100111100110100111111100110001
11110011010001001111110111110010111110101111001011
11111010111011011101001111001111000010111001111111
10111011111010111101101101010110010101010110000111
11000001111101111110011001101011111111100000110110
01111101111101000011101111011010111111011010001010
01111110001110001111111111011011011111000000110111
11101101001111110001111111111001101101100011111011
00101111000010011011111010101011110011111110011111
00110100101101001011110011100010111100111111111011
11001111110010011110110000101111101111011101110001
10101111100101110010101111001010111110101011101110
11101010101101101100101011011011101011011101011111
10111100011011111100111111111001110110010111101100
01111000101111011100101111101010011110110001111110
00111111011011111011111010101101111011000111101110
01101111110001011111111010111011011010011011110110
11100001110001111101010111111001001111011111110001
10100011111111101011000011110101011011101110110011
01111001001111101001000001100111011101111101011011
11111100101001101011101111111100011111010010111110
01111101111011110011111011001011111000101110111110
11011111111111111010011000001010100111111011110111
00011111110110001001011101111101011111111011110001
01100100111011100111110111011001101111111110000111
10111011010111111111110111100011011011010010101010
00110011011111101001111010111110111101101011111011
11011000010011111110010111001110001011111110100011
01111100011001101001111011111101000101011110111111
00010110001000010010111110111010101111101111111111
01111111111001100111111100111000111110111011001100
11110011010101110111111110001100110101010110101101
01001010101101110011111000111101111000100111010111
11111100101111000111101010001111110110100101110111
01110110010111111011011010111101000111010111011001
10110111111001100001101100111101011001101101111111
11110000111111011100010100111010011011111011110101
11011111011111100111000010101110101100100110101100
11111101110011111110110101010111001110110011101110
00110011111100111110101111101011010111011100000111
10110111110001011011111111101111001100111111001110
11010110111011001011101011010101010101111111111011
11100001011111110011011111011101011101110111100000
00111101100101110011110111010011011111101011011111
10011110110010110110011101111111101111111111010001
01111110110011011111011010100110111101011100111000
11000101111100101001101101111101101011000000111111
