010011111111111110110101111111101001111111110011110011111011111000111110101111111110000101011111111111111100101011111010100111110011101111111111110110001100011111001101111111011101111011110111101010000111111111101011101000101101111011111011101111010111011011111000101110111110111111101111010111010100010010001111111010111111001101011011110100110110000000101101110010001001111110111101101111111101000111001111100111000110011110111101110110111111011000
001100011111010111100101110111111011010101101010111101011101100111111110101110011111101110000011111111101110111111101010111011111100101111011101111101110110101111100111001001111101110111001111111111111111100111100100101100101111011110111000110001111110111101110111101011110111011010110001110101100111000101111011111000100101011110111111101001111110110111111001110101111000111110111110101111011101011111101110110100111110110111100011111011110011111110
100001110110100110011110100000010000101111111111111110110111011111011101110001011011001111000000001001011011111010001011110110011010011101110001100011011001110110011010111111111110111101100101110001100011101001101001111011010011100100001000001010000111000001100110100011111111101101111101111110011010111101111011110101110111101101101101101110111111111100111111111101010111111110110001111110111011110111110100010101110101101110111101101110110001111111
110111111111101110000011010111101010111000011111111110000110100000101010100111111010111111010101111111101100111100100100101110010110010111010110111101100111111111011110111100110001110000101100111011110001111011011110111111001110110111011110011000010111101010110111011010111101010111101010000000100111110100011110111101111011100011011011011011100011101001100111101011111111100110011110100110001011001111101110011001111101000110111111111011110111001110
110100011010110101010110101111110100110101100000011001000011110101011111111001111110011011111100111000011110010111111111101010010100101000101010011100111101000111110101100010011101111111011100001100111011111010110101010011101101110110111111111011000100000011111011111100100101010111101101101011011111011110101111011111001100010111111101001101010111011110011101110111101011111000101101011110010010110101101111110011111001001111101110011111011111000000
101001011111011010101001111101010111010001101011110110111000011011101000101011110000110101011111011111001001111001000101111110001110011011010011100111111111110110111011001111110111111111011100111100101111111111010011001011110111111010001000111100110011111001111111010101001000111011000101001110101111011100111110111110111101101001011111011101101111011110111011101101100111111000110111100011000011010111101011011101011110011001110001110011001100110101
110011101110111001110111110111000111111011010011000001011111111001011011001111111101011011011001100101111111101110110101011011111110101101100101111010111101011011000110011001111110101111010011010111111111101110111101111011101101111101011110110010101001111101011011011011001101101111100101100011000011010011101010011010001110011001111110011110100111001110000010101010011000011111111110101110111111010010101010111100101111101111111111100011111101111011
001111011000101011110011011011101001011010011011111100110001111011111111111101111111110011111111110010111111101101110111010110111111011101011111101111011111110110101011111110111111110000110100111111110101101011111111111111111101111001111010010011101000011111111111111010111101111111100011011100001011111110011010110110010100110101010110011110110011101110101011111111100111111001111011100110111000101001100111101101111010111000110011110010110011110111
101000111111101011000010101101110110000010110111011001110101110111001101000111101111111011011011111000011010011111111001001100100010111111111111010101101110110101101000001101101001000001111011100111011101101101111110111100010110011101010111111110101110011011000111011001010111101110000010001111110011100101111110011111101011110110010100001111000110110001000111100111110110010111001111010011110100111110011101011001011011011100101101111110000101001011
001010110110110110011010111110010110011001011101111100000110111100010111111101111001110101110101111101111111111110110101111000101010000111111111011010101111111110100100110101110010011010000100111111111110110111101111111111111111011111101111111101111010101111011110111011011100010110001101111111111111111011010101101101100100111100111110110001111101111101001111101111010011010111101111010000111011101011111011101101110111001101101110000111101010111001
111111001111111101110110111110111110011111101110000110100111110011001100100011101011110001110110110111001000111100011000111010001111011000111011001111110110110111100100010111110111110110111011110101111111011010101110111001110111111000100111011011011001101111111101100010111010111111010011110110101110101010100100111101011101001011101110111011000101011101110110101010111001100110001111000001100101010111101000101111010110001101100111101110111111001111
010001011111011010001010111010111101000111110100111111110111010111111000110110111111101111101100011110101110111100101001111111100110011110100101110100001011011111101000001100001110011001000111101000000110000000011110111010011111010011011111110110011011011101100111111110101101111001110101110001111110001101001100111010001111001101101101011011011110101111110101111010001000001011100000001110110100011000101101110000100110110101111101010111111111101110
001110110100110111111111110110011010010110110001111111111010000001011101001001110111011101011101001101010111111000101100100100001110010110110011101100000101110001111110110111010110001101111110101101111000101100101111010101010011101011111101111011110011111110001011111111010001111010111101111101110010010011100100010110100010110111101011011011111111011100011010100011001110101011010101111001001101001110000001011111000001011011111100001101110111111000
111111111101111111011111010011111010101110010111100001101111011111101110111010010110101011001100110111111110111011110101011111111110110100110010011111111110110111100100011101011001001110010110000010111011000000011110100000100010111111001101111101101110110101011101011010011011110010001011110110111000011011110101101101001111101010011001001110011111100111011001001111111001111001101111111010111111110111010101011111111001110011110010111101100010001111
000011111111101101000110011000001010111010011000100111111111101011001100011011101011111011011010111011111110011011111100100011011100111111111001000110110100110010010000111000100101011010111100111101111110111100010101110111111100101111110010001100111101111011101011101011101111011110111100101000111111011110101010011011001101011100000111001111110111110110100000100001110111000000101100011111110001001011111111001110011110110101101011111111011110101001
110000100100101101011101010111110001100101011011100011011000111011101110000101111100011010111110011110001000111101110001111111011011111000111110010100011110001101111100010011110010111110101011011011100110010111111110110100110011111010110001001110111000101111110110011000011100111101110011101000011101001011010111110111111110110001111111100101100011101111011111011001100101000110100101101101111110010000001100111111001110010110111101111001110111010100
111111110111111111111111101110001101000100011110110001110010011010111010100110011111101101000100111011011111100111101111111110101001111010101010011101101101010011110011001100001111001111110111111011101011011011101101011011111101101110010110011011011101110111101100111101111010110010111100111110101010000011111011100001110110100100001101110110011101111011011110111100111110101011001110011101100111110000111101010100101101000101000110111110101100100010
101100111110101101000101111111001110100000011101110100101011010100101111100100101111011100111110110111110111011011010111110010001011100010000010101000000110000001110111100101100111111001110001101111001101110100111000111011000110011010100010101101011111111100000010101111010111111110111001011010111111110110011110111100101110101101111100001111111011011111111001011110010111011001000011100001100101101011011001111001000111111011101110101101101001111101
111011111011110011110111110110100111101010010010001110010010011011111010011110101001000110100100110111111100111001000110101001111111111010110011111111011111001101101100111110101110101011010111100001010111011010100011101101011111101011111111011110111001000001011111101111111010000111000111110011111011111101100111111010011111111011111111111110111100110001111100111011111110111110111001111100000111011111111010101000011001101111111101111100001011101010
010010011101100010111001101101111011111010000011101011110110000111100111101111101011001111111010110011110100110111000111100100111011101001101111111001111110110010101110101111111011110001000110000011011110101100110010111011101011101110011111011111111101001010011101111000011101100110100001110111101011100111101111111111110011111101111101111010111110010101111111011101011110010111100110111110011011111110011111010011011111101001110111011111011011110101
111100111111110100100101010101110101010111111111110010011100010111111110011011010111111010110110100001111101001010010100101011111111100111110111110100111111101010011111011111011100110110111111010011011111101011101011111111000110110111110011111101001101110100101110110111100011111101111111111111111111111110110111101110101001111111011010000100001110000111110110011111111001111101111101110111010011101100000101111111001101111111110010011111011011110111
000010101110111101001101110101100110011111111001001110101110110111011100011011101101000111100101011011011010110101000010101011001001111101111101101111010101110111111001110010011000111110110111111011001100110101111111110111110101111110101111111111010001111101111001110100101011111001111100111101001111010110111011011011111011100011111010010111111011101101110001011101001110110001101011111101010000100111101101110110111001100101111111001101001111000111
110110000100011111111111111010101101001111010011101110100111111100010101101110111010011010110011001111111110101011111101111100111100100001011111111111101111100101011101110101111011000111001101110101101100111111110110011001001101011001101111011101111010001011010110011111011011011111111111011111011110010110111101111101101011110101011111110101011110100011011111111111110111001010100010111111111001010101110111011011000101111010001010101101111010100111
011101100101101010000001101010110100110011001111110110000100011101010011111001101101101011111101100011111110111101011111110101011001110001100101111000000110100010100010101111011111111111011111111110111101011010111011111011011111010100100111111110111011101111101101001010101001101110111110111110000111000101011111111011101011110111110111011011010100111110111100011100011111101111111101111100010111111111010111010100101100111011111101101100111011101111
010101011100001110011101010101010111101111111111010111010011100111110110111010111011010101111101001101010111100110011010001101011000101101011111100000111111011101111101111000011111111111111001010000111000011011111011100111100000101001110011001111110110101001001001011011111100011101011111001111111100101101001110101101100100011011001000111011010111110011110111011101101010110010011101011001000001101100010011101001011111000110111111111101101101011111
111111111001010001101110111110010110110010110110101101101111101111111100111101010010111001111001100110101010110100111100011111111101010000111010110101111110100111111110111010011110100001000111100111110011100011111110011010111111110001011011010110001011011000011110101100101011011101011101101000110010110110011101000111111101111110000101111110011111011010100011100101111111111011011111000111010011101101011111111110110000010111111111101011000110101011
011111010111101111111110000111100101101111001011010110001111010101001010110100111011110010110110000101110101011111101110111110111111101001011011001101010110111011110110110111111101111101111111111111011111000100111111110011111100101011101101111111101101111111101100111101111101010010111111111100011111101101100100010010111111011111110001101111001111100101101101110111101111011111101101110111111101110011100011011111100101110111101110010101111111101011
111100011011111010011010001111110110111110111111111001111101110011101001010011111111111101110011110010101111110111111110011011111000101100111011010110111101111111110011110111111001011111010011011110110110111110100100010110011110101011100011011110110111011001111101110010011110010111001111110111111100100111101010101111100110110111100111110111101110110110110110010111111100011011111011111101001000111111111011101111110101110100110111111111110010010101
001101111101111111111011011111011010111111110111011101111001111110001111110011111111111111110110101010101111100110101101111111101111111001011100110101001010101000101101011011101111110001111100111111101111101110111110111111101101101111111000111101111011110101111110101100111110011101110101011001111101111011101001010111010011000110111111100111010101011111101011000111101011111011011111011011010111111111110010110101011100011001011100111001101111011010
111001110110111101111001101011101110101111111101110110110110101101111110111101111110011111011001110100110001101011111011101001111011111111000001011001101111110110110011101011111111110101101100111111001010111111111010100100010101100010110110111110111111100111101010001110011100011011100010001000101000111111111111101000111011110111001110111011001111110110001100111000011110111100011101111110010110011111011101100110110111111011100010111101111110101000
111111111111111011101110101111110100101111001011111101100100110001100111111111011110111011111011010110110011000010111011110100101001101111111111110010100001011110101110010001100011011111001111110111100011011111111011110100111111111110110101101101011001111111111011110011110101011000000100111101111010101111111101010010111000111111010001111010011111111001111000011111110110111011111011110101101101011110011111001111111001101011011111010110111100001101
101101010100111110100010111100101110110101111111111101110010111111010111001101111111110011111111110000110011111111111010110100001011111110101111010111111111100110111011111111111111110100111101011101111101001010100010101111111111111111001011011110111101001111100111100111111001001111011011011111100101000010111110010011110100111111010111111101011001101111101011011110011111111010111010001011111101010110101101110100000100101010101111101110110110111111
101011011101011101111100011111011110011000111100011101110111001001110111011101111111111010111111010101101110101001001101011000111111010101101011101010111110000111011111001100011001011010011101101101001101110111011000001100001010110111111100100111101101011101110110011111011011110110011101101110110101000110110110101110010011111011011100100101101111111000011000011111100110011110101100110101010101000101111011110001110111011111001001111000111110011011
011011101001100111010010101011100001111000111000101011111111010001101001010111101101011101011010111100111100111110111011101011011011001110111101101001111111011111111111001011111111111000100001111101100110011101111111101011111111110111011100111010011011110111100011101111111110100011011111101100110011101111110001111111011111111110100011111111000111111101010010111111111111100110111101010110110101100001011100110110111111011101111110111011111101100111
111110000101111101001101001111100111111111011011101101001011011111110001100110111100110010010010110110111110111001101011110001111011111010001001011010111010111111101101001001111011011010111110000110100111111111101011100101101111110110001101110000110010101011110001111100101011011101101100111111101011101110111011111100101110110111101111010111111011111100101101000011111100110001111001110111111110010111010100100001111111010111111010011111011101111110
011111101110111110101101100010111111101100001010110111110011010111111111100111011010111111111101111101101000101111101111111111100111010011011110100010010100111111001011011111011110110111011011110101110111011111111011001010110111110101110111110101111111010111001001110111010111010111110011100011111011001110110111101111111111100101111111010001110101011010000111111111110001100100010010010111101000101111010111110001010001011110001111100111001001001010
111000111010010111110010000011101101011000011011000111110001011100110001110111111110110111001000111101111111111101000111111101010111011101000011100110110010110110111101100100100111111100110001001110111100010111101101110011000110011101111110010111010101111001011101010110110011001100100000010110001011110110110100100101110100001111111111111011100000000101101111000000111111111111011111110000100111100111111111100111101100111100110001111000001111111001
000010000011101011101011001101110001111111101101001101001101111011110111111011101111101111000110011111101100110011111011101010010010111010101111111011111111011011000001000010101000101011000011101111111101000101110111111000110000100111100010110011101110110110110001110101110101010111111111111111011111000110110100001111010111100011011101010111011101001111011111101111101010011011111110111111111110111110110101111110111001100011000111111011110011011111
100110111001100111110001001111110011110111111111110001111011100001001011111110111001111111011111101111111111001111001010111101111101110111101111110000000111011001110011100101110111111101101111101001001001101111000111111000101011111001101010111010011100100101110111001011111111101111111001110101011011101011110011010011100101101111011110011111101000111111001011011101111111110001111001110100111011001111110110111111111001111010001111101001000101011110
011111000110101110101111011001110111101100011001010101001010001110010110111110011111000111011111011011010001110111110011111110101010101010010111110110100110111110000111111111100110011010101000011110111011111101001011001001101110101111101011000111100111101101111111110100010001100110101111101010101010011101111110101101111111110101111010100110001110111001011000110001111101110001111111111101100111010110111001001111111111111100011111110011011111011111
110011110001011111111000110111001011100011111110110010100101111111110101101111010100000101111001111001010111110011001110010111010110011010011001111101101110110101111101101111101100110111101110011110000010111011101100101110100000011110110100101000111111110001110110111001111111111010101101111110101011111101000111100011011101100100010111011110000100001111101111101001111101101001111101011111101110010111110111100000010010111111110011101110111011111011
011111011111010111011111111011011110110110111110000011110001111011111001111001111101110101110111111101010111101110111011001111001111100010000110101000100101011010111111001111011001110110111110001010111010011011111001101111101001111110100011011100001011101011111111011101100001011101101101011111011100011111111111011011100100000011111000001101111101011101110010000111100011100111011111101101111111100111000111111001111001111111110001011101100011100001
000101100010111110111111001111111101100111010111001111111101111011110110011001111111101101011111111111110111111110111111011110011110110111110010101101011101111011000111111010101111111110101101110000011011011111100100111101111110001111111111010011111111111110110010101111100001011110010111111001111111011010010110101110101011111011101111000111111011010111101011001011111111111011101010001111111010110110111000110011111010111101100101011110011100001010
110111011011001111011111111100111101101111111100100111111011111001010111011101110100011011111001111110111111101011010111010110011101101101101111111101101110010011111110011111100101110111100110011101010110111001011110111101111110110000101101011111000011100001000110111110101001011001101101111100111001111111100110111100111001101110101100010101111000111111100001110011010111011111111011111111111101011101110011110111111010111101101011101011111111110111
101111101100011010111110011110101111111000000110101001111010011111111110111100101110110110101101001011010011101011111110101110011000011010001111110011101000010111011011111111010001101110101100111110011101111110001110011111010100001000110111011110001101011011101101110001110101101110011100111111011111101101100101011011111100110010110111001011111011001111100100010011111110001100110101101001000111101111011111111010110101110001111011101111011111110001
011101101110011110101111101111100111001000111111110011101011101110111010111011100111100111011011101011110011011011110110000011010111111111000101011000101111001101111110010111101011111111110110010111111111101001101011000011001110000111111011110111111010001111101011101111111110111111111100111011101111101010010011000101100001001011010011001101111111100001101101001011101000011001111101111011010000111110011111001100011011111011101001111011101111000101
110111110011110100111111001110011100011101101011111011010100111110001110101000011010110010101110100101011101100010011111011001101011101000110111110110111111101011000101110111101001100111001010111011111010110101111101001101111011101011110011001101011110100000000000101111101101101010110100011101100111110000111111111110111111100011101011110011101011111011101111001001010110111100111111001011111101010100110010011111010010011100111011111111111001101011
110101011111001110110101011100001111110111001111101010110001111110011011010111110000011100001011010110110101101110000011111011110001110010011001110100101011110011101101111000101111011100010111111111111110110111111101101101111110001101111110110111111110110101011001011110000111111011010110110111011011111001100011101110111011110101111110010000111101111001111010010100100110001100100001110101101101010010111101111101000101010100110010111101100110100110
110011011110111101110111001101011101001101111110011111111111110111111111100110011010010111101110110100101001101111110011000011100001011111111010101111110110011111011001101011101110110110110101010101100101010010010010111110010010110001110010111101100100101011111110111111111010101101111010111110011111110111011101110010111101111010101011100111010110011110111011111110111101000000011111101111011111110101010111100111100101011111010001100111111111110101
111101010110001000101111111001111111111001001111110111010110000001110100111111011111111010110011111110111111111101011110101011111100111101100101111011111110011111101101001110110110110110111010010111111111011111110101110111011111001111111001111100101111011100111101111110110111010100101001001011001111001011111010101111101111100010111010100111100111010011100011101001111110111111011110101011001101111110110110110110000011110101101110101101000101000111
111101010110111110110110101101111011101001111111101011001111001111011110011101110111101101101010101010100111001111111100111011100111111110100110111101011111111101101011001111111011111011010101011101101110101111010101111111111010111101011111101001110100010001001101111101110111011100110100101011110010011010010110101111111001101001100111011111101001000111110111110010000000000100011011111111111101011011101011110101001100111101010111111111111111111001
010001100111001101111101111100000111111001011011110110111100011100001011011010111101111100100010111100110110110110111010011111111110010110000100100100110011001111111110100010101100111010111011111111111011001010111100111111001111101011010111111101111111011011110101111111101010010010011100101111110110100011010110111111011111100111111011110111100001001011011111101011110111101001011010110011010000100001111111000110001111110111101111101100101110111011
010111011111110100111011010010101100011110111111101111010100101101100101110110101110001100111011100010111110010001111010110010111110011101111001101010111001011110110110101000101111001111111101111111011111011110111111101100101110011111110101110011100110101101111111001110111111110010111101111111110101101111111111101011110111110011111111110001010011111100010111100000111111100111101011110110111111111110111000111100011111110111001100101111101110101000
011011111011101110001011101110010001100111000111111110011101010101001110010010111001100011111101111111101011010111011110110101001010110110101010111111100001111011000111010011101111101111111001110111110110101100011111010000111110101010000000100101001011001101101111110010010110111101111111110110111111000111100111010111001111011101111111100010111111110111111101100100011111001101101000110110010011110111101110001010101000010111111110011110011110101101
111111101101011111101111111010001111111011111101100111110110110001110100111111111101011010111111011111101111010010110011011111110110100100011110111111011011101111111011110111111110011011010111011111001101110001101110111111111111110011011101111011101101111111111001110111110111100010101110000011100110111011100111111111110111101001111111111011000110100111110101111010011001001000101110100000111110101110010001100101111001011110011101111111111110111110
001100110101011011010111101011101100111111110111011100010010011010101000111011011000011110101110010011011001100110110011001111000100010100101110001111111101110111111111000110011111110100000111001111011111011010100001101111110000011111110010011111110011111000100100110011010111111111110000111100111111111111111111111110100001111111100101000000110011011101110111111100011110101101010010111001001001111110001010000111010000001011101111011111111011111111
111111001101111001101101000110110111011010101110101111110110011110011111111111111100011111011010011111111111111011111100011011000110010100110111010111110111100101110101111111111011001110110111110101111111001111011100101010000101110110001101111011111111111111111101011101111110101101111101101010101110001111011001100111111111111111100111111011011101111100110111111011000010110001110101110111110110110011111101001100101100011110010101101001101101101110
110010111110011011011111111111000011111011110110111010111010111111110100010111011101100111111101100111101100011001010111111010000011100101010111010011101101111100001111111101111000110111100001101101100000111000010101111010111010111110101101011110110010100111100110001101110000001111011100000010110001100011010101111100111110100111111011101111011010010110010001011011111111101001111101111111011001010010010001110111111010111110101111111001111111101101
110001111010110110010100111101000001101110010000111011110101011111010110111110100111110111011010101001110011111011011111111011001001000010111101101001101011111001100010101011101011101111111101001110011100110011011111110101100110011001011101101111001111010011110011111111011101000111010111101101111000111110011110110111110011010011111100111101101110010111011100101000011100111111011011001001100111010111110100111101011001010010110100101101010111010111
110111111011111111110111001001111000110101011000111011001101111101111111011111111111110111110111111111101110010111011101100010101010101011011000011110101011111101011111111111110111101001111101011110111111100110110011010111100011111011010010111110010100101110101110100101111101001011011101101110100111111111111111101100011111101111010010001011101100011001000101111110011111111000100011110110101110101101111000101001111110011111111100111110100111001010
111101100111011110111100111110101110010110111111001101000011011010111111110011111110111100101001101111010111111100010110011100011101111100100111001000101110111111011110101110110111001101111100001111110110010110110111110011110111111011001011110111010111100111101011110111010110000011101101100110011101101101000111001011010011101111110000110010010101011010110101100110111010101011010010011011000111110010001110000111110111000011001000101000100010111010
011110101010010110110101100111111001111100101000001001000010101111100111111110010110001010000111111110000101001110011101101111101111000010011011001110100111010110101011011000100111111111011111111111010110011011100011110101101110111001100111011010110010101110011111100001111110011101010110001111110101001100111110001111000110111111111011010101101011100111110010111011011110001111101111100001001011110011101111111011100011100101100111101111000011111010
000111111001111101011101100110001011111110010100110011100110101111011011111101100111001110100111111111001111100000100110111011101110011100110001100101111100111011101111111011100111110010111011110100001111001111011111110001110101111110100011111100101011111110011010110100111111111101101100100111011011010111000111011001001110101110101010101111110101101011111111111011100111001101001011101000001101001111111010111011101111011101011111101100101101110101
110111111100111011001110111110111110011010011111101011001111111111111100011111101110000111010111011111011110101111100010100100011111110111101100011101110010111111110101011110101011000011000111011110110111010101111011011111110111010100110111111001010010100101110101010101110001110011010011010111110011111101010000011101010110101111011101011111100111010100110101111101110000001011001101110101010101101100111110011111111010100111011011110110010111101011
011010100111100101101101001101000101111011011111110111001100111011001101010101001100110111110001001011100011011111011011111010100111011011101110111111001100000111101111100101101111011111110001110100100000111110101111110010011001111111100101111100011111101001001111101011111111111101101001000100010110011100001100101011110100010011001000101111110011011101110000001111111111111010101111010111111111110101111011101110011100111000101110001011111011100010
111011101001011101000111011101001101110111011010111011111100111111001111111010000111111111100111110110011011010100111010111111111011010111111111100011101011111001101100111100100011110010111100101101001001000111011101101110110110100111011101101111001000110111001100111110000111110011110011011110111110100100000111000100110111101000111111111110101011011001011011100001111110111010101110111011111110101111101010011111111111111100110110010110000000101111
111010011100101111111011111010111101111111011011011101110100100101111111111111101001011101100011110010010010110000101010011001111111101011111010011011111111111111100011110000111111111101111100100111100111101011011010011111010100111010111101101001001111011111111001101111101111010011010100110111101001111111011101000101101101010111100011110111101101101110101111111011111011111110101111100010110011111000011001100111101111111111111111011001111110111100
001010100111110111010001000111011110011011001011111101101000101101111111000011000101010101111101110010011000010111111111011010111110101011010101000101010011110110010100100011111011111110110010000111111111111110000000111011100011000001111111110001111010100101000111011011010001001010110011100101000101111010001100110100110011011101010011110111010111110100110011101100011111111110111111000111001111111101011110100110011111001101100101110111110111110010
111101111111111111111101010111100110111111100110101111011100110111111000001111001110010111010000110001011110011111110111011111011110101011101101111010101011110011101111111111100111110110110011011101001010111100000101110111011110100111111110001100101110101011001110111111111011011111111001110111001100011111111110010101111010101110111010110010110110111111110101000110111011111101111110101011000110110110010101011011001111000001110011011111101110111111
110111101110111111011000111011101110111101110011011111110111111100001110011011100011001000011110011111111011011011011111101010110000111101110101000001010111110110101111111111010011110010111101111101111000011111011011111101011111100110001111110101001001101101110000110110111111101110110001000101100111011101111010111100001000111100111000011110000010111011011101111011111101111011111101111001011010111011101110101101110111011110111010110011011101110111
111110111001011100111111110001111011111001100001011001011111010110100111101101101111111011111111101110111010111111111111101111111011111111111101010101110010111101111011000011101101011001110111110111111111111110101001011010111111111111001000111111011110110101110111011111101011101111111001101101101100101111110110110111111111110111111101011101110100101110110011101111111000011100100110000110100111011010101100011011101011111111000100110110000011111101
101111011011010111110101101101100111101111111011110011011101110010100001100101001001001110111111100011011000010110011111100110010110111001101010000110111001000111011001101011111100001111110101111111100011000011011010110101111101111001011001011100010111101110011011101011011010110101000001100110101111111010110010110001100001001001010011011111110111111111101010110111111110011111011001100011011010101111110101100011101010001111110101011101110111001111
010011110101111111111001101110111111110001101111011100001100111100011111111010000011110101110011110101110110111111000001111111101010011100111100111011110101111000010010011000001001101001100111111011101101110011010110011101010111010111111111011011010111001100110011010111111100010011011101111110010010110101110100011100011110000010100101100110101110111111100000110011010010101000100110111110100011111110110011011000111010010101111111110111011101111001
101111110100011110010111101101000000111001001111110011101000001111111111010011000111001100001111001110011101011110011110110011111000101010001101101111101101100110000001010110110001001111001101011011110101000001111111111110011011011110111011101111111011100110111111111111011111110111001011111010111000111100101010100100111011111111110000000111010100010111011011100111010011011100111011111011011111011100101111111101111101001111110100010111111100011111
110000101111111111111111100011111100110011001011101001000111111100010111100011001001001011111100111101100111111110110110101011100001111100111111000101111111101110110110000101100011011111111101111100111111001010001110110010111011001011001111001110110101111101010111100101011010011100111011111011011111000111010100110111000010110010101110100100110110111100111001101101110011011011110001110001000011011011111100001111010100110110101100101010010111010111
011010101110011011010111001001110110101100111111111101110011111101011101010110111001111111111101110101010110001001110011010110101111100100011011111101110000110100111010100110011111011101111011000111101110100110010010000110111111011001110101011011111101111001110111110011101010010111100100011111110000001010111101011011010111110110101010110111111010100011111100111011100101001101101111011011101011100011111001101110011111001101000111111101111011011110
101101001011111100101111011010001000101001111010110011001011110001111101010001100010000111110101110000100010110101101110101101001111111111011111110011011101010001100111001111101001110100110110010011111011110110101010110111110110111110011011110000101111101111001111100011101101111000101110111111101110011100101100001100101011001110111011000011101111011111010101101001111101111011111101100011101101111110111101011101110101101111101100101101111101010001
110111110110110000111110101111000101011101111010110111011101101001111110101111101110011111101100101100010101111001001111110111111111111001011110101111111110010110100101110101111111011101011000111011011010111111011101010110010101110110100101011011011111101101011101101011010111011000010110111101100111010011101010011111011111011111111010101111111011110000010100111101101111011011111011110111011110111101011101101110011110110110111011110111011111111110
110111100001111010101111011101111110111010111011010011111111001101001001110011111000111111001101111111011111101110101011010100101101111111111111011100011011010110011111011000110100101100111011011010011000100111010010011111111100110100011111111101001011110010010011011010011101011110100111101101001111010111111111001101111100001101111101110111011100010011111111011110101010111100110111011100101110101000100110110011111011110000011110110110111011110111
101010100101010011010011111001011011010011110111000110111111100111010111111111111000010101110110101011101010001000111100010011011111111001011111011110011001011011101101011010111101001110011111111011101001010110111100011110101001000100101101101110111010010111100001000101001010011110010111111101111111101000011101000001100110111100111110110111100110010110100111101101110001101001110101011010111001101011011111110011111111101111010101010101111111110100
110111100110111110111011101111110110011111001111111100100100111110001001111111110000010001001111110111111110110100111011011011110111111110111101111001101111101010111011101111111110001011110100111011101111110101111110111111000111100101110111111110110110011010011110011100110110001101011101010010101010101011010101101111111101110111110011101111111111011101000011011001111110011101110101011111110111111100111110011011110111101001101110101001111111111111
011111110111011110100010101111111101110100110111011010111100111100110101011111111101011111100100111110111110011001011011111011101101110010111010000110111011110100111111101111011101110101011010101011100110111101110000111111111011100011101100111011111001110110011000101101111101001110100110111011011111011111001110011000111101001011001010111111011111111010110100010110000001111111111111111100100111000101111110101011111011010000110011111110100001111111
011110001010111111111010111101101100101110110101010101010110010100111100111111111111110110101111111101111111111101101011000011010111011111111100101011001011110111111101001011111011110110011101111111111111010101011010110011001101001101010101111110011001110110101011101011100010011101111001110101111011101101001111011111011110110110110111011111010101101110011111111111010110101001100111111010110111100110011011111110111111001011101011111110011111111101
110001110111111110101110101000101101101111111111100100111110010101111011010011111110011011010110110101101101101011011101111111001111011100010110110111111111000111111001110111101111011101111010111100110011111011111111101110010000110110111101011010110011101111110111011110111110111111001100011011111000110011110111100111011110101111011110101111110111101111101011001011111110111100111010111111110011110100001101101011110111111001111111010110001111001100
011110111111111101111010111100011011111100010011111101110010011111110111100111011111101111001111011101011111110110001111110110111011111111010111011111100010111001101011011011110110111110111011111001110100111011111111111111111101101111011101101100111101011111011100111011111111111011010011011111110011111011110100001001011101100001111110100111110111010010101010111011000101100010101001011101011111111011100111110110011000010110001000011111111110011010
110011101001110111111010001100001111111101110100010001001111100111101110010010011011000100111110111011000111100101001101111111011001101100100000010011011010010011111011111111000111101111111111100110100101101111111000011011000001111111110110000111101110011111011011101110011110110011100000101011010111111001110111000111110110100111110111111010100100100001111110111010111111001001110001101001011001101011100011110000011111001111010110111111101010110101
111001111111111111101100111101010101111011111111101001011011111011111111111110010111001100110011001111001110000110001001111000111001110000101111100011001000110100111011011011011111101101111110000110011110000110010110110001000011101011011000011101110111101000011111001111100110101101100010111111011111011110101011111011101111100100110101100110111111011011100111011111101111111111110111101110010111101011001110100110111100100111101110111101100100111000
010110111110111011111110111101111000111111001101011011011001111111010010011110011111110100011010110010001100011010111100011111111101001010110000001100111010111111101111111101000101100110111101111111111000001011110011110110111100100110100100111111101010110111111100110100001111100011111111101000101101101111110011101110111011111110011010000000010010010111011100010101011100011111110011010101010001110001001011111011101011101101100110011110110111111100
101111110101001001111001001011000110111110100000111001001101111111111111100110100110000100100001001101111011111111111000000101111100011101101111010110111011011111010111001110111011100011000011010011001111111010101101100011111110011100001101110000101111100111010000101111101111001001011101110110010011101110110111111111011001111010011110000101101111000101011101000111110010101101010011110100011111111110000111111111001110111111110111111110101111011110
000111000011011101101010111111011111001110101001110101001000101001101111011101111011111100111101111111111100010111111110111001110111111000100111111100111110000110111111000100110111111101111111011010110011110110011111110101110110101101111011111111010111001111111011011110111111100101111111110101111010010110010111010111111111001111101110011101100110010110001110100101111111010110110100101110111111011100110011110111110010111110010111111101110111000101
011101111011110111101111111011111111100011111001101101111110111111100111011100101010111111101111001001011010001111101001111111001101101101101110011010111001000111001010111001110001010111111110010011111010111111111111101111111011111111011111001111111001101000110100010101110111000011011110110101111010111101101111111001111111111111101010111011101100111101001111110110101011011111101111001010001111110101001101111111110100111110111100110111001111101011
000111101111111001001101011110000010011001001101111001111010111000111101100010111011011010000101000111011111001111011001111111111100100001111111101110011011111011001100111011000111101111110001011111110111100101011101111101011011111111111010011010110101110111110001100110111101101110111011111011010011111101111111101011100111010011000110101100101011001010101111011011111111110010110001110101000110111101111111001111111011111111111011111010010111100000
100011001010011110100001010111101001111100000011011111110111001011111101010111111101111000000101111011111011011011010000100111110111011110111110101001101111111100101011101101101111010101010110101111110100011111110011001011110101101011110111110011011111111010111110101110111101110010011101101100011100011111011101010111100111111110101100010011000110110111111011111110011001001111111101011010000110111011111111000001110110101001001010111010000101111101
111111111000100101110100111110111001000110110101001011010111100100011111101101101111100111100111101100011101111111100010010011011100101101010111010011001100111111001110110111110111000111001111101011111111111101011110001010000011001111110111011111010001111001011101001111101111000000011011111011101111010011010111011111111111110111010111111110011011110011111100001111111110000011011001111110010011011001101111100111111100011111110000011111100010011111
111100010111111110011011001101110000000101011111111110111110011011111111111001110001110101101111010011111111110100010110010011111110101101011010101101101010001111001101111111101011110101001111001010111001111111001010110110011010100011111000111111011111111101110011100111011011001011000001111010101001101111110110011100011101011011100111001101111110011101111111101111100000100010110110111111101110000101001101110110111111101101010111110110110101111011
111101110110111111110101111111010110111111001110000101110110001010110110111111001110101110011010111111011011111111110101000001000111110011111111001010001100101110000111111110110001101110101001110000011110101111110011001110101111111010110110010111101001100110100111110100011011111100110100111111000110100111110101111111001101110111000001111100110111011110110010111011101010111110011001111111011101110110111111101010010111011011110110111100111110111100
011111010011011110111001000010100010100001111111000011110000101110111110101010111010011011011011110101111011111101111011111110010010110110110000111011110001101101111111011111101111111111010111011111110111101101110001100000001010110100101111100100101111011001111110111010101011011010101000011101011011001011100110011011101011000001001100011000011100110110111111011100111111000011101001100001011011101011011111111000111110100010010101011010111110011111
101110111101000110101000100111001011111101110110111010011111111111110101111101100100110111101101101111011001101011101101101110011010110011101011010100111000101110111111110100110111001010111100111100011110111101101110101110111110000001111011001000111111000010010101001110001100110011101111101110111010011011101101001110111101111100100111001011011101100100010001111100101011101111011101011111111010011000110011011001111111010011111001100111001100111010
001101110111111101111001011110111111011011011001111011110111010001111111100111111110101111010101011101111111111110101110100101110111001011011111011110101111011101110101100111010111101110111101000111011010110100010110011010110101011010011111010001001101011110001010111111100011111010111011011010111101000100110110111011011011111110111001110110101011100101000101110111110011111100101001111100111001110011001111111010110111010011011001010100111101101011
111001011110010101111010111100011111011111111101001010001100011111011111111000101111111001111000010110101010101110001100111110110111010011011001100101011111011111110011001000100111101111111110011001000101111111111101010010100101111000011111110111011111011110111111011011001101011111011000010001011110111100110111111111111100111110111011100110001110001001110011011101111110101110100111011111011010111011011010011101110111010100010111000011101000011000
