0110101110001100110010001110110111111111110010011101101111011010001100
1111100110011000111110111010011111011100001010010101111001110111111011
0100010011101010110101110110111111010110111110001110111010011101111101
0101101010011111101110101110010010110101111111001111101011101111100011
1011101011111101011011110011100101110111111001010101010101100111111101
1111101111001011110011111010111100111000010011011111111011111001111001
1010011110011110010000010011111111101011111110000110101111111110011001
1001111011110100101101001111111111011100000010011111111000000111101011
0110111010101110101111011001010011011111110000001101011001111111111111
1100110001110011111111110111101001110101011110111001100111111100111110
1101100110011011111101010001000111111000110111101010110011001011001111
1011110110101000011101111111101111110111011011101110100110011111100111
1110101110101011011101101100111011111011110011010011101101101111011101
0011111011100111111111100011111101110110110110111101110011100101111000
1100111101111111100111111101000110110010111110010011111011001000101111
1011000101110110111100101101111110011101100110110101111111110111110101
1111111100100100110011000111101001000100111011110110001011110101111101
1010010111111101100110100111111001001111111011011110111111011100001110
0111111011100011110111100101110110000110011011111010011011010000101101
0111111110111110101100011101001001101010101000110111110101111011001111
1110111101111001111011100111010010111011010111110110001001101011111010
1101000010111111111111001100101100111111010101011101111111110011010110
1111011001111011101101110101110101110111111011000110111001101101100110
1110010110011111111110111110001011111111100100110000110101001101110111
1111101001111010011110001000101110011111110101100011100011001111000111
0110111011110011100001010111001111000100100110011110110111101111111101
1001111011101011110111011110111100111100111011110010111001111000111111
1100011110110111101111101001101010110011111111111110101111101101001101
1010110011110111111101111010111110010101010001111010101100100101000111
1111111000001111111101011110101011111111100111110100001110111000011011
1111011101111010011010101010011001111010111011011110110001011111101111
1111110011010011111100111111100110010110111110001010010111111111101010
0000100001110011011111111011110111101110010010111111101100010101111101
1101010111101011110011101010110111001110110110100011111010111111111111
1100010110001110100110111100001111100111111110110111111001000111001111
1001101111110010111111010100111111111001011101110100011011110110101111
0111110011111101110101010001001011111011101101011001010110111010101010
1101101100110111101111101010110100101101101100101100011110011111001011
1111110110101011111111011111111101111011000110011001100101110001001001
1001101110111111011110110001011100011011010111101010111100111101001011
1011110111011001110110101100011011110110111011101011010100010011111111
0101110101110111010111101111011110110101001111010111111101000111011000
1011111001101110101111111011001101010110110000000111101011111010010111
1111111011010101100101011110111101000111111101010010000110110101010100
0101100111101111111100111101111011111100001101010110011101101111010111
1101111100011011011111110010101111011101100011101000111010011100011101
1110011000111111110111111011001110110111100010101110110001011011101111
1110001111010101110011101101100000110111110111111110110110110111111111
1110010111101110111000110100110101010101101110111001111100111101101000
0100010011111111111101110101011110111110110111101110111110000111111001
0010101111101111101010010001111111010111001101111101100011111101101110
1011010100100100010100001101111110111111001111101101111111111111010111
0101010111011001101000111100011100111011100111011111110010111110111101
1011101101001111000101011000101100011011111111001110110110010101011111
1011010110110001111101010110111111001111111111000111110101011011010111
1111001101111000110111101111100111100011100101011110111111011011111100
0111110100110111111001100111111101101100011101101101101101100010111011
0101010101110111101111101010111101100110011011110100111111110000001001
1111101001011111101011110011101011011011010110111001001101111000101010
1001000100101001011111111010110111101111010111110110110100010110101011
1111101010001110111110001011100011011111101110111111110000111110111111
0001011011111111111010110001110101111100111110111101101001101101101001
0011011011100101001101111101101011100111001011111100010101011110101100
0111011000111111111000100101100011100010100111110111110111110011100111
0101010101011001111101111111110111000100101000111101011011001111110011
1100111101001001111101100011100111101000010111011111011101110010111010
1101011101010011111111000110110111001011011010111110111001111001110011
1111111101111101010100110101011110110010111101111001111011001111111100
1011110101110110111111111100101001111110111011110101001111100111011100
0110011111001010111111110101100011000110110110010011111110101011011000
0110100011111110111111100100111110000111011110111101111101111101010011
1101010000011111110011100111011110111011101011011110101111110100101110
1110111111011110010111011011111011010100001101011110101111111110000111
1111001111101110100001101010101011000000011100011110011111100111011111
1001111101010110111011010100011110110011111111011111110001011000111000
1101101010111110111111111101100111110000110010001011111111111101101110
0111011110010111011111111111011111100001111010001011011011011110010010
0010110110000010010111101001111011111111100011011001111100111010111110
1011001011111110000011101011111101110000101011011111111011111110010111
0011101000000010111110110111011000111011110011111111011101001111101010
1010110100001101010010011011101111111011111001101111011100101111101110
1101011001101101000111110111101100111111010101011100011111110101101011
1110111101111111011010101100011110110111011100100001111000101011110011
1111111011100100111010010011100110111001110111110101000011001010101101
1110010110111001011000011101111000011111111110111101100100001111101111
1100101101101111101100111111101100111101001101111111010011101001111101
1100110101101010011001010101111111100010100101010111111100101110111010
0111011111000010110110110010011110000101111111011101111011011111100101
1111001111110100111110110110011111010010110100011110110011111001011001
1101101011111111000111111010000111011110001011100111111110111101010011
0111100001110001111011100011001110110000110111110101011101000111101111
1101111111011111010100111011010100100001010111100111010111100011011011
1101001011111001000001111011110110011111000011101111110011111111010100
1011111100001000001001001111001100101111111011011111111010100101110111
1011111010111011110110000110000001111011110110101101010101111011110111
0111101111001011001110111111011001010001001111011101101001101110000011
0001111110111010011011010011011100101010010110111001011111111010011011
1111011111110000110000101101110111000010010000111101010111101101111101
1100111011111111011110111110111010111111110100111010110000011100011100
1000011111100100111011101000111011011011111111100110011001000110111111
