11110011001101110001100111001011011011010111010010110111111111000101010110111110011110011001101111101110100111
00000000111111101111110111000111110111001110110100110010010111011110101011010011010011110001000101111110111110
10111100000111110111001000111110110101111111100101011111111100110011111001111111111101011000010011110111111011
10011100110110111011011110001100000011111011010111111100111110010111111010110111001010100011110110111111111110
11111110101110010110100111111110001100111111111110000111101111100011111111001001111110011101100111011110000100
10011101000011111111011100101111011100110111100011110001011001110010111001111011111111110101111011100111001111
10010101111011010001011100111111010111011001001101110011011011010010111101001001011000111100110011011101111101
11001001111101111010111011000010011111111011010011011111001111001011011111111011101110000001111111001110110100
01011001010001010110100111000111101101100000101011110101011011001111111111111110101110011101110011011001110001
01111001110001111111101101011110110111000100011000000111111111101100000011011010111011000110100110110111011011
01011111011101100101001110000111110111111001010001111111101110110111101001010010101100111111110110111011001111
10010111111010111111110111011110011111111001011110111000111111101111101010101100001011011011010110101011011010
01010011110111111011011011110101010110101101100110001111000010100011011110111111100101001011011001110111001011
11110111111001001011110110111010110111101101110011110001000001110011101010011111001111100111001011111000011101
11000111111001111000111001001110111111000000111000111110111110011111011111101111001010011101101101001111111110
11101111100011111010001001111111010011111111111101111111100010011010111010101000010111011010011001101011111011
00111110111101111101100101111001110111101100101001000011111111111111010110110111010101001110011100100011100000
10011110110011101111011001110111100110101010111100010110111101011011110011111100101111001101111111110111011111
10101101110101100101110111101011101110011111111010011100111101110010111100011111100101110111100101011000101110
01001111011101001110100010110100110110101111101101100111110110101111111101111100110010111011100111001110100101
10111111001110101111101010111111100011011111110101110010111110001110011111010111101010111100111110011111000011
11100001110111110001110010101110111101111110010110110111101100001001011001110010111110111011110111001111011101
01110110110110111111001111111110011110111101101110101101111101101001011010111011010000101011110011100101001110
01101011111110101111101111111110011011010110011100111111111001111011111001000000110110111111100110110110100011
00001110011100111111111100101011100000010111110111010101011001111111110110001110000010111111001011110001111010
11010111101011101001111101111111111110110001111111100011110011110011010101111101011011110101011110011011100111
00011000100111101010011101001100101110011011111111101010111011111001110101101111101011111101010001011100111011
01011101010010011110011111001101101100111010101101111011010111111100000111111101111011101100001111101001010010
10011111101000111111101011111100110110000011100111111111111111001011110101011011111110101110001110111100101101
11111101001101010101100010011110101011100100111111000011110101110110111100100111111011011111100011110101100110
10100101010110001110000011100111011100110111101111100010110111110100110100111011101101101111010001000111111110
10110100110111111111010111111110111110111110011001100111011111111111111111011000101001010000111101001011011110
11011111111110001011100101111010111001010101101101001101011001101000101111110100011111010000000100111111101110
11101011011111100010110110111010100110110110101111101011110111100010110011111101001110111111101111100111101110
00111011111011011110010100100100100101111000010111111010011111100111110101101011111010111000101110101111111010
11010001101001111111101010110011111111101000000101001101000001010111011111000011110111111011011001100110111110
01111111110111100011101011001110111011111010111011101010101010110110111111011010010100110011100001100000110111
01011111111111011111101001101100110111111001111001001101110111110010101111011101101101111001101111011011101000
01100101110100011111011101111010111011110100110000110111110001111001111000110111111011101101001011000001101110
11101111110101111011011111110100100111000111001101010110101111101001110110111000110100101101101111001010101101
11110110111001001110111111111011010001000101111111111101010010100111011011100110001111001111101011010111100001
10111100000111101111010010000110110101000010100001111110111101111100111111111101101001011000000011111011011111
10011010010101001111000011101010000010101110001111001111101111111101110101110101101010111111101101111101101110
00011010111101111111011001111010111110011000001111011101111110011111100110111101100011111101001011111111001101
11101000010111111110011101000010111011101111011001101111111011001110000010011000110110110101010011110110110111
10110001110010000110101101111101011110111010101010010001110110111000100111010100011110111101111100110111110111
10011011000110111101100111101000111100100110011110001101111111001101111010100111011101110001111110011001100100
10010011101011111111111110010100111110010010111110111110111011101011111011011010110001110000001001111011111011
01111111010111000010010011001001110111111101001010011100100011001110111101111110010100011000111111011110110110
00111101110101101101101111011000111010111001011111111110110101111100110111111101011110011101111111111101010010
01001111101001111101101111110101100001111101111011010100110111100011101101110011111000111010100110000010101101
11110111101101001011101111101011001111101111011110011001010001001011101000001010111110011110111011101001010111
11110110101110110011011011011011001011111100101111101001111111111100010110111011110010111111101101111110011001
10010110111001111001100001101000001110111110111111111101111101001111101110011111011111110111111001111101000001
01111111110001110110111100010001001011101010111101100111001000110011011010001011001110101101111001111101100111
11111111101111111101110101111111011001110101011101111010001101101111011101111110101111000000110000001110111011
11001110100010011111011011111111110111111101101101011001111110111111010011111011111001001100010111110011110111
01101101111101101010110111111101110011100110110010001011011110011001111101000101101101000111110111011001111011
11101010000111010001110101011110001111001011111010010001101010111111110001110111011101001011011111011001101010
10111011110010101110111110000001101000101111110110011110011111111010001111001101111011111110100101110111010110
00111010011110000000110001101111111111111001101111011101111010100101011010011110011111110010100100010110110101
11010111111000011100011001110111001000111111001110000001111111101100101001111111111011111001111111111110011100
01011000111101110110110111001101111111010110010011111111001111111111111101110111110101110011101110001011101100
10111001011111110101010011011000011111001111011011100101110011110011011010111100000101011110111110111110111111
01111000000110111111011000111111111101110111010110101011110101111011111111101111100110101001011010110111101111
11111001010010110010001101101000111011000001111101011111011111110110010111001101101110111010010111111101110111
11110110101100010001110111100110111011111010101011001111111110111100111001111101110011011110101101111111101111
10101111010111100000111111001000110111101111110101110001111111101001111111111000010010111111111100111111011011
11001110111101011011101110011011011011111001111001101011110110111000110111111011000110111111101100001110011010
01110001111110011010101010110110111010111110111111110111110111000010111111111111011100101111111000001101111110
11100110001000100111010111110111101100110111010111111111110011011001010101011111111111111111110111001101111110
11111111111100000100101111110101101011010101101101100101111000110010110011101011100001000011111001101111111100
11001001000111000010001111101011010011010011001110001110111111111111111101001101011110101111111111111110111001
11011000010101011100111001001000110111101011001000110101110100111001011011111111111100101110101111101101001111
10111111101110111111111001010100100110110001011110101101110111011101001010100100110011011111110101101011100101
11101110011111011111001011010011111101111110110010010101110111011111110101111001111111110010011011101011011011
10111000100010111101111100110101100111111101011111111100101110101001101111110110001001111010111110011111000110
10111100101011011011110101001100101111111001111011110000111011111010111111010110000110100111111010011100111011
10111010101000010111111011111011011100111010111111000011011011101101110110110001001011011101011001011000101010
01101111111100111001101111010111100101101001111101011001101101111011011010001111110100011001111110001111111010
10111011111110101111111000110011011101011101010011011011011111111001111111111010000110111010111001011001110011
11101110111101111101011110101111111101111110111001111111111011001110101000101101101100000010111110001001111011
11111011111100000110001111011111101111110111110111111110001010001101100110000011010111111100001111111111110011
10111001110110111110111011010110111101111101111001011101010101110110111011010111010101001011111110100001111010
01011100111111000011110011110111111101111001010101011111110111000111011000101011111111110011111111111010001110
11111011111101101111000111100011101111100110101101111111011011100001111110110110011111011101010110000111110011
11101101111011001111101011111111100010111001011100011001111101110011011110101111111100101001010010101111101011
11001000011111100111011111000110101101100011110111110111001011111001010110111111100011101000110111111111101101
00001111101111101111111001111001111000001111111110101101011111101100111010110010111011001111011010011110111010
01110110010110111101010101100010011111111111010101110111101111111111010100010111111111001011011110110101110011
11010110111100110111111110110011111011011011010111100110101111110101001111011101110011101000100011111101011110
11101101011111010011110110111010110101011111101011101101000100000111111011100100111111100011001101111110011111
11110110111111101010110011100010101111011110011010110100000010110101111010010110110110101101011101111100101101
11111111110010111100001010100011010111101000111111110101110111110101110111011111000011010111111110101010001110
10101111011110110011110011111010010010111101101110001101111011101101101110101000111111011111101010111111101011
11000110000111010110001011111010011111001111111111011111110100110010011111010010110111011110010101111010011111
00111110101100111110111000101011011101000011111011000101100111001110111001111011111011111011000010011101101110
11101010101111111011010111011101010110111111011111100100101111110011111010011111110100010011011100111101111000
01011011011111101101100110101111111111101111011111111010100110111111011001111111001011111000110101110010011011
10111011111101110100010110111011100111010100111100111111100101100111011110011111010011101110100001011100011111
