1100011101100111011001110010111101101111111001100111111101110110101111011101001100101101101110111111001111101001101111111011001100
1111101111001110010010110111110101101101111010111111100101111001110110110110110111111111010001010100100100111111111110010010101001
0111111000111101111110101101111100111100111001110011010111011101111001001100110111010101011001110111011100100111101110111011001010
1101000100111000111111100011011111111010111011111100110011001100110001111110100111111110111011111001111111001100111110111111011011
0011010110001111001010011111011011111001011001111010111111011101101010011011111100011110111100001011110111101101011111111111001111
0111110111010110111101001110010110001010111101110000001110010011010100110111010101111111010001011110110111001011111011001111111100
0101010110111111001011111101110001011011011110111110111001111111001110111110111010111111111111001000110111110101111010101001111101
1000010110111111101001111101101110010111111001000000101001000111101110111111111001100101001101101111101101101111101100111011110101
1010110100101111111011111101110001011011101001110010011011110111111111111011001100011111000010101110110011011111011110011000001101
1111101110101110111111101101011001100101110101001110011100011000001101001111101010110110011101111101010111001111111111101110111011
1110101111101110111111101010010110010101110111011011100011010110001110110101110101101111111110101111101111011001011101000010110111
1100111100110111010111000011011111101001001001011111010111011100101111001111011111111010001100000110111110000111100101010101010111
1110100111001111101101101110101100101110001100100111010101011011111100001011001111101111110111011111111110001011111001001111100111
1010011110001111011111001110111110111101111001011101111011111111111101110100111011101111010111011101001100111011101100000111101101
1100001010110011111111111111010110010101001111000001101011111001000011111110111101000110000001111001011011111011111010110101110011
0111101000111110011111011010000111110001000110100111111110001111110111111111001110110101011111101111000111110111110101100011011100
1001110100011101000111001111110100111100001110011100010100000111111111111001101100100100011011101101111111101101111001011011110101
0011111111011010110111011101011010111101111001011011010110100100101100110101111101110111101001111111001101000001101111110111111101
0111111000011011110000111111111011101101001110111111111110010110010110111101111001110001111001011010110101101111001111110110110111
1110010100000111010001000001010001010111011110111111111111010011001101100110001001111011111111011010111011111101000101010110011111
1111010111011101111011110010011111011001111111101111111101000011110001101101101111100101000010101111100110111011111001110011101110
1100101101100000101110111100101111111010101110010111010110111111111111101110101101100110111111100110111010110001111101101001011101
1111011010011110101110001000100010110111001101111111110101111100111100101110101111111111100010111001011011100101110000110101011011
0011100111101101111111001110011000101111101011101110111110110011111001000101100111111110101010110101000101111011111111100101011010
1011100101010100010110111000100001101111011111101011010010011111101111110001001100101110011111110011001011101110001011111111100101
1111001110010010110101110101010111111011101110110111011111011111111111110011111010111010111011011011101100011010100111100100011001
0011101101111101011101111101101001100111111011100110011101001110101010100110111101000001011011011101101110011011101110111110101100
1000101101100111000101111000100001111111011110100010010100010011001101011101110111111010110111011111110011010101110101011110111111
1111111101111011111101101110111101101010110011111110110000111001101010111100100000111110111110101111110101111100011111110010110111
0001011111000111011100111110011110111101111001101110101111111101110100110110101111101011001011110111111111110100111111101110110101
1100110101111011101100101100010101001001011111111010011110100101111110001111101010011111111000100001001011110010111111111110010111
1111111101100111010011111101111111100111011100110111101111000011001011111100101000111101011101111110111111111011100101101110110110
0011100010101110110111011111101101110011111101011111111110111111101111111101111101111010010111001010010001001011100111001111111010
0010111111100111101010110100101001111110011111111101111111011111111011011111111110111101010110010111100101001101001001100100010000
1110100111111111010111100101110101110000010010001111111111001011101000000001100111110110111010101001010111101010110110111011010101
1111111101000111111011100011111111011111100010010001111100010011100101110111011010011111100110011101100111011111011101110101111110
1011011101001111111000101011010010111000111111101010111011100100011110101100110100010100110111111111101111001001111001010111001011
0111101111111000010111011011101111111011100100001100101111001111110111001111111110111111010101110111011011001010000111011110100111
1110101111101111110111011100110111011001011101111000100100111111001011101010111111110010011110010100111011011110111110011111111111
0011001011100111010101100010001101011000111111110011110010111111111111001110111110110001011111101101111100101011111010000111000011
0100011100110101111101101111110101011010011111101000011111111001110010111101110010001100011001101110010110111110110011010011110101
1100011110111110111010110111101111101011001111011111000011001100010110110111110101011011111101110110111100100110010111001111111010
0111111110110111011000111011110010101101000010101111110111101100111111111101000111101111101011011110011100110110111111010001111111
1010111011110001101011011100100111011101110111101111111111001011011001111101010101111011100111101000011000111101101111111111100111
1000001010001111111111111110110101111010111010010110011101111111001010010101000001111111110011001010010110110101011111000111111111
1010011011100110011111100100011101011100110011100001111111010110110101100001101111111010110110111011110101110101100110111101111011
1010001110111101011001111011111111101001101110110011001101101111111001000111110100111110111110111011011010111110010101100011101101
0000001000101011110111111101111101111111011111111111101110111010100101111111111100110100011110110110101111110110010110101111111110
0011111110010011111110111100110101000110111001100111111001111110010110111110101010111111010111011101001000111101111011001110110110
0111111011000001100000001010000011110111011111101111101100011111101101110111101111011110111100011100111110111111101100000111101110
1111101101010001111110010111110110001011110111000000100110101011010011001001111011110110110010101111011111110011100010111101010010
1111110111101100011010111101010110110001111101011101000100001110111111011110111100111111110011110010110000111100010111101101100100
0000001011101011101101111110010011101101011011111110111101110111111010011010101101111110011101111110111010011110111111010101110101
0101111011010111111000111101011001111111101101111010000001011011111101111111010101010100001011011001111001111110111101000111111111
1111101101100101101111111010000011001111111001110001111001111001110111111011001101110001101010111111101011100110110011101111111001
0001010010111101110101110111100111010110100101110001111000011101011001101011011110111111111000100111100110111110110110100001110111
1111111110111101111101100001101001101100011111110110111110101011111111011101110001100111101101011110011101011111111000000111101011
0111101111111110001010111101110011011000001001110110000101111000101010111111010011011101101110110100100111011101011110111111101101
1111111001101010010101101101111100110111111101111000010101100111101101101111101101101110111011011111111001111011001011000111000011
1111101101000001111101011000100100101110010010110111111101100100111100001001111000111101111111101111000001000100110011111111101111
1101001011100011000110011101111011011111111110011011100111001110101111111010111001001111100001111001010111111001111101111000111111
0111100111000101101110111010111111101111111000111111110001100000101011101111111111010111111010010111110011010111010000000111100101
0111010111100111101010011010111110110111001111110111110100110000111010011011111101011111011101110001001110111100101111000001100101
1011111100110110011010111110010110111111111110011101011001011011101111001011001111101110110111111100111100110111101011111011110011
0111111100101101111111111011111111110111110101111111110000101100101001001111101011001011011111101001111100011110111011101101110110
1110111100111010111011111011011001111110101100100111010101011100100101101111110111111100110111100010111111011101011111110111000111
1010001110011111111111011111001110101010101111101101101011100110011111101111001111100010111101111111011001101011111001101111101111
1101100111100001010011110111110101111111111001110011010111101011111110111010101110011101110011100101100101101111011110011111101101
1010101111101111001111001010111100011101111110100111110110011111010010111110111101011011111100000111110011111111110111111101010110
1001010111110111001101101001010101111110111010110111110111101100101101001110110101111101101101111011011011111101011111111101011011
1101100111111001111011111111111100101101111011110001001110011011111101000101110110110001100010100011011111000011101111110010011010
0011101110101111111011011110010110110111001111100111111101110000011101111111101110010101111111011110011001001100101100111100011101
1111110101100101110110101011111011101101111111010011101110100111100101101111111101001111100101111111010101000111100110111101101001
1011011110111110011000011111111111011111111101011110110001111101011111101001100110111110001010111001100100011101100110110111010101
1111010010101100011110100100110110010010101011100011111000110001101111110010111111111000010110110111011111001110110010011011011011
1000111111001110011100110111111101011100100101111110111001000001110000011011110011100110111101011111011101011011111001100111001110
1101101101001111100001010101010110111111010101000011011011111101111001110110000100100110111111111001101010111011101011110110011010
0010110111110100011101001101111110101111011111001001111111111000010010110101111101110111011111111110111111111001110110011011110011
1011110110101111111011111100110110000011110100111110001110001111110111111011011101101011110011101111011111110111011011111011001000
1001011111101111111011010110111101011110110000100110110101011010100101001011100101111001100010100001100110010111101101101110111011
0111101101101111100110110001111101011011101100100111101100111010001111111111101011101111010001110011111111111111100111111011111000
1110011111010011010011011000111111111110011101011110110001010111000110111111111111101111110001001101111110111100110101011111110001
0011001100111111111000101111010100101011111100101101011110101111001110110001011011110001111101010110110111110111011110100100111001
1111101110111101011110111111111100011010111011110110011111010110101110110100100111011001101111010001111000010011100110011111101101
0011101111111110111110010110001111101111001110101000110011001110001111110101111101111010000011011001111110011011111101011111000010
0101111110111110110101001001111001111101111111111101101100011101010111111110001101011110101101010101111001001110111111111110010110
0111111111110011110110110101101010101100111011111100010101011100010110101111101100100101011111111101111010010110101001111111101111
1011001111101101110110010110110110111001101000011101110111110111010111111111101111010011100111111011101011101111110011001101111000
1101111100101000111000011011111011011010110000101101011001011110011010010001111111110100111111111100110111110110000111001001001111
0011011111101101011111111111110011110101010110111011000111011001010111010101100110101110111001111110111111111010111011011101101010
1101111011011011001011001010110110110110111110111101000001011111110111101001111110101101010111101111111001101110101010111111111101
0111111000110110001011010011100111111111100011011010010111101011111101001101001010101110111110110101101101110110111101010101011100
0001111110111111101111101100011101000111100100111111001000111001111111011011011110110010111100111100000111101100111100010110100011
0101101111011000100110101000110100000111111010101111101100100011101110111111011101011100111111000111101001110011011010101010110011
1100111111101011100001111111111101111010011100001101111101001111101010011011111111111001011101100110110111101110001101111101101100
0111101100011101110111111110011010110111000110100110110011101011110011101010101000001100111101111101011111011111010100100010101011
0101011100101011001110001100010111110010100110101011001011101110100110010010111101000111111110111011110111111000001011101110111111
0010011110010011000011101110111001110100101110001000100111100110100110110111001101111110110111010000111111111111101111111110011111
0011111001001011101111010001101010101011111100111000100100101101010010011011110111011111010011111111111100111100010101010100111001
1110111100111111101100011111110100011010111111111110010001001011011100011111110010111101100111011111101000011110110111011100111011
