111011111001111101111110101101011001110101111001111101101110110111101111110110111111110101011001101111111110001111110001110000101101101111011111110010000111111001110001011111111100
011101100111011111110110111111110111010100111110011000111011110111111011011111111111101111000001110111001001111111101111100011001011000110111010111010111110100001101111010100001111
100101111000110010101100111000110010111011001010111111100101111110001001111110101111001000111101101001101001011111000111001111001110110101011101111011011111110101000111110110111110
000111011011011000001110010011001111111101111111011011011011011111000101011110010001111110111100111010001110011000101111110101000001101010001110111101111000001101010011010111111111
111101101001101000111111110111011101101011011100111000101011111100011100111010111011100110111001111010101011010100110011001111011110111110011101110011110101011111000111011101101111
011111100100101011011111101000101111111011111011110111111111111000011011010011011001101100111010101111000111110110010100000011010010110101100000011110110101101111000010101111101011
110101001011000101101101110110111011001111110101111100101110001101101101001111111111001101101001001110101110100101111111111100111101111100100010011011011001000111111110100110101110
101110101100111010101001111011011101111011001100100111111001000100010100011110000100011000110001110110011110111011111101111100101111110011110101101111110111011111101101001000101101
101000110001111110110101111100100111011110001110111011000010011111110000101001101001001110111010111000111101101011101000101111001011111011111001101111110101111011110100111001111101
011010011011011011000010010010101001011110111110111111111100111111010011000010110000111110011111111100101001011111010110111111110111111100000111110110011100010011101010110111001111
101001101111101110110111001111110111111101100101001101110111001011010111010111111110111000111111101111111010111110111001101111111001110001111111011110111101110110011010100001101101
011111001010001010011111111011111010110100011011110111100110111110111111101110110111110111110001001111110110101110111101011101110101100010110011111101001111110101111101001111010011
011111011110100111101011111011011111011011010111001001101111010111011110111101001111010100000101010101101001100111110110110111011111111110111000111001111100111111111011100010010010
100111101001110111111111100101011111111110111110010110010110101111001010100111110110111001110110111111110111111111111101001001110111000010101111110101010101001110001010111001011111
000010011011111101110010111110001111011111010111111110101110111101011111111001011110010110100001100111010101011111011111110101000110100101111001011010000001111010010001111111111101
001100101000010101111111101111001101011011101010110101110110100101100001110101101101110111110111111111011100101101010101110100001111101010111111101001111111111011011111001110110111
111001001010011011000110001011011000111110110100111011101101100010111001111001101010100111101010111111100111001010111011001010111100101111110010010111111101111111011101101010110111
101010111111111011111000010101001110010110111111111011110001100110000011101011101110111100111010001010110010101111110011100110001001001001101011011011111100101110101110001101100011
011110111011011101101101100110001111101011010010101011000111101000110001101111101001011010111101110110001111110011111010111111010110111111111111101001011010010111011111001110011101
001101111110111111101111101111101111101111111111110110011011111101010110001010011100100111111010011111001001110110110000011110011011101010111110101000001101001110000111110111111101
101111100110111110011000110001001010010110111100011111110000111111010111100111000110001111111111011111111011101111100100000110111011110000001011101101010001111010010110111111111110
011011101111101010100001011111011100111100100010111101110101101111101111001011111110011110001110111100001101001111111100111001110110010101110111001010000000001110011101101111110101
111110110111011101011111101101101111110000000011101110110111111100010111111101000011011111101101011101011000111100111100101110110010010101100111101110001110010110110111110101111110
111010011111111110111100000110111000101011111111110101001100101111000101000101000111111110111110101110110001101111100100111011011110110000110011011011111011111111010111011111011111
100010101101111111110111110101011111011100010101011000111010111111011011001111111111011111010111010110101101111111111100100111101010111100101011111110010010111111101000100111110111
010111010011111111111111011101100100100111000111110110010001111111011010111000001110011101100101000111100110111110111010010111101011011011011010110111110111100001001011100101111111
100110110111110111101010111111101111000001011011111111111011000111111110110101101101111101011011111011101101101110010101100100101111111101110100111101101111011111111111001100011101
110001111000011000101110011111111111011111101011101111011011010110101111010111111111110001111100011110111011110111100011110101111011100000100111110110101001001001111111111101111011
110111011000111010001100001101011011110111101101111100111111111111010100001111111011010011100111011011111101101110111000010011011000001110000111001110000111111001010010110001001101
110101010010111111111011001101010100011001100111010101111100101001011111111111111110111111010000000110101111001011111011110111100101011010000001000011110110101001110001100101111111
110101101110100101011111110100001100101111110001011110111110100001101101111100100101011100011001111001111001110110111011111100011101000101001011110100100111011011000010111110110101
101111101111000001010110111010110101111111110010110111011101111110011111011101010111111111110110100111001100011010111010110111011100101110011010111100101101010110100000110111111100
011000101111011111110100111001110111111010111100011111110111011001101001101110101111101111101100010001111010110111110111110101101100001011101110101100110011111111110011011001011101
001000101110111011000010111111100111110011101010010000011101111100110011000000001011111101011100111110111011001101110011111010100110111010011111111111101111010110100101110000111010
101011111111010010011111111011011110100000110111011111001011100101111001001111110111101111101011001101101111101000101000111001000110001110101111111101111110011110110011000101010001
001001010101010111110011101111101111001111110101100001101110111111101111011111001101111111011110111000110010011110101101011101111110101011101011101000111110101111111111011001111111
110111110111110111111111101111011110011010111101011111101011000100010111000001011111111111111101111101011010111100010110100111111100101100110011111100111101001110111111110100011110
111010011100111100001110100011101111100011100111111100111010110011110101010111011111101111000100110011111101101110111111011101100011000100000011111101100010111011101100100110111111
101111100111001001101111011110010001101110111111111101010111011010011000010011101111101111011101111101110010100001111111011111010010111011101100011110111101101011011110010111101101
001110011111101011001001111110011011011011110101101101110100111111101011101000111100110101111100011101010010010111111101010111111101101011100001101010110111100111110010110111110111
000011011011100101100111111100000111111011111111111011110101111111110101111111110110110011001110100111111110101010011111101010101110101101111100010111111001000101010101110111011001
100111011000000011100000111001011101111101000001101101010111011011111110111101110111111111111110001111111110011111110001101111010011011110110110111101011111101001000010011111110100
110011000110111011100110111111101100111001001110111000101111010011110010110111001011011101111110111111001001111110010000001101111110110110011110111111101111110111100111100011111101
101111110001111111000011010010111110111110011110001101101110100011111101001110011101011111111011110111001011101110001100110011011011111101111111111011010000011100110000110111001110
111111010110001110001111101111100110110101111101010001100000111111110111010000110100011011011110111011110010100110111111010011011101111000111011001110100111111010101011001101100111
110111101111101100101111101110110100010010001111101111111000111010110110110010101110011010010101011100101110110101001011010111011101110111011111101100101000111001110111101111101001
110111010100011010111101011111111011011011011111101010101111110101001010101011101010100011110011110101011101110001101110111111101111111011011011110100101110101011101101111000010101
101111110001011101111110000111101110011101110110111111010100001000010000101010011111011010100111011110110101110110101101001011111111111110011111101111011110011101111110011011011110
011110010101011011010011110000110111011100001110101010101110110100010111101011101110111100001011001010111110110001101111110111010111111111101100111011011011010101011110100101101111
110111111101101101110010001011011111111100001000010110101101101111010111000101011101111111010110010111111101011101010011011001100111110110011111101011101010101111111010101101100001
110111011011011111011010011011101011110111010000001110101110110001000100101101110110101010110101010011011101101111100100111011110111111001101111101101101101110101011010110100101001
110101100011101110010110111100110011111111111001111000111101111010011111101101001111101111100011100000101111010111001110110011001001101100111011001000100101101111001101101111101111
011100111111000111111010001111111111111100010111111111110010100011110101111001110101111110101011011010101011110001011111010111110101101110001101111111101110010010001111111001111101
111101111110101101010001110011001101111011111111100011111011010000111101100001011111010101100111011001110111110011100010101110111101011000011100000110101011011110011111001010011101
101000101100011001111100011111000100100111101110111101100011111111011000101100111101100111100111110111100100111110101101111111000111111011111011110011010011010111111000111111100011
100110011011111110101010001100111101110100101010010101000010111110011011110111101111000001001001111110010110101111010101011111011001011110111011111111011110100110111111111100011111
101010110110001111010101101111011110111010000110011111010111111110111110101110010111111100110011110111110111101111110100101111111010111111111001100000111010111001111111111101011111
000111001101001111011111100111011101001011100101011110001111000111001001110110111010000110100101110011111100111001111010111111110111110010011101010001110111111101111010011110010111
100101001011111111111111100011110100110110011001111110100101111011101111111111010000010111010001111111100111111011110111011101111111010011011011111100010111110110010101110111111111
110010001110011111111001100110110010111111111000001111001110101111110101110011111110101001110011001111111011010111110101011101110010100100100111111110010010110111100001010110101111
111011011111110111010010001111110100011111110010110111001110101111011101011011110111001001101110000011101111111110111101111110010111110111101101101101101101010000101111000111111110
011110111111101001111111101111101101100111001100111110111111011111011110111100110111111011101100011111100111001011010100101010100110100111110111100010111110100011101010111101110010
100010011011011011111111111111111100011011111110100110011110110110100000010011101111010011111001101011100010000100110111111100111001101101111011001110111111111000111110111110110111
001101110110111111001001111010011111101011101111010001101111111101111111111101111001100011101111111011111111011001101011011101011100001000110011111001111111111101001101101111110110
001011110101110110011101111110101111110111110111000110110111101101101101001100111111000110110111111111101001011101111110011011001111011110011111000111110011111111110111110011111100
110110111000110001111101101111110100011111010011010001101011010010110110111111010110111011011010001001111011001100110011111111101110111101000111110111111110001010011111001110100010
111101110000101000101010011101010111110111111011001000101111001011001011010101011101110010011101101110011111111101110110111001111111111011011101111110111111100011101010010111000110
111111100111111101111110111101111101110011110001000101001000101111111100100000100111110011111110011010110010111111110000101011110111010100110111110001111111101111011100010000111110
110111111101111100011101011111111110011110111011011100011011101010110101001111011111111010110111010110010011111000011000100111111111111101011101100010101011101011100000000110000111
110100111111010111111110110111100101000100010101011101110110111101101010101111101111001101011010111100100010010010110011110111011111010101110110010011110111110111111001111011110111
100011101111101010110001010001110111001011010100010111111101111100111111110111011101110011010010011011101011101110111110100111000101110101111101111111010110111010110011101111111011
111111101111011100111000000101100111111110110010111111011101011001010001110101000101110110011110111100001110101001011101001011101111101101100110110011100111011101000010011111111101
111101001111110101100001101101100010110010001110011100111110110011011111101100110011111101111010110010001101111110101111100110100001111101101111010101111011111101110011011001011011
101101111001101011110101001100111101111101000111101101100010101010110111011001111010111001101111011001101111111100101111011111101010101011111111110110011011001010101111001101111001
101111010010011011001101000101010011111011001110101010101111010110110110111111111000101110100010110111101111011110111011010101111100001011001011000011111010111111011111110011001011
101110110111111010100010101011011011111011110011101010111100101110000001011100110001111001000000111111011101111111111111011110001111011101101100011011101111011111111011010100111111
101011111110011101110011011111101100100111110111011011111111111001111111100011010001111010010101100111101111111111011101111110111100101011100111010100111001101001110011110010111101
111110111111011101110011001011010101111111011111110000001110100011111101101101011101011111011111110111111111111011001000101111101010011001110011011111000011111000000001111011110001
111110110111011010110010011011010010111110010110111011111011110011110010101110111100101111011100100111111100101110001111011011111111101001010110010111010111001111111111000101011111
011011111101111011110011111011111100101101111011010011001011111111111101011110111011101101111110110101100110110011100110100111101011010011111111000111101011110101111101011111010110
101110101100101001011111010111010101000110101011011110001101110111110100110010101110100001010111111110101101001110101001111111111101111111010110111001011100011111011101111011111111
011111100101111010101100101001010101101101010101110111011100001111011100111101100101111101011100110101111010110000111110001111111011111111101011110111100110010011100001011010111100
011111011100101001101010010010111100100011000111111011001101111110101010001101111111000101111111100110101101111110001101000101011001100111101010111011010110001011111100001010011111
111101110011001111110101100110110111011011110001111111111100110110011111001101110011010111101010011111100101011100111100110010101110111100100101011010111001111111101010101110011111
101011111001011111011110110111111110110001101101100110111111111010110111010111101001001100011100101110011001001001111001011100001110110100101111100000000101100111100011111111100011
101100111011011111010111110011111010001111111001011001100111011111010010011111111110010100011011000000010010111111100111110111101001011011011100110011011101110111101110000111000110
100111111111001001111111111100001011100011010100111111011011110101111101011000111010011100111110100111111101011110101101011111011101111010110111001110100111001111001011000101100110
011010010010101011000101110110110101100111001101111111111110101111010011001111001101011101101110110110000110111110101111100011101100100010100100111111000111101110011001111101101110
111011011011011011001011111011110100011111100101000000001010111110111011111111011111101100011111101101110001110101111101101111001000111000111101101110111100101100011110011100010101
011011110011111000101011011011111111000110011111001111100000011010111111111010100010010100111101110110101111110111011010111011111011110111101010010110111111000100111111111100010011
110111111010000101111011111011100011101110100001111111111011100000100111111111101010111010111110100101110111101110100101100011011111001111101111010111100101111101011001110101011110
101011011100101111111111010111000010011010111101101010011111101001011000101111011011110110100010111111110100101111110010001111111111011100000001111000110110110000111111001011111111
111111010101111111101111010111111010011010011110111111001011101101111111010001111111011111001110111011111111111100111010100101100001001101011110111000110101010101001111110011011011
100010101011010111111011110011110111000101111000100010011111111000111111101011010101010111001101111011101110011010010111001111011111001011110101111101101011110000111101110001101011
011111110011000110101000111101111011100100111000011110001111110011100101011100101111111001111100110001011110110011111111110100101111110110100011011101110001001110001110001001111111
110000100111111111111101000111011110111101101001111011010010110110101111001100111111011110111101010011001111000011100111110110011001000011010010111110101011001111110111010111101111
101110011110101110110011110111101011101100001111111011110010011111100101011110010011101011101011100110001101100010101101101111111011110001011101101011011010111111111001101111110001
001101110110101111111111111111101001011101101011101011110111111110100010101011011110001111101101111010000101101011011100001101110100101111000011101110111110110111101011111111101010
111011111101110010001111101110001010111100110001001010000011101110110101111111110010101101111111010011011111001111111111011011101100110110010111101111100101001001111111110011000001
001111101101011001110111111011111110110111101110101011011101101111111010110111110011111101110011100101111011011000011110001000111111111101110110110101000101110011101111111110111110
