11111101110101100001110111010001101101001011110001101110110101010010110110100111111011000010110011111011110111111101110011111111111111100110100100110011011110111110111001011010111111101010111100111110101111101000111110101111011000111000011100101101001010111111010011110100101010110011101001000011000100111011010101111111111100011111111110100110110110
11111111111010111010011110101100001111010011101110101011011111101101010110111011001110011111111111001110110100111110110101111110011111111100001111101000011100111110111101111111010011001110000011111001101111111100111110000010111111110101110010110110111110010011011110111110101100001010101110101110111110111011111101110111101011111101111101101111111110
10110111110111111111110010110101101111101101111011111011010010111111011001111001011001011001111100011001000011111110011111110110110011010111010110111100101101111111111100010111101010111100001111000111100111111011101101111111101110111111101111110101010111111111000111111101011011110111111101110011111111111101111011101011000110010010011000101111111011
11110111101100110110011101101011111011010111011111101100110111011111110100110111010110011110001111001001111010000101001111101111111101101110011110011001111111100101010111111011111110101101110111100011000111011001111110101110101000111111111101111110111101111110110111110111110110001101111110001100011111010101111011011010001111111111100111010101111101
01001110001011110010110111100100001011001000010110101111001111010101111101011111001111111100001010010111111110101000011110011101111101110100001111110000111110011011101101111101101111101101100111111111100011001010011011100011101011111011110100111100011111001011010010111110001010111010000010111111010101011000110100011101110011110110010101011111110110
01000101110010111111011011000110111011111001111110001010111011011111011011011010000111111110111100101011000111111111110011111010001010101110011111001111001011111001011111011100111101011110111011111101101101111111111100100111111001101111001010011101111111101101110101111100101101101111100010001100110111100100111111111010100111111111100100011101011110
00101011100110101110111011010001101010100111110110111101101100101100010001101101101101010001101111101100010011000100111101111001101111011101001011101101010110000111010011011011101111011001101100000100001000011101001111101101101110110111100100011001111111111010011111100111111010100000011010111110110110101110110110101100101001111010111011101111110111
01011100111011000111010111101101011111110011101111111111111111110110100101101001001100101110101111110111111111100100101111101111000010100011100111101100101011111111111011110110111111111001110111011101011111111011111011001111110110011011111000111111111110101111011010110101000101110100011011011101100111111101011011101001111111001111011110010111111011
11101111111000111011100011101111100001010101111001011000001001010101110111110011100100011100011110001100000011100111111110111101101101101111111101111010011100101110010001000011000111111001010101011001111100101111111010100111101100011110110011111111011110011011101111100010111110111101010000101011001110111010111111110010110110100001111011011111101111
11001011110011111011110101111110111001111111101011110110101111110111001111001100110011111001001011110110110110110010111110101011011100001100111101011111100111011111010111110111111111111111100111100110111111010101010011011111111111111011110001011111101100110001011010001000110111111000101111101000101101000111011001100110100110011110110011010110110100
11111010101011101110111011111011101110101011101010110101111110010110001110100011111011101100011011100110010110110111010010111010111011011111011101111010111111111011110111110011010011011111001110011111110100000010101111010110011010010111101111110101001101101100111101011011111111101101111011101111111011001110011111111111101010111111111111111111100111
10011111101011101001111001110110100001000111010000100101111011011001111111111111011110111011010111110111011000111010011110101101010111100111001001001110010101110011110011101111110110101110111001101010111010011010011100011101110100101001111000010001010111000001111101011100111110111111010010100100111000100111010111011000011111110110111111110000001000
11011011000100101101011010101111111010001111101110110001110110001110101011111111111110100100011111110101110111101101010111101100100101110111110110110101011010000111101110111101010010001001101111001110101111011111011111111111111111011101111010111111111001101111011101111111110111100110100111011111101110011000111110111001100010101111001010011011111111
11011101111011110110110100011100111111101101111110111011111111110100011111101101111000100010011111101110111010111011110100101110101011100111101011011001101101010010111110011111010001011111111110111110010001111001011100010010000000101111000110110010111111100011100001111100010110011100101001011111001001100001110011110111111101111010101111010101101101
01111001101011011101111011111101100010110100101100010011110010111101111101111111111100110010111111111111110100111011111110101011111011110011100110011010100100110110010011111110010001001110011001100101011011000011101101111101011100101101110000111001111111111101101111101111110111111111111110111000010101101110111011011111111111110101011011111001111110
11011010110001111011011001010111010001110001111111000111111100111011010111011011101110011110101111101101010001110110111101111111000001101111110110111110111000111001111111001111110101111010001001111111011100010111110101111111010111001010101011110000110110110111011001001110111110110001111110111110101011111010100111011110101010111010101101111111011011
11011101110101011010011111111111100111110101011011111011111111100111100101110111000001000111111011111111101111011111111111010011011110011011110111111111100100101100101010111100001011100111101010011010001111110100010111000100011100010001001101011010111100011110010001011101111111001101111010010111000101010100101101011000101111101111011111101110111011
11001011101001110111000101001001000011111011110111011111100111101111001111001101011011101011101100101110111010111110110010111110111001101101100101100110101010101111010011001001101101101111000010111110110011011111011011110111110100011101110011001000110101000011110011011111100010000010100101110110010011001110110111011100110110010010101011001011111101
11100101110101111110101101111111110111010010010101100101110000110111100011011010101111111010011111011101011110111010100101110011010010101110010111101110011010011001111110011101011110101011110100111101011011101101011010110101011000101010110001010111101111111001100100111101011001001010011100011101011110001111101011100101110001111100001011111001011111
10011000101101010111100111001111111110111001010111101101110110111111110011000111011011110011101111111010111011101000101101110101111110101110101100111011111111011101111111111100001001111111101101111111010111110011111101111100011111010100011010110100011101101101011001111010111111100101111100001100111011110011101001011101100011011001010111011100111111
11110110011100001011111101111010010010111111111011011110011100011111011111001001011001011111101010110101111111111100111011101001101111011111000101011010101011010011110111110111111111111001000110111110111110111011111010101111111110001111110111010111111100011100111111011111001101011010101011111101111100101010111111100110111101111010010011111100111111
00010110101111101011110111101111000011111001111110111000101100011110110111111101011010011111111011110111011111110110010110110110110001101111010001001110011101100111000111111111101111111111111101111011100011101111110110111010101101101101111110111110110001001111101111111110010001110011101110111101110010001111110011111111110110011011010000111111111000
01111001101010011000101110000011010111111110001111000011101011110101110111111111011110011110100011111100111110001101100000111110101111001110011111101111111110001011011011010111111101011111111111010011000100000100000111110001111001111110111111010010010010110111110101110100111111011011010010001001010100110111111001100110110010000110000011101110110100
01111011100000111111011110111100110001000111101100110111111011111010101001010111101001011011101111110110111001110111011011010111100110101110110011011111100110001111000000111101110010011000100011101110001111110100001010001100111101011110111111110110010000011011101101001111011101011011100110011110010001010011000111101110100111111110111111000110111101
00111111001111111101011100011100001100110010110111110011111011111111111100110111111011011101111111101010100001111111011111111101001111101110111011000111011011110101000001110110110101110001111100110110111001111110111111101111110101110101101110011101100111011011111001110100110010010101001111101110111001000011001010110101011110000011111111111101001011
11111011110101110011000011000010111011110111010010100110000100101101101101111011110111000101101011111110111100111001111111101111101101101101111111010100110010000111111101110111100001110111111000111101110111110010101101111101111111110000111000101011010011111000011001101110101111111000111111000010110101100110010101100010101011101011011101001011001011
10101111011010110011101011000110111111111011001101111101111001100001011011101001111111010111111000100110100101111101011110111101100111111110101111111101111010111110111001101111101100011101110100111101111111111010001111101101110000001111011111111010101111011111110011001101101110110101101111011111111010010110001111101011111111011011111010011111110110
10110111000101110101110110110101101001011011101100000011010111011110001000010110000111110011101111011110011111010111101100110100111111101101011110110110001001101110111110011111111101011011110101111001101011100101100001101111011111110000111011101111110011101110101001000010111011011011101011010101011100100110111010011111111100011101111111010101111101
11101111111111111111111010110110100110111111100110111011011011111111110001111110011111011110001011001101101111010011111110000101111101010011010001110111011011101111101110000011001011101101100011010100011111111011100101111010000111101111111111001011001001011110111111101111110111101101111111011111111111111111011011111011100011010001101010001100111111
01011101001100110010011000111011001010110101011110011011010010111111110101111011100001011100101110111011011010101010101111011101110101001101111010111110010111111010101011111110010110101001001100100111010111110110100111111101101010110110110111011100101010110110011011011011101011101010100111101001101110110110101101111011100110010000010111110100111010
00111111010010101110001110000111100110111100101011010110011111110111000111011111110011101001011110001111011011110110101111101011111101000111111011111111011011111111111111111011110100101011110100100000101101001100100111001001000111010110100010000111111111001011011110111111111011000010101110011011100100111010110111110111110110110111111110111100101111
01111111101110001111101011001101101101110110110111110011101101101111001111110111010100111011111111010110011101001101011111111010111111001110111101111111101111111011001011111111111111011001010011011110010001101001100110001100111111111101001111011011100111001111111111111101010100101110001000110100101011110101111111011111110011111111111111101010111100
11001101111111111010111101101111101111001000110101001101111111111111111111111110111111111011111110110111001111100111011111111001111011110010010111101101001101101011011011001111010111111001100101111101110111111100010001101111000011000100010101000010101001011111011000111111101111111010011111111110011111111101110110110111001111110101001111001111001101
10011010111001001111111100100110001110100101110100101100110001101100111001101000100010010011111110111010011111111111111011101111111101000011101011001111001011111111110100011101111100011011110111111110100010101001011110010110010000000100100110111011111100100101111010110100011110011001101110011101110110011100010101110101010111111011101111101100010001
01111111011110110011111011101110111111101000111111011011110010001110111010111101111100110100111001111011101011111011001110101111101001010101010111111111010111111100011111001110010101111110111110111111001011111101110111110101111011110111111111100010011111010111111101011011000010111011111110001100111111111111011110111100100111110111110010011001011001
10110010011101001011001111011010011001101111111101010110110100100011110111111101100011101111001100110100001000111111111101001111101111111011110101011001101000110011111100110111011110001011111011110101110010111101111101011001110101101111101111000110100111100101100111100111011110110000111111101010001011110110111010111111010110011111111111101101101110
11100110101111111100100101110111110010111110001011111101010111101010011110101111001110000011001111110111111110111111011011010100111011010011111011010111101100100111100111110010101100111011110101010011011111001011101101010011010111100110110110101111111111111111111011001111011001101101011010111111010111111011011011010001101010111011111010111101110111
10101111101111011110101111101010100111101011111101101101111101101101010001111110111111110011100111010111001001001111101110011110011111101111111111011111111011011001100111001111101111001010010111101100101001010110101111110101111111011011100101011110110111010101111011101111010011111110101110011111110001110001110001110011101011110000011000000111110111
11110111011111111001101111111111111100011111100101111111010111100101111000010111001100110110111010011011100000001100101010010111110001010101010111011011011100011111000111001111011110010111101101000111110111101110011101011111100111010010111100101101110100100010001010000110111100011110111000111010111110101010011110110101110110100101100110010110111100
01111100101001011101011111010110110011111011111111110011111001111011110110101111011101111001011111110101011111111111010111110111011100110111011101101100101110111111111100110101101011010110100010011001010100011011111100101111111111101110000110110111011101110011101011111011011001110111010111101111001010001111111000111101101101111011111101011000111111
10111101111111111010011110011111011111100001110010111110001101101110101001101111111110110011011010110111101100111111101101111101111011111100011011011111101110111111110111111001110001010111111110111001101101111101111010101111111110110100110000111111100111101111111101111010010011000000101011111110101110111011011111100110111111011001110011000000010110
11100101011001111110011111111110110010111100111010111001101111011111001101111001110010100100001011111011111101111010000011111011110001010011001101101000111000010111001010011111100010111101111111101001110111111101110011101010001111001001010110101101011101000110111011111011111110111111011110111111111010000111000111110001010111111101101011001101111011
11110110000001101101111100101001100110110101101101111001111011101000110111011101111111110011100000001110111010011011101111110011110110001011011000111000110111001101110010010111001111111111110100010010011100100110110111110110011111001111011110011111011001110111010110101111111101111110101111101111001100110110011111000111111000001100110111100011011101
11111110110110100000011000001111011011100110011111011001101110101110001111010011101001011111010001010101110011101111101101001000010110011001000111101011111010110001111101100111111110001011000101101111010111010000111011011010100101111101111110111101110111111011100111101111111100111110101110111010101110111010010011001111111110001111111110001110111110
10111101111111111110011111010011101100110101010001000011111110101101100100111011011011011111000110001010100101111111111110100111101110111010101110010101000100111101111111011111010111011110100111010111000111100001011111011010110001111111011011001101111100111110111101101101011110000101010101001010111111010101010111111111000110111100101011001111011111
11000101111111111110111000111111001001011111111100011111011100100111000100111011111001101111110010110111110101111101101111110110001100101110100000111010101010111110111010111101101010011111011010010111111111111010111111101111011101101110010101101110000111011010111101010010110111011111010000111111010111101111111110011111100011111100011010111011110100
11100111100011000110011110111101111110001111111011011011111111101101101110010011110011011101111011010010110110111110011101011000111011011011101110010110001010011001011101111111001001000111110101110011111101110110010011111111111011111110100000111110001111111011001010100001010110101010110101111100101110001001110010111100111111111000110101011100111110
00101111110001111111111110111111010000001100110011001111111111001100111110011011011111110000111011011111110011111011101011110110111010000110101101111101111101010111110110101111000111111111111101110111111000000000111110001010111111000101101111110001001110100101011111011000011100010101111110000001110001000001010110110111111001001100111110011011110111
10101110111110111111001011011110101101010110101011111100110110111111100111110111110100101111101111010110011001110001101100101001001111011100110100001111100011011011010111011110100111101011110110101111101111111100110011110111110000101000110001101011101110111011011100011111001111010101110111000100101101011110101111111011111000111110111101100110111110
01001011111111001111101111001110110010101000111000111011011111111011011110010110000110001111111010100001101101101000111101111011101110110011001110100000100111100001101000111110111101000111111101111111101101111111000010110011111111111011111110101111111011111111111100011100111001011110111101111000101100010101001111110110110111101100100110111111001111
11010111111011111100010101000011110001011011100100111111111111001101111001100010111011100101111111111010010011111111111011100001110001111101100001010111111101011111011101011111011111010101001001101000011011001010110011111101011101111110110001001111110101010011110011111100101111111111111111011111011111110110110011011101110110110010110110111000110111
01101111101011101111111011100000101110110111110100000111111110111101101010111111100101001000111010111111110011000100111011010111101111110011110101111110010110001010111111011111111010011111100101100110000101011111101110100110111000111001110111110111101101110111111111001100111011111111111100101011111101101100110111011111111011111011001111110111100110
01111011101010111101001111110110110110110001010010101101010101010010101010101110001110111101101000101011111100110110111101110111111101000110011000011110010111100110100011111110100110100110111110011110111111011101111001100001111011110001110011010100111001110111111111000010000111111100010111100000011011011110111011110101111101111010011100100111110101
11111110111101111101111011101111101011011011011110111100111001011011001110011110110111111111011101010110110101011110111011110111001111001101110100001011011111111001001100110110111111011010110101100101011101100101101000110010101110111111011111110111111110100101111111111101101110101000011011111111101111111110111011101010001100111101011111011001111101
11110101010110111101111011010001000001110000000100110001111110111101111001101010010111110011101110111111100111010111101110110100101110111111100101011011111010111111011111111111101111111100011100101001110001000011110111101101110111001111100011010101001010100111011111101010011001101111110111000010111101110011111101111001111001001001001001011001101010
10100111111000101101111111011101111011011101111101111010010001101111111101110111100010011111011110111111101110011011101101110111011011010011011111001110111001100000111110110101001011110111010001110110110111110111011011010111100100011111011111111000110111101001111011100111111111011011101011111110101101111011110101010011110111001111001101111111111110
11111010010111101110101111011101101011101100010011111011101110100110101110010111111001110111010110101110001110011101111110110111111111111111110001101111111111111001011101101110011011001111110110110001101111101110100010010010111000110110011001001111000101100100110101111110111111101101101111111010001011101101111111111110011110111110110001110101110110
10011001111110010111011111101010111001110010110100111101010111111101111101111011111111010001111011101111101010101111101010011001100101101010000000100110010000110111111000010010101111011010010101011010111111110011110111001111101101111010110011100101011111111100111110111010111110101100111111110111010111111101110110011101111110011110001000111011001010
11101111111111111111110110111100011101001001101110011011111110101111011001100010111101010101001010010100111101101110010010111111100101111110110111011111100111111101100110011111011101111110110111111011110101110010011111110111111101101111100101100101011111111111011011011111111010101011010001101100101101111111110111010101101011110110111011111110010101
01111011010110111110011011000001011110111111001111101111010111010000011100110111011011100110111101101111111111110110011111110101010101111110111101011101011110111100001111111110111100101111001110011111110001101011101111111110001010111111110100111010110111110111111101111000101011111110101111111110111110110100011100010011011111111111011100101011011111
01111011011101101111100010001111011000111101101011111110101011111101110101011110011111011011101111101111011110110111101111111101110110101111110111111110000011000101111101110101111101010100100100111110110010110011111101101000111101011001111100111100100011111011111101101111111101001011111110000001101000111011011011100011001111111010011010111011111101
00101111111011100111101110101010101110101011011001111101110111111011111001101001101100100110111110111100001110111111101111111111111100001010101010010111111111111111101101100011010111111110111001011111011001100101110001111111111101111100101110100110100010011010110011011111110111111110111111111101100111111010000010011111100110101111110110110011111011
11111011111111111101011100111011111111011101111111010111001011110101101111110111101110001101011000101111100111111111000111110011000111100011101111111001111000101111010100110110110111000110111000011111111011110101101001011111010101110110110101000111110110011011101101101110010111011111111111110101110110111110011101011101110011101101110101111001110000
10111001011111111110001110111111100011111101100100011110111111111011001010100111011111111111100110011111111011000110011000111111101101101101111110001101001100111001101001011101001110001111111101111011100101101101110011101110111001001101111101110010011111101000111101011101101001111011101101111111111110101111010110111110111000001010110111111110111101
10100101001011011101111110001100110010111111011100101100100000010011001001101100110101011010000101011100101110101000111111101110101010010111111100111011111011111100011110011011111100111001011100111100111001100011110111111110001101111001010000110100001111110111011101100010100101011111111111001110010101011101111011110011101111101010111010111101111111
10011111011111111110110110001000110111011110111110100001101000010011001100111111010001010101111110011111110101111111110111011111110111100001111110000101100110011111111011001111001111110101110111101001101110111101111111101110110101110111011011111101101111011110000101001111011111011111010111111010100101110011100011110101100011111101110110001111011110
01111111111011101010001011101111011101101110111101110100011101100011111111110000101110100111111001011011111111011011011111111110100011110111011100111101101011111111111101111010111101110111100101100111110100111111001011111110111100011011010101101111001100111110110101100011011100101111111101101111011100111001111101010011101011111111101100011110011010
01010110101110011101011100110100101111100110101111100111101010001001110011001011111111101100101110111110100110111011111111110010000001000101010001010110011000001101110011011011100101011101011011101101011110110110111111111110011011101101001001001111111011011011101000100111110111111001001000111100111001100011100001110011000111111111111111111111111100
11110111001010110010111100111011111110101100111101000111001001010000111101101001111110101111110011110110111110111010110010100001010011111011011111111110111111100101011111011101111001111110101110111001011111100101100001110111101010111111000110011110111111010001100100111011111111110001001001101111101111111011111111111111001111111110101110001001111100
00101101010011011111100101011001111110111111101011111101001101110111111110111001011101110101111101110110011011111101011101001101101011110111111011111010101111100010011101111001111000101011111101111111010111101101010111110100111111101000110111110111101111100001010111110111111111001001111111111011011011000111111101011110011011011110111100011101110111
11110111101100111001100001011111111111111000001111111110111110101101101110110101101111011111110101111110110011110001110101111110011111101010011101111111100110101101001101111111111001011111010110101011011110110110110110111010101011000010010100010111100111111111111111111111001011011011011111111111000101011111011011011110111001110010011101110010111100
10101101001111010011101110100000111111111101111111110010010111111111110111101101111101111000101111111011100110110000111011111101101110110111100001110100011110111101001111110010011110101111101111011011111111111101111001101111011111100110110110010000101111110010111111001001110110111011011111011011111110011011011010111111100101010010110111111101110101
11111110110001010100110101011111100011011001111110110110101101011101010101010110100101111011110110100111110111011101101101110011111111011000111111101111111011011000011110010100100110001111111011010001101111011110101111101101110111101011111011011001111010111110010101100101111011110111010000110100000010001000101101111011110111110001001111111101110011
11010110101001101010110101111010110101101001001101110011111110111111110011100101110110111111001111011101110110001100011111111110001001010010111010111101001000011110110011110001011111111110010111111111111100010101111111110011111011011110011011010011011101001101100111010100010111001110111011111101101101111101111100101011111101110011110101111110100111
11011001110110010011110110011111111001101011101111000000111111111100011111001110110110101011011110011100101111011001110110110111101001110001100101011001000001100000101001011100011100100111111100100011111100001111101110110111111010110011111111110101100100110100001101011111101111111101001111111110111010101100110100110100100011001101111001111011101000
01101100011100110001101101110111011010111111111101101001011111010111111111010100101010011110111011101011101111110111111110001101001101111100011001001111111111111101110011001111111001000001010111000110110011111101111101110010011110000101011011110111100111101011001110011011001011101110011011111100011111101011101101111111011111111101101001011110011000
01011001111111001110000110100110100011111010111101111011011101011111111111101011001111011010110111000000101000001010011111101111111110100010111100111111001111010111110101100111111110111111111010100100011100000100101111001001111110010101011111001110101111011010001111011111011011011111101100111111101001101001110010000111101011101001011111110101011011
11111011101111011001011111100010111110111010100011101101000111110110011011110111001100011100110101110011110011101001110101110111111101111101101101111100110001101001001111001011111100011101110101110001111110110111101010111001100101110110001011101100111110011001111111111101100100001001111100111010011000111001111111011111001100110100011101111111010111
11011111101111101101101101101111100101100011111011101110010010111010001101110110111111001110011111010011011011000011110010110111010011111101111010111011000110111100110100011100111011101111110001011010011111001111100101010101001011111010101011010101010110101010000000110111000110011011100101011011101111110011000110111111110111111011011100101111011110
11011001010100111111110101111100000100011101010110001110110011101010000011011100101110111110111101111011001110111101001001011111110011100010111111001111101110001111110101011110110010100000110110000111101100100011111111111001010111010011011111111100110011100100011111000010110100110001010101111110000110011001011101111111001110011110100011100010010111
10110011101111111111011001100010111011111110001110010111111111001101110011111111101101101111011011101010111111110011110111011101110101001111111101100011100101100110110100011110100010101111010100101111111111110011001011101011101111110011111111011011001111110110001111001011111010101011101111110101111111010001110100111000110100011110011101111110011111
11011111011101101100101111100011100110001101111011111110001001101101110111100101101010001001110110011011011010101111110111110011101111111011101100111110111010111000101101111111011111111111110110011111110011111110111000000010011111100101011101101110111110110011111011111001111110011011111111111111111111111111101010100111001111011111010111101011111010
11111111111000100111101011100111111111111110111101001111101111110011011011111111101001111011100111111010101101100100110100111000011110001101101110001001110111111011001101100010111110011011010011111110110110010110011111101101101111111011110011100010001011111111111010011110111111110110101110111110010111010101110011010010011111110111100101010011011001
11110100101111111111111111100010100111101011010001011110100010111000101011101111111101010111111011111011011100110011100100110000001011111111111011011110111110101100011110101111111111001101011011101101010111000011010011111010011111011110101110111101111101110110010010010111011010011110110101011111011110111101111111111010101011101110110111011111101110
10101010011010101100010110110001101011110111100111101111001111001111101001011111111011101111101001010100110011011111011011110111011111011100101100011110010111110101101001110110110111111110111101110111110110010011011001000110111101101000110110111111100111110111110010111010111000100011111111110110001111100111111101001010001111110111110000011010111101
01010101101111110110111101110100110100010110111101100011111010101110110101100001111111010111100101101101001100100011011001010111110101001011011101111111110011101101100010001111101011100101110101101111111011000101010110110111110010001101111111111110101011011010010100111011111010110111111101011101110111111011101111011111111111100101101101111000010111
11001101111010011100111110101001001101111100110110110001111101001111110111010111001110111100011111111011101111101111101010010001111001110010110110111100111011101111001101001000111111101100100001111011001110111101100110011001111000101110011111101011001010010010100111110111100111110110001111111100101011111111001001100101010001000001110111100101011111
10010011110111111011011000001101111111111100111101000101110101101110101111011110101110110011001111111010010011101111110011111111111100011110101000011111011111110100011100101111000110011001010111001110000111111011110011101100110100101110011111011000011110101110100111011111011010111101000111110110111011101111010110000100011001100001010110100101101101
10100111111100101011100001111010110010101101111101011010011110110100111111000101001101000001101011100111010110111111010101110010010001101111111110110010011100011111010110011011011110011111000111111111110011000101000101111000101110111010111111111000010011110110011011010101001101111001111001101110110111100010110100111001001101100011001111001111110000
11101110111100000101001011111111110001000010001100110010010110111111111000011110001011101101110110111101110101001101101101001001111100111101011101111111111111001011100100010000111101001111100001011111111011001110011110111111101111111101110001111000111011101111111111111111001100101010001100011111011110101101110101011011111001001011101011110011001100
00101101100111101100101101101111111001111001111110001111111010111111011101001110001011111000001101011011000011111101111110101111110101011000011110101111011011111111110001100111100010101011110000111011100001110101111110010100000011010111011011010111000010110111111110110101111011011111111111110101110111110101101010111111110100011111101011101111001001
11111011000100011000111111111111111001100101111000101011111111011100111001110011110110111110101101111101010001101000001110111111101000010010111010100010000101111111010011111011011001011110101000011001110111111001110001111010111110011100011011011111101111111110010001101110010110101111011110000000111111101001111010001110011101101010100011111110001001
11110000101011000111001011001111011111001001101000110111010000101011000011100001110111000111110000111111101101101011100010011011100111101110111111101001110110011011110011011001001111111111001111010001011000111001111110010010011111111100011011100101011110110111000110101111100011111011110111111010011111101111101101110010111010111001111001011111110011
10111111101011111101101100111100100111100111101110001111100110111010100000110100101101011110111100110111011110100101111110110110000111001101111110110111110010111101011101101101111110111011110110101100110001111111111011111001110101001111100111111110111111110110011101001110111101101011110000101011111011111111111111001111111011001111001001000101011000
00111011110111101111110111010111001011001100111011011101111100101111111111000001111001011101100110011011010000011011101001001001100001010010011001011001111100101110100000111101100011110011011010011011000111000111110101111011101100010100111010111110010111101111010100111001011100011001101000111101010101110111011100110101110110011100111110111011010111
01101101101100011101111010010110011101101111011001101011110111100100111101110101111110011110011110111100111111101001100111111110111110110010001111111110100101111011011111011111111001110011111101101111110110001110110111011111011100001101000111111100011011101100010011111100111101011001111001101110111111101011010111011101111111111011011111111111111011
11011101110010101111010110101101010101111011111011000010011111100101001001111111111001101010001000011100001001010110111110111101111010101101111011110111100111011111011110010101010110110111100111101110110101110000110111110101010111111111111010011101001111010111001011001111111110111111110010001010010011101000011101110111011101111101011011100000011000
10111011101110111101011001101001110101101001000111110101111110010010001011001011011111011010111111111010100111011111101111101010101111011100110111111010010010101111111010011111111111111100100110000001001111100010111101101101011010000111011101111111100011111110111000110111111011111111100111110110001011100001111011111101001110111100110001110001111101
10011110011110111111010000111111111000110111101010011111110001111111100111011111011110011101111011111111100111001111101001011111101000111111011111010100111100011111110111101110111101111110011011101110110111111101101011110011100111101110111011110110110101100010110111110111110011100101001011011011101011000101011101111011001001011011110001011111111111
11100010010110000110011011011111001010111011111001001011110110100010000011010110001110001011111111100101000111111001000111110101111010111101011110100111111011111101110111011110111111011101000111111111000011010111111001101001111000111110010011011101010000001110110101111101001010001110111011111011011110101100100101110001101010100101101110101101111101
