011111011110001101111110011101
110111011001111101100011111010
110111110011101100010101100011
110001001101110111010111001011
111111110111110010001110001110
100101011001111011111101100010
011001111011101110101111011110
111001111111110101001101001111
011110100111010111110011001111
110001011101010111110111001001
110110100110000111101100111111
111101011111111101110010011001
111101111110010011101001001111
011010110101011001110111101110
111101111011110111000100100111
101101111011101111011111100100
101011111010111111100011111010
110111010001111110011100011011
001011110010111101101011101111
111111100001101011011100111111
101111100000101101001110111101
110110011011110100111111011001
011111100111001111110111110000
101011010110110101111001111101
010011111101110011100110011111
110110111101111101001111101010
000110101111111011110011101101
101101100011100110110110111101
111011011110100011111111101001
011100010101011111011011110110
011001101111111111100001011010
111111100111001101101111001101
111111011101011110101110011010
111001010111110111100111011011
111001101101110111111100101101
111101101011101110001001011111
110111011111010010011111001110
100111101101101110110100111111
101101100111110001110111101010
110011110110100001110011111011
101111110110100011100000011111
110111110110000000101110111111
011110110101110111011001011110
111111001111000011111110101110
111101101101010111100011111001
110011111111001010010101101111
011111111011001001010110101100
111101111100011100111011101011
111101101101001101100111110111
110100011110011111011111011001
111111011111001001100110111011
111011111100110110111101100011
111101001011101100000011110111
110001011101111101011011011111
111001011101110110011110101011
011111010110110000010111011101
010011101101111000111011011101
110100111001000010011111101111
101110101000011111001101111111
111111101101001001010011101111
101010111110111100010111111101
100001011111111101000111011111
111000110111001101101101011101
011001111110000111111001110101
110111001111110101101110101011
011011101111010010111011101111
111011110101000101010110111011
101110111001011111111100011110
111011101111100001110111101011
101111111111101110001101101000
100010100111111111110011101111
101110001111110110100001100111
101011110011010111101111011101
101011101001001111111101101011
011111110111000111111010010001
111111101001011101010111010111
100101101110101001011100011111
111111000100111110101101010110
111111001011010100111100111110
111111010101101101111000011101
111110111110111010111100000011
111101101101010101011010101011
110111101101011011100001111100
001101011111101101111100011111
100101010010101101111111101100
011011101111111010110111110001
011010100111100111111011111100
010111111001001101101111101000
010110011101111001111010011001
100111111010101101110110001011
101111111001111101011000101011
000010011111110110111110010101
110110011110111110111110110000
100110001111001110111101101110
011001011110101110101111100100
100111101111111101111100000111
001111010111100011100111011111
100111111100110011010111110101
111100001111111110100010010101
011111110101011011101110011101
