1000111101000110111111001101011101110000000001101101100110010111011110101110000111000110111111011110011001111000001001010111010110011110001110110011111111010010100101111011101100110111111100110011101010100111111100000110001111111000101110011111111011101110010111110011010100000011101011111100111110101111010101101001100101110111101001001110
0100111111101110110101100000111101111010110111010111011111110111100111010100110110101010011100111111010010000111011010110010101101000111010111010101111100011111010011111110011011111111111101010111001011001110111110110101011111011111110101111001010100111001011001110111011111101101011110011010001001110111111001110111101101100101111101110110
1101011111110010010110111011011111011101101110100111110000001001100111101100110110110111001011110110100101111010110101101101101011110101101101101010111100011111001001010111011011111110111000100000011110111111001011011111110011111110010111101001101001010101111100001011110101110110001110011100111101011111011100110100010011101001011111110110
1011011111011110101010000111110101111110111100110101101101010110111110110001011101011011111011110111000001111111111011000101110100111000111100111000011110101100111110101111100111111010101011111111111011111001101111110101101110110100100111010111111100000111010101101111011100001010101100010100110111111010101111101001111101111110111101111011
1110011110110011110111111111100111111100110010011100100011111100100010010110101011100011010010001011010001011110110010111110101111111000100100101111111101101111101101110011001101101001101101010111111111111011011011100001000010110110000111101101110000011110101111111101110111101011100110111111001010000001110000001110101101100010111111110001
1111111111101100101111101011111110010011001111111101011111111110101110111111101101110101110111110100111111000111111100000111110101111110101001111010100110110111101101010111001100111001110010100010100110111110001001110110101001100000110001110010110011100001100111001100111111010101101110000110111110011100100110100110011011101011110010110110
1101100111111101010101010001111111101110011101100010101011001110101111010111101011000101011011011111110010010111101101111101110101111001101111111111100111010110111011001111111000110000101010011111011101011111111110111110011111111011111011011011110101100111110101110111111111111010011111001101000011011111101110110011111111010110111001111100
1111110001110110000001011011100111100000110001011110111011001011101111000011111011110111010011000101101101101111100010000111110101101010110111011111001111001011000111101111000101111111011110111011110111101110000110100011110111111011111110011101110111011001111010100111111011010001110000100001001011100111101011001010001111111000100110100011
0110101010101001011100110101110010011110110000101010101111100011011111101111110101100110110111101011111101111101000001110111011101111111010000101011011010011111111100101100011111101010001110111011101100101101110101011111010010111111111000011100010111001100111111110011110011010101100100101111011000010011110101011001011011011111110111000101
0101110111111011110111110010110011111000100011011011101111011011011101111100110111001101100101100111110110111011011111111111010100101101111011000100111100111011110101011111111110111111111111111110011111011010111100101110101110011011001101110111111111110101111101110101110011111010101111011010001001111111010111100011101101011111111111101001
1011111101100110011111001111010110111001111001100010010100111110111010101100100011001111111111101000100011110011110001111011111111001011101011101111111111110111100101011000011100101101111101111011110111000001111111011010011110111111111100110111011111011110001111111010111101100100001110011011001111011101111101110111111011111101000011110011
1011111100000111101000110110111101101100000011111101111111100011010101110011110100110111111000110110110101000111100111010100110101000011111111111111010111010110111111011010001111100010111101010110100111111110111001011110110111010011101100110100110100001101101111010101101110111111111110101111100110111110111101110011110000101111010001010101
1100111111111001110001100011110100101000010001101011100101111111111011010011010011001110111110111110111101111011101111110111110111110011110010011001011010100000111111011101101110010001101111101000110001110100111011010101010101100100011111000001100011111001000111110111111100000001010011111011100010011001110110011101111011011101111110001110
1111110011101101011011100111101110011001110110101110111110110011111011111111100110011001011111011100111100111101100100011111110001001000101000111010001001111101100110101101100111110001101101101001011010101010010010101101010101111000111000111000101111110111111000111011101111011100011011011100111001101110101111101111011010101000110001111011
1111000110111010110011111110011010100111101111101110101010111011011101111111111111111011110010110010111011111110001000011111100101101111111001111011111110101010001110100111101111011011111001001010110101111110010101110100100110101110111111000101111111110011010101101101100001101111110101011110011110011001001111101111111101110011111111111011
0011011101011111101010110101111100111011101001011100100101001000011111111110111100111001001100111111010011101111111111111110100101010100100111110111111011101111110001011111110110011011111100011110011111111101101100010001010011100011101111101001111111100110001001111000111111001111111101011000011100110111111010110001111010010101011111011110
1101100100110011001111110101001110001011010111110111000010011111111010011101011001111101011110111011111111101111101111011100010111101001100110111110010111111111111111000111111011111111111011000110001011110110110101000111001110011101100111101110101011010110010001111011111101111101111110111111111111110101011111110110101110111110111110011111
1100111011111111110001110111101000000001111001100011111011101111101000111111110001000101111111100111111101110111000011011011011110101111110010110111111000111111101101011100101111010100111101111111100111111100111100110011100111101000111100111001011111001100111011101010011010101110110101100000011001100011111111010101011111011000101111100000
1111111111110000001111011011101101100101110101111111110101010011101010110111111111111110110111111111101010110011011100101110111101101011101101111010100001111111101100011111111111011001101111101111101111101001111111010011011101110011001111011001110110111110111000111111010110110110111010011101011111010010111101101011111011011111101101101001
1011000100110110010010000111111110110001111100101011111111111000110101010011101101111110101000111100111000010011110010111110000100011101111111101110111111100101011100101111111110011111001111111111111110011111101111111101100111111100111011100001011101101101000101110000010010001000100111001100101110100111111100000010011111101101011001110011
0010111111111111101011111111110001110111111111111000110111100111110101011111101111110111101011011011011110111111101011100010101010110101111011110111111101111110111011111011101111000001111001010011011110110110111110111111110111100010111010110110000011001111101111011011010100001101111111011110011110001110110101010100100111111011110101011101
1100010010101101111011111010101101001011011110101111110001111110111101001111011111101101101000101001110111010010010110010111011110001110101101010111111000010111010001111101101100011111101011001001010110110110011110001011111001101010111110000111101110100110011100110100011011001011000101100110001101100110111001111110010110111010011111101011
0001101111110011110101110111111110011111111010110010010001110011011000011101111111011100111100111110011000010101110101111111110010010111100101000101111101101110111111010111100101001111110101001111110111111011101000110111111011011001110100111010001111101111111100111111111111111111010111101111101001011001100101111110110010111110000110110001
0110110110010110111111100010101100011001100101100110101010111100011110111101000110111111111011011101100110001000010101000001111101011101111000000111101100110111111111011111111111001110111111111110001110000100111111001010111010101010111101111101111011101111110101000111111100001110011001111010011010100110001101101010011001011001001000101010
0111111100110101111111110001100011111001010011111101111111010111101111000000110011111010111101110010110101111111000010101101111101011111110111011111101111110100000000111111111111011101101111100111001101110001010111101100110111111010101010111001111010111101111111101111111111111011011101011100111100110101110111111110111011101010111111111010
1010111110011001111100101100001110111000110110110011011110110101111111111101101111110001111011110111111111010101001101001101101100010110110101110100111110011011011100111111011011100111111010010011111111111011010111110111101101110111001100010110011110101110111101101110111110101010110110111110001101011001011110111101011111111010100111011111
1010010101111111101101000111100111001110100111100110111001011111101011101111011101000111110011111001000111111111101110101100111111010000101000101001111000110101011111011101111111011010000101010010011011100011111101011011110100111010011111111110110100011001110011000010111111110111011000101011010111111111111010101011001110101011110111011100
1110100001001110111010101011101110110111111111101110101011101011110010110100110011011110111111000110111111111111011011101111101111011111111110010101101011111010111001110111010100101100111011110101111110110010001000101111110111101011110110110011011111011010111011111010100111011111110111000111011010101101110011010110101110011001111111001110
0001111101110001111110111101101110101111101000110111111010111000100001111010110110011100111011011100110110101010011011100100111111011110110010011110011011101111111011110100111101101110010101101110111111010011001111111011111100110011111101110011111000111110111000101111101111001111111110100010100110011001110001110010111011001100111111111000
1111101100010111010011110101111100010111000001111111101011100011101101101110001111110011100111111111111000111011101111010111111000110101011011010101011111000111110111110111100111000000111111001101011111110101111111010011011001111101011101111001100111001110110000111111111101100011101011110111101101101111101100010110011100010111010110101111
0111100011010111010011100101011111101111110011111111111110101101111100011001111111001011111011111001111011110010110010011110111110100011111111010111001000000101110011011111111110000110101101011001111101111111100011110111000111111011111010100101011010111110111111110001110001111111111100110010100101110000111111001111100001111001001100011011
0001011110011000101110111011001110000111001110111110101111110001010101110110110011111111111111111001010010111000110011101001111110101110110011001111101110011110110010110111111100011000001110011110110101110110101111011011111010000111011111111111010011111000000100010110011110011110111101011110111111111101101111111011111110111001111111100011
0100101110101111010111110010101011011100111101110111101101110101010010011100011110111011001011110110101011101110100111100011111101100111111111101110010110101111001000011011001101000100111100111100100000011111100110110011110011110111111011000000110001011001110100001110101011010010110000100101011011111101101111111111101011011010001111101111
1111111010011111000011101110011011001011011010010011111111011011111010001011110110101001011111000111000101010010101011000111111111101011100111111111110010111111001011111101101011101111111111110010111001000110111111110101000110010111011010110011011110001010010111110010011111110110110011110101011111111000000100110100000000111111010000111010
1000111101001001001110110001111101111111110010111100111011001111111100000011110101000101001111110011111111010000001100111110011001101011111000110100110011101101001110110000111101010011001010111011111011111111110111111111111010111111110111110101101001101101111111011011111111001101001101100000101001001001101110100001111101101101111011011101
0101111100101011001111111110100111001101101111110011111110011000011111111111101101101111111110111110111011101011010111111000010010011111010000111011111011011100111110110111010011000110111110011001101001011111111011111011010001011010101011111011100110111000111011101110011001111110011111011110101010101101111111000100111110111000111111011011
0011001111011100010101101111111101010101101101100011110111110000111101010111011111111001001101110100111111011101101111111111011111101110011001111111101001101010010100001111000100100100111001111111101000011110101011010010101010101010001010111100010111111111110101001111011010111011111110001010110111111111111000110110111111011011111111010111
0110011010110100110011011101100000111111111111111011101110110111111000111101101111001101110011111010101101110111110111000111100111011001111101110000111110101110110100100111110110111010101101101001111101010101110100111011100101111111111101101101110100000111110010100110111100101110111001111101110111110100010101011001110001110001101111110110
1011011101111011101010101111011110101110101110101101010010111101011111011110000011111010100110011111111001000100111101011111000011101101111011110011010000011110111010111100011101111010001101110111011100010111101011111110111011111111101100111010101001001011111110110110100010101011111011100001111111011101111110010111111100110010000111011001
0111010110011110011011110111101110110111101111000101111111101111010101111010010111011111111111011011010010011101111011011101010011011110110011101011000001100000111101100011010111110001011111010000011011100001011010100110111011000100001100111110011000011111111111000100011110101110100101011111100111011010101110111010011011111110111101000101
0111011110000101110011001001101010101101100111011011100101010111111110101110111110101011111101011111001111100110110100010110101111111001111001010111101110010000100001111111110100101111011001011001111101001010011111110011011101011111000111111110001000110000010011101101110011110100111110010011100101000010111101110101111111110110101001011110
0001110100010111101010111111110101111111111111111101111001011111110000110011111111101111101101011100001110011100011100100010011111111100000010111101101111011011010111001110001101110000110000100101111100000011101101000001001111100111110101101111111110100101100101011110101011011110110111111011001101111111011101110011000001100101110000101100
1001111110111001111101100111101001001001011111011100011111101101011011111111001101110010110100011111010010111100001111111011110010110010101011111100001001101110011001111010111111110011111110010110111110010101110110111001011110110111101011110000111111111111101010001011110110111111111110111110101111111000101011100111100011111101110110110011
0101100111010111101011001110000001101111100111101000011001011001101101100010101011111110100010110011111110101110001101111001110100101001101111110101111110110011111100111111101111010110000111111110111010000110111011100011111110101010011011001000111110010000100100111000110001111111000111011110111001111101011010001011100011111101010001111011
1110110111111001111011101001110110111000111010000111010010100111010110100110001010111111101011101110011111100010010110111010010011111110111100100011001110110000110101100011011111100111011110111111011011101111110000011011111110011100101111110101111111001111111110101000100111110110111100111001110110000010010001100011110110101101101101101000
0010010110111111101111001011110111011111111111010101001111010010101111111111111110011010011111101011100111011100010010111001000110000111011001011110111101111011011101101101111111110011010111101111010111010111111110100100101110100110010011111111011110111011101001001110001111010011011011110011111111001111011000010110011100111101111011011111
0001011111101111010010111111110101111101011111011001111111101101011111111101111110110111110101111110111011101111101110111110111111000110111010010111111111100110110010010110010110111111110101010000110100101011100110100111111111111011110000101111101110011001110111001111101111111100111001111110101101110111100111010111111100111110000110011111
0110011101100010011010001011000001111110111010011011011111110001100101111101011000110111101010000011010111011110011110011110101101111111001111010100111001010001011011101110111010011011011101011011000111111011011111001110110101110101110000111010110110110111011100111101001110110000111101111101111111101001010000001001011010001011011111101000
1101011111101011000010111110010010101111111101001111100101000101111110001100011101101111010100111111100011100110011111111111111100110111100101000011111111111111000010011110111000111101110000110111100100000111101011100101100001110110111111110101111011101111011011110011111101111111001000111111010111111111111111111100111100101000110010000101
1101111111101101011011110100011101011101110001010111110110111001111100111111110101011110110000010000111100110111111001110011111010111011101111110010001010111111011111100010110110011110111110110111111011101100111001111101110001110010111111111111110100101000011010101111110111111111001111111100101101011011011011100110111001010101110110111011
0101000101000100101100100001111111110110011000001011111111010011111101111100010111111010011100010110111001111001111110100110111101111100111111011101001011111111111001011100111110101101110110110111000111011111110110110010110100100101010110101000010010011111101101011110110111101111001011111110010111111000110101001101011110110111011100100110
1101111111101111100011011110111111111001011011001111111001111111110011011110010100111111101111100001000111111111101101111010111010111111110100111010000010111111001111101110000011000101111001101111111111111111011011111101111010111000101000011111111110011101101111110100111100010111101111111010000110110010110100110101010001110101111011001111
1110101001101010011100111011101110111111011011011011111101100111110111111111011001010010101101010010011011010010010111110010011110110110110111110110000101110100101011010101101110000011010011001011010011101110111011101111011100011001101001001001110111111101001110011010101100101000110110111111111011101001111011101011101101011010011110101010
0001111000000111101101000111110011110111110010110100101101011110111001010101111111101110101111011111100100101011100111111101111011110111111011101101010110110011011111100111010101110110101101101011111011111101111010111001010101111111111111100110011111101010110000001100011110111010100111111111110100111111111111010110011111000110001111111010
0010000101110001011101001111110100111100000011101111101010110011111100111011010101110010111111011101111100101010010110111101010010001101011111100111001101000011101011111110010111110011011100110101111010111101111001001011011000101111011100110001110110101110111111111000000110010101110111101111001111011001111001101101101000101010010100000111
1111110011111111110111101101011110100000000101101100001111001110110111110100111010110101010111101111000010111100111001011111110101101011000100111101011100111111110011101111111101011111011000111001001111001110011101111111101110111001111110001110110011101011100100100001101101101101011101101110011000111101000101011111000111111001000111011011
1111111010011110111000011100111011110011101101011100100111011110110100110101101010110010101111011110111010111101010101111001010001000111110100111100011110001110111111000101111110111011100100101011111110101110110100111111110111110010001001010101110111101100111101101110111111110110001111111111111010111000111101100010010000011010111000001111
1010010010111111111101110111111001011110011010011010111001100111111111111110011100110111110111000101100011111010111000111101101101111101011110100101011010101010100110110101111111111010111100111101101111101101100011100001011101111101110111010111100011110101111111110001111100101111110110111111101011111111111110001010001111000110011101011111
1110100111010011101110110110100110001110110110100101010111111110001111001000110011011101101111101111110110010111010101001011110001010111101010111010011101111111000110000101111101111010110101001000111000101001111111001010111110011100110110101111011111001101101110111111001011001111110010010001011110100100000111101111111111000110110100011111
0010111011101011000011100011011111111100011110011110111100110001111011011001111100010001111010101011001010110110100001001110111111101100110010100011011001100011110010001101010111011100000111111010010111111101101101101111110100100111110111111101001101011111100001110110111011011001111101111100101111101111100111111110111011101110101001011011
0101010111010011110100111111110110110011110010001101111010111100111010101101111011110101100011010010011101111110110001111100111110110111010001111101110111111110001111100001010101110100111101010110011101001111101101100100000111111001111011101111101110111111101111111001110110010000111011110000001110001100110100111111101001000100110111101110
1100011101001110100111111010101100101111110100011111111011100111011111111010110001100100101010111111110110100101011111100111011010111000001101010011101111011000101111111101001111111110011110110111001010001011111101100101111110111011000101110011100111111101001111111011011101110100111011100101101011011011111010010101110010011000110010001111
1010001011111111011110110010011011110111101111111110101111110111100111010111111010111111100011111010101110111011111101111110101111111111110011110001111110111111101010111100001111011101000111101111100000111001001011010110101101111010011111110000011011100100111110101101010101110111111101111101011111000001101101001110001101011100001110110111
1111101101011111111001011111100111011110100111001111100101111111001011111110110110011011011011101110010111000000000111111001010010100111101101111001011000111111011010001101110110011011111100101000101010111010011110011011000101000110011101101000000011010011111111111101001101011011110110111111001010011101110001100101010111011010111000101011
0111101110110111111101110010011010110111111101011001000111111011111111011101010011100111111010011010001110000111111111111111111000011111011111111011110010100011100110101110011010011110111111001100100111100010101110011111011101011111001100111111001111001110110111011101101110001111101011111100111101001011001011011111011101110100111100011111
0010111111100101001001111011111111111100110011100011010110110111000110101000011111111011111110111010100101110011111110111101100011111110000110111010110101111101111101011111110110111000101101101001101111111010000101111110111000111111100111011111100100101110111011111100101110110011110111011111111011110111101111100011111111111101011101111100
1101111001111111001010010001000111011101011111001110101001100110010110111100101001110010111110111011100101011011101110100111101100111110001100101100100110001100101111011110111101010111011111011110001110100011110101111010011001111101111011110001010111010110111101111111100110001010010000101100000011111111001011001100110000100100110111111100
1111011101001001111101111010011101111111101101100100011010001111001101001011001101011001100111001101101111010010110010001011100100011110000110010111101100100011110111110001100100111100110000111101011110011100111110101110100111111111110011111111111001011001101000111110011010100011011101111111011101100111010111111100011111111011111011011111
1101100100111011111111100110110110001111010101010011110111101110101111011111111111110111111110011011011111011110101010111011110100100011011101101001011011110110101101110111010111000101101101101110111110110100100111110111011000110101111111111110001111110111110001110000110111010010111110100111011011100010111101011011110110111111011100101110
0000111011011010011111011111111010011110011111110111011111111110111111011110110111111010111101011101100111101111110111011001110111111010011100001100111000100101101111111111111111101010111010010010111001011111110001100111101111111111100111111110111011101011110001010110011101110100111110110101111101111011101110110111011001110011010111011011
1101111110111101001110101011011111100111010101100101111101111111010001010101101001010110011011110111001101111011111110011011000111111000011100100010111001111011111110111110111101011011111110111010110110011010001001001010001101011111110000010011111010101110001010001110011111101101110000111111011110101001111111111111011011111110101011100110
1110100111111110101100110111101101101101101111111010111111001011111011101110101001010110111011111111010101111110111101111111100011011111011101001111111110100110110101110011010101111100101111001101111110110101111111101011101101001100000011100101111111111110011011011111110110111001010101010111001011110111011111111110111110111111110000100100
1001100011011010110111001110110111101011001100111110011011000111001111111010101010101111011101111010101111001111111101011010100001011101111110101111000111110111011111001111011111111110100101011110110001110000011111111110101100101000011011100011111010010000000100111101100111101010001011111111010111011110010000001101000100100011011111111111
0110111011101111011110001110110011110010111101010010111111100110011101110001101111001100010001011001111111100000101110111011111101101011100111100111001110110010010111001111111111011110110100110110010001101101011110100110111110011110111001011011001110100110011101000111101011101100010001110111011001001111011100011111111011010011110111101111
1111011111011101110111111101101000101101011101110111111101111101111111111110111111110100011011000110101111111110101001111110011001111011101110111011000111101010110111100110111101101111111000100111001111111010111011111000011101111010111100011101100101001111110010011101100111111001111111100110011111101101110100101100100000111110011000110111
1010111100111100010111010101101011111110101101110110001000101101111111011100101001110101101101100110111111010111011111111110011110011101011010100011101010110100010111011110011011010001011101000111101111101110111001001011111111111110001010111100101100100101000010010101111001101010011110001111000101101011101011111011101111111110001111111111
1001011111101110010111000011000111011001001101100100110011111000110110110010100111110100010100101101011111011011111111001111110111100111001110111101110001100001101110011101100100101101111010001011011101010011000111101010110111011111011110110001100010111011110111110111011100011101111010111110100111000011011111000001101111011111110100100111
0011011010111111001001011011011101100111110010101011011100101011111101110111100111111010011000001101010111110101111111111110101110100010110011111110100100110111101111110111100101100001011101110011011011111111000101100001111111010111111010011001111111011010110111111011010100110111111111011001100111110110001011101111010100110111101011111001
1011011110110100111001011110011001111111110100110101011100110110101111010011110111101111010101111111110000111110101111001100010001110111111011110111001101001111010110110111010011101101110000111010101111011010001101111110111100011110011101111100111110101110101111011000111001111011001101010110101010010100010111101011001110111111011011110111
1111111110110111110110000111011111010110001110011001101010100011010111111101110111111110111111101101000001100011011101101011001110010101110001100100001111111111111100110110101010110110111100010110010010110100101111001011001101011111111001110111101001111110110111111101111101101010101111010110011001110011111010010011100101011010110010100001
0001110110001111110111111011001110001000111011100000110010111001001111001010110001011110011011110111100001111010101101101111110011110111101001111111111110111001011110111110101010101011111110011000100111011101011000110111001111111111011110111110111011100000101000101000110100001101011100011010111101011101111011110100011111011001111101101000
1100111110111000001111011001101001010101111111111111110111111110100101001101110000111111111001111100111110010010111111100001101101101110110111111000100101111111010000011010111011111111111011101101011011111001111011101111011101111101001111111111110001111011111101000111011100101111101101101111101110100110011110101111110101101000011000101001
1011111111111101100111111111011000011010101110000011111111101111100110111101000101110110011111111001111001000010101100111110111011110110111011111000000111011110111111110111000011111110111111010111101101011001101101101011011111011101111110010100110111111111001110111101101011101111011111011111000011011011010001010111001111111100011110110111
0110011110101111011101111111110011100101111011111100010110010001110100111111111110111101110101011101011001101110011110100011110101111101011000111010000011101111101110001101110111111001001011001111101101111101111001011111111011111010000110101101111011110001100111101110010111011001110101111001100111110110101101101111110111111100111000111010
1010010000011101110110001111000111101001111111101111111110101001111110110111011101111011111111001000011110011101111111111110111001111010110111011011111110100011110111111111011110010011101111111111000010101011111011101101111110111100111100010011100101111000110001111110101001100101010101101101011111111001101100001000011100110111100111010111
0011000110111100011100110011111010100111010010111011000011111011101111101111101111110010011010011101000001110100110101001111101001000011010001111100111010111111111001010100111110010111110110110011100111011101000100111011011111011101110110111100000000110101111010010111011001111111111011101101111111110000111110111100011110110111101101100001
1000101011000011111111111111011110100001011010111001101001110011001101110101001000110111011111111101111001110101111111010111110011111001111001010101101110111011100001110011111011110011101111101011110111111101000011000101110100011101001101101011011110111111010101010001111011101111011001111111001010010111100110010000010100010111101111000011
1110110101110111000100100010110011000100010111111100110011100101110101001100000110011100100111101110111011100111111101110111100000101111111000001000111001110110011110101101100111100111111110101100011010110111010011011010001011111000111101110101001011011101101000001111100101000001001111110100101111110011111011111111011100111100101101111011
0001101110000111111011100110111001111101111111110110011000101000101110101111001001011111110010101111001111111010111011111101111110111011001011001111100000111110001100000111011101011001011010101001011111111111010010110110111000100011111010111001111101111111001101100110011110111010011100110101100111010111100111011110011110111101010011100101
1111000111111010110001011101110100111111100111001111111011111111110110111001011100110010000011001101111101011011011111011100001101100111101111001101010111011110110110101101011111111111101111010100011111101110001100000111101010011001011111111011111101001001111111101111101111010111011001101011110001100100100101101111111001100001101011101100
1111101100111001111100110101110100010101011001110110111101101011111011111011101011000111111110101010000110110111110110101100111101011101101111101111001111111111100110100101011000111110001101011100101110110111010111011001001101010001101111111100111101101101011001100101011100111111110111101000011110101011110010101111000110111011110100100110
1111111111101101111100110011011110111111110111100000110111101110110000110101010100111110010111011011100101010011111000110111111011111111111011101111111110111001101101100011000101111101011111110000000111111111101111111101010111110010000011111110101010110111110110111111111110101111111111010101011100111101011111010101111110010001111101100111
1111101010110111111101101011111110100010110111110111101110001001011101011111010111111011010011110011101111110101111010100101111001111111111011111001111011111111011100111111101111110010100111111110110011111001000111111101011000101100101101111110101101010010010111101001001110111110111000111011011111110111111111010111111110001111011111110011
1110011111110110100011111011111111001111101110010101010110111110111010110110111111100011101111100001101101101100011011110000111111010101111011110111111011101111110111101111101011101111111111110111111101101110101100110101001111111001011111011111001101100110001110001011011110101001111111110111001010111111111110100001011101101011001101000111
0000001101100100010011001101111110100011111111011110111110101111111111101111111010111000011011111111011111011000111011010110101011010110110011110111001010100111111111000110010111101011101110101110111111111011100111110111001110110101000011010111111011111010101111101111111110111110011010111111111110111101111110101011011010101011011000011101
0110110110110110111011001011011111011001001001011101100111100001101111111111110011101111011110000011111111111101001111110110111010110110111010101111101111111100111111011111100111111110000111010101111101111110111111101010101101110011001010101010110111010111111111001110111110110010011001100110001000011111101100101001111111101011001100110100
0101111110101110001011011101100001001100011111110111111110110111010000111001000001101101111100000001111100011110000011110101010010111110111011111000010010111110011110111010101111100001101100101010001011100111111011010001011010011111011100111110111101011111011111011101101011110111000111101100110111110011110100101100110000111101111001111111
0111101111111111111111110111110111111010111111101100001111100111111010111111001100111111111100111011110101001100110111101011011011011100111011111011011110011000010001111111000011010101101011001111111111011010010110011111110011111110111111111101101101110010101011010101110011101011111111101011011011111111101001011111110010101011100111001010
1111111101010011110100001011100101111111111101011111010001010110111111011011101110011100100111100101111111011011111101011110011111101110111111111110001111111011111110111101101011111110011111111110011010011111011010110000101101110000111101110101111101111001011001000111111101011111011110101110011101111111111011010111000111001011110111000010
1111101110110110111111101000101100101011011101100011111110111100100011011101001111111111110010011111110001101011110111100001010011111111111010110010111001010101111111011110111111011111111111101111111111111011100111000111111111001100101111111110011101111111101110011110011010001111111001011110111001100010111101011111001101111111010111001110
