0010101011010101110111010001101111110110011110110110001011100100001010111110110111000001101101000110101101110111100010110111111101110101110111110010111111101110
1011011101101110011000110111010111001001110111100111011001110001110110100010011101011110110111011111110011000011111001000101001111011011010000101101111111110011
1111110011111011010101110011000111110101111011000101011110101110100011101101010111111011101001110011011111010111111100111111011001110011011111011111111011101111
0111011111101111110111101100100111100011010110111111001110101011010111011111101111101011100101100110000101011110110001101111111111001111001111101010010100010110
1101110011011011101111110110100110100001101001110011101011110000100101101101100010101111011101011100010111110101111000110100001101010111001111111111001111100110
1010110011101000110001111111100011011111111101101001010100110000010110111101111110110111010101100110001111011100111101110010101101111000111101111101011010101100
1000011110100101101110011111101101101110100010000111100001110111111001111011110101101111101111011011101110111010111101000011010111001101011100111010101110010000
1011101110100000111101111111111111111110111011101111100111011110101111100000000010001111111111110111100110110111010100011111101111010110111110111100011110011110
1101111111100111111010010111111110111111101001101101000111010111110011010101001111111101111110010111100111011111110001101100110001110110111011010010000111011101
0011111101010011100011111111110110010010101110010101110111101101111001110110011111001111111011001111111001111000110101001110110111111111110001010011111111011101
1101001110100110011010111101010100111101111110111111111011101101110101111010101111111000100110001110011111111101000011110101110100100010001001111000000111111000
1101010111011011011101011110111001011111111110001101100010110110000011001111011111111011101110110001011100011010000101111111001000011111111100111011010111110010
1111001101011001111010110010011110111010011111001001011100101011110000110110110100010111110100011111001111101111001111100001111010000101101011111010010111111011
0101111101010111111101111000110111110010101100100101110111011110110001111110010011010010101111011111010011111100110000010111001011111010110101001000100111101111
0011011000111100110011010110010110001111010101010101011111111111110011111111010110011100001101001010101100011001111110110101111010101011111011111000111101011111
1111111010101011001111101010101001101011111000111111111111110001111111111011000011000101110100101110110111101001100111111110101110000110100101111111111111110010
0111111111010010110011100001110100110110000001101100010011010111010011001100100001111111000111110111010111110101010010010110111110111111111011111111111111111100
0010111101101001110111111101101111111011111110001101100001110111001011101110111110111111011110011011010100101111111100011101101110010001011010001010011011110111
1000110000110010110111000101111011101010111111110111111101010101111000111101111010011011011111000111111110011010110011110011111101100110111100101110001111100010
0111111111000100111100111111111011101011100010100011011100101011111100111111011111111101110010010001100111111111101101111101100111011000111100011000101100100011
1111111100111001110101110111110011011011110010110100101011110110111111110110111111110011011111111110101011000001110001111001100101111001111001101101011101111111
0110011011101110111110011010100011010010100010110101111110011110110001110101111100111111111001010001111111010011110001101010000010110110111011110110111100110110
1101011101000101111011101010111110110110010011001111010010101101011011101101111011111110111110001110010011101000111000101100011101011110101101011110101011111010
1100100101011100101011110001001111100101011010101101101111111111111001101110010111111100101111010011101011111101011101001111111101010011000010111111101011110011
1000110111111111100111001011101111011110110011100111110101101010111001110101111111011010010000101011011111111110111111111111110111100000011110111100100110101101
1101110100101100111110110111110110111000111101100111110011101101111001110000011011111101111110110110110110110111110110001001101111110010001111101111100110110101
1101011101110101101111100101101010111110110111001111110101010111111100111101010101111110111111101011111100001110111100011101110110001011111010011001010100011100
1001011011011111110001101101010001001000011011111011011011001110110111010110111111111011111010011111011101101011011110111111011101100111101000011111110011110010
1111100000111011111011110100111100100101111101111111111001000011101011111011100110011111011110000100111100111010111010011110101111111010111111101111110111101111
1011011110111111010011100100110110001101010111110111111111110000111010110110111111001010011011111111111001111110101111101100110011100000111111111001001111101000
1110101001011010011111101011011100001110110010001110001111110111001110111111111101101011011100101011111111101111111011111001111101011010011101110111111111100001
1011100010101110011100011101111011001101011111110010010010010110101111110110011010011101101010111101001000001110100111010100011111111111101101000111110011001110
1001011011110110110110101110111101001110111111001111101101001001010110101010010110100011011111101101110001011001111100111010111011001001101100110111110011111100
1101111010011110110000011011111010111101111100101110100101110111111011100000100000110000101111010111111111111101001110011100111111011111110000010000011000011011
1111000111111111111101000101111101011011111010001111001010100001110111001101101101011100010011001011110000010010100111010011001010110101110101101110111001111111
1111100001010110001011111111010101111010111110011001010111001111001110100011111001010011101001101101111001111110111100011010010011001111011100010111100100011001
1110010110001110111101111001011111111111011100101101111111111111111100110110111101000100101011111011011111110110110101010110011000111011111111010110011011010111
0010111111001011001101011110001110111111111100111111101111011111100110001010011011101011101101111100010011111101011100110101010111011101111101011111111111111000
1110011100100011101100011111101110011110110101111110101100110001100111010101101101111011111111101111110101111111110101100111101001100010011000010010101000010001
0111111011011101101111111001100111011100011101010010110110011111001010011111111011000101101010110001111011110111011101111111001111011010111010111111100101011111
1011011111111000100111111111101101010110111101011010001000110101111000111001110101101011001111001111011011001111111111111100111001111100011001100101011111001000
1101011110110100000011111110011010000010111001111111110011101011001010011110111100011110111011011100011110000111011101010111110111101111100110010111111101111011
1111111111010001101100101011111101010111101101100101111111010111110011101101000101010011010101011110101111111010100001011101011001110011110101110010100111101001
0110110011011000010110111101111110110111110000011100111001111100010010011101100110110101110111110011111110111011100101111011011110111111011100001101111011111001
0011010011110001000111100111010101111001010110101100011101010111000100111001101111110111001010011101110011110111111111111010111100011011110101011111111011011011
1111001111111101010111111101000001111110010111010111111111011101001001111011101011000100111110100111111000110101110001011111110101111100111010001000100111010111
1111000100100100001010010011101110011101111111111111110111101000111011000111111111010100111111111011110101111111011100100011101110011010101101100111111111111011
0110111100110111111101111101001111001111100001111010101101111111101100111111010101110111011111110011001101000001111111110100001101111101110110011101111011110111
1001101110000011010111111010110000011000111110101011010111101110011111011110101010110100010010000011111111001110110110111111111101111011000011110111010001111111
0111001001101110011101110100011011110101111011111111101101001101111001011000101001111110011011110000011010011001100111110110010101110100000001001110111111011110
1011010110100010111101001100101110011100110011111010011011001011110100100111010101011101011111100111101001111000110101110111101011100111110111111011001100111001
0010110110101010111111101000011111011110111001111111100011101111011101111110110110110001011000000111010000011011101010111110100001111111101001010111110101011101
0010010100000101011000111110011010111011111111110111110111011011001011011111100001110011111110010111000000110110110011101111101111110111011111110000111100101110
0110110101010110101111110111111111101011010111000111111010011110010001011111001101010110110011010011011011111100111101011101001011011110110111001101011011011111
0100011111001111111111000101111111011011111111001100011001101111010111110001001011111011111110100111111011000111110011111001011111110111101110111100111110011011
0011110111110111111111110011111001001111011010111101101101110011111011010001110100110001110000110010010111011111111100011110001000001111011010111000001111110000
0001101000111011011101100111101111110110111110011110110101101111111101101011101111010100101110010101011111111010111110010010111001010100110110101111110011111101
1011111100000011001011011101011101001101001111111010010110001111011111111100010010101111010111101110111111111111001100000011010011111011111111111100011110010110
1001101111011111010101001001100111101111011111110111011101011000111011110101011110101011000111111111101101101001011111011110000101101111110110101011110011111110
1011110110011011110111101011100011111000001001000110011111110001110111110111011111111101001111110110111110101100101101100011011111100101010001110110000011110000
1100111101001101111101010011111011111110010000111100100101011000011010111110100001001001110111111011101100111011010011011111110111011111110101000011111110110101
1101101000111111111111001001101111000111011011001101001111011111110011110101110011111101110101111010111111100010111001011110110111111011011110011101110010110111
1000011111101110111101111010111111111110111100010010101001111001010111101111000011111110101011110111101110011101110001000001010110001101110011110101100110111000
1010011111111001011011101101011111101101110111110111111010010111101110001111101111111111111000101011101000110110111010110111010010111100111101001010111111010110
1101110001011101010100011111100010001001100011110110011110011101111100111111110100011110111111101101011101111111110011111011111101111101110111111001110111111110
1101010111000111111100110000100111011001011111110011110011111101001111001001111100111010011111110111001101000111011101001111100101111111101110011100000111110110
1100010101110110111010101011100000010110101101011001111111111110110111111100011011111111111110011100001011111111001011110111011111111111100111111111000110101100
1101001100001110001111101111111011001001111011001011101111110100010111101111100100010111111111111111111111111111001001000111111111111111001111101101110100101010
1001001010110100011011111100111101101011011111110011010111100001111101110111101011110100001111010011001011111010011101010111111010110101010110111010101011110111
1001110001001011011110001010111011011010110100111101111111011010111110111101001110111111100011110001111111001110111100010111101111011110111010001010111011110111
1101011111111011111011100110110111111000110100111111011110101101111000010001101010000111010110111100101001010001000011011011111011110111111101011100101101111011
1111001101100110111010100101110110101111101101000101111000110110110110110111101011000011101101111001100101111111110101011101010001110011011111100100011101011101
1011111111111001111101111101011111011101010011010110011111101101100111111000010010111100110011110111111110110110011110011011110010100110111111110110111110111011
1110110111110110110111001111101101100111001000101011011001011101101101010101011011111111110011110110010010011110011100101110011001000111011000001101001011101101
1010111100111111010000110111101111110001101010101110011010111011111000101101100110111111101011010111100010111100111110111111011000101111100111011001101110011100
1011111101110101011011011111111001111111111100001110111011111000101111111001110111101110011101101010100110010101110001110011100111100001110011110101010111101010
0101101110000010101101100110101010111101101001111111001110111010111111011101010111100111101111101011000000100111111101101111011001100110111011111110100111001111
1111111011110110011111101111110111110011100111010010101100111111010010111111011101110011101101011111011101111101011011110111111000001101010101110001000101011011
0011110111111010111111011111001110010110101111011110010011011011111001011111001000110001101111111110011010001011110011101010110111000011011111010110000101111101
1110011100100111011011011001111000111010000110110111110110101111101000110100100101111101111111111010111011011001111010011101111111010100110101010000011110111010
1111011110111001100111011111101100101111100011011011101110101111111011010101111100111110101000111010011111101111111101011111111101110010000011111001101111110111
0011010010011101101101100011111111011111001111110001000011101111011101010110100011011100100100111110010100110011101011011001100110111111111001011100110011101011
0011011111011011011110101110111011111100000111110110110010100111111111011010010110101010111001000111110110001010111101110010101111000101111011011100101101111001
1110101011111101111110111011110001011111110101010011010110011111100101111111011110100010111111100100001111111111011110110001011111110011011110101110000010011000
1011001100101111111111101111101110101001111000010110110010001011111111100011111101110101110101101010100011100001111111000001011101101101011111110111011010100100
1101011010110110010011011111101111110101100001111011110000001011100010010000000111111110010100010111110010011100111110101111111100101110111110111011101101111010
0111001101101010011011011011111111110110010111111010011110011110011111011100111111101110010011011110110101111011110111111100111110110100101110111100110001010001
1011011011111110111111011111000110010110110001111010111111111111111111111101101111110110101111011111100110001011001101001101100111111100101001011101101011111001
0100101111011111100000101011111111101011110111110011111010011001011011111111100110100111101111111110110110011101001001100100000001010111001000111101011010010111
0001101111111100111100010011011110111100011001110111011100010101000101101000111111111011010011101110001011101111111111110111111001011100111010111111111111110111
1110010010111110111101110101011010111101001011001111111111111110010011110001110110000110100111111000011011101111101000010111000111111010111011110111011011011111
1110101110100111111100101111111111111011101001111111110110110110111111100101111011101001110101111101110001101111110011001011011010111110010001111110111011110100
1111110101001011110110101111101010110111110000111100111011111011101101111110111100110101101100111101011101011110101111111110100001101101111011110011010110001110
0111110101110110110011001101011110010011111110001001101110010111001001101101110111110111111110010101111000010110011110111110111010100111011110000100001110011001
0111111100101001111101010100101101011011101111011010111010101100011110110110111111010111010110111101111101110111101010011111110111111101011100101111111011101111
1101011110011111100111100111100101011101010111011110101111011110011110011101110001110000011011111110010101111010011001100101001000001001111101111101000110110000
1111011100010111101101001110101011110111110110111010001101111110110011101110010111100010110011011110011111100000010011001000101010111100110011001011101110010101
0011010111111011000111101011101101111100111111011011110111001110100111111110011001110111110110011001101001110110100111110111101001010111111111111011101111111100
1101111100101011000000111010101000111111011011110100010111011010101011111010100111111101011110111111111111100100011111110110011011111111011111001011111111101011
1110111001111100001000101001011011111010101101101000111110011001011111011110001110001111101110111100110101111110100010001110111111111111110001111101101011011001
