11110011110010010101111111111101111001110111101101010111111111101011110101100111101111110010101110111101110000100101111101111101111001111100110010010011000110010100110110011011110010111100111111001110000011110000000111000100100111111101100111111101101001110101000111101011111111110011011001101010111010010111111111101101011111101001100111101111111001001010110011010110110011000101111111111011111010110011111101110111011100011100111110110111110111101111011101111010110110
01001111111011101111111101101010111011110001111000011110100111111111110111100111110001010110001011011111111111101110001001001111111111011111111111011111011101101000101100001111101010111111101111111110110101100011111110010100101110101111101111111011110111001010010101101100111001000011110001111111110111111110011000111101101111101011001110111001101111111101111011111101110010010011101010111110011111101111011100000111101111101100011011101111110110101110101010110000011011
00111110111110110001111010110001100101110000111010011010000111101010110011011011011011111111110111011101000101110101101111111011101111011110101000111110011110010110111110001001111111000110011011011100001011110110001111111111101111111110110011111001100101110100011101011011111111100111000101110111110100101011101111111001010110111001111010111011001111110000011111010001011100001101101101001110110111111111010110111111001101011000001011111001110101011110110101101101111011
00111011011111001010000010110110111110111111000101101111110111111101101100100111110110110111100101110010001111010111101111011101111000010011101111000111010101111011110111001001010001010111111100100011001111111111110010100010011011010000001100101101101101010101100111111110100110011100110101111101111001111101111100110111010111010001010011111100000100010110101111111000011111001100010010110110111000011010010000111110011011111110001010011110011110110110010110110101110111
01111001011110001111000111111001111110111101101111010011111001010101110111101100110101110100001011100110111001100110110111111111101101100111001110001111110111110111111110100010000001100111111011010111010111101110110100110011000110010011111111111000111111111111101110111101111100111111001111001111101111001110000100010010010111111001101011111111011110010110011111101010110101111110101111011110011111101110100111100110111001010100110100111111011101011111110011110111101111
11101001110110011101111101011101011111100001101010111101111101011100111010111111101110011101011111111110001001110101111111011110111100011111111010010101101100100110010111011101011100001011111101000101000000101101111111100001111110110100011110101100110011100101111010101110011111111110111100111001101111111010101001100100010100111101101001110101100100011001011011111011111111110011110101111101111101010110011101011111100110010111010110111111011011010111101110100110111101
00111001111100011011100111111110110111111111111001111101111101111101111101001011111100111111000100010111111010110011001100100001011101010011011001001101100011101100011111111010100111110111110101111111111011101011100110011111110101101010101010011111101111001111100100100011001101011011101101000111011110011000101010110100110010110110111100111111101100001011110011110010111111100101111001111011101011111100001011001111111001100000001111110000101111111100010101000000011111
11000100101001101011111111011010011101011111000101101111011011100111111101010010011011001111011111110001111101111111011101011111100111111110010101001000110101111000111101110110101100101110111011011111110110111110110001110111010100111001011101111000111101111011111001010001110001010111100111000111111101010111101011011111110111111111111011111011101101001110010111010110111011111111101100110100101100111111001110111101101101110111010001011011110111101110111100010110100010
10111101001100010100011100100010111101111011100110101111111101011110001011011011111011111010011011111111101111111111110110111101110111101010101111001011101010000101111111111011111110011000111110111000111101001000101111011010100111110111011011101111100011101011010111101111011011101111101110101111101100101111101010011100110101110111100101111110110001011011101101001111111111011011100111110111110010001101111101101010101100000110011111100100101101110100110010101100011111
01111100001101000011101000111111110101111010110011111100011111100011010010110111111011111110101001111101010101011011111011111110111100101010001101111001001000011110111100111011011010110111001011011101110000010110111110011111110100001011011111110100001100110111010111001111000111010111111110011101101100100010011101111110111110101111010100000101010101010111111101111111110111010001111111101111111011101110011110011101010101101100111110111101111111011001100111001110011010
01010100110111110111101111111100010110111100111110111111011101111110010010001110001111101111011111111110111011011111110011010111010110111011110110101101100111111011011011111001111110110111110110101111110110101000011110101000111111111010110100111100001101110011011010111011101111110101101000110111111110000010111101111100010011011011111101110111111110100100111111011011111101101011101110011111100110100111101011110011100111011011011010101110111111001100110110101110011010
01111110110101010011001011011101100011010011100111011011111010110011100111010111110111101111101101111111000111011000011010111001101111001101111011010011110000011001001100110111101111111111110101111101110111100111101011110011101010101111011100111010110111011110101001111100111011111100110111101010010111111101001011011010011111111000110110011111111111110011111010110101111001001100001111011101110111101111011111000010111111101111100011110011111111111011011111101011111010
01111111111111000100010111111110011011001101101011111010111001111101010100111110010010111001011101110001101011010111010100111011111011110001111011010111010011110001110110111100101111010111000101011101011000111010100011101100011011011011111100011011111110101011101110110111100110000001110111111011011100010110101010110101101110110111100101000111111111010101111011000111111111011101001010111001011111111110111110100011001110111111110011010111111111001011101111100111111001
01110010011000001001101110011111110001011101111010111110110001110111100011100011010010011000110001110111111111101101101110100011101111101100001101111110101010111011101011010110011001100110111101011010110111111001011101010010010001111110111110111011010110110110110111010001100101111000101010111101100100010110000101110010111110111001101101100110111110110111011101110001011010011010101111100110100010011010100100000010110101001110111011111111100111010111001110011110110111
11110011010110111111100110000011111101110111111111001110111101111110010111111001110001011010111100110010000000011101011110001111011111000100111111111011101110110011101111111111110100100100111110111100010101111010011100111011011101101001000111011110101101011001111011100110010000111100111100010101101110011111001011011010111100101111101110011000110011100011110101110011111010011011010111011111100110111110110011001101111010001111111110111101111111110001111101111111111100
11000110110101111111110101110101011110100010111011001110110010111001111111111110010111011100100011111111011000101110111111101011011001100111011011011111111100101111110111010101111111010110111101100100110111101111110110110111111101111011111100011010000101111111110111010111110010011010110100110101101100111111101111111111111111111110101100101011110111111111110111111111001010010110110101110111011110001111010111100011111111000010100000110101101001111011110011111111010101
11001011101111111011110111010011111010111111110001110111101111111101111111110011101111111110001110111101011100110101010101010011100111001101000001101111110111101111111001100100101101011111011100000110011111101110111001111011101111000010000111011111110100110111011111101011111011100110101011011111101001001110111010010111010011111110111111110101111110110111101110111111110101111001101101011011101001111011001101110011110001111110111101101111111011011011011111111101010001
10111011110101010111001110111000010110101001101011111100101011110101111101111101011100100101010000111101110111011011110101100011100111111111000011101111110001111010111101000101111111001000111101110011101011111011111000111010011110110001000001111110111101001111111111100111010011111011101101101001110101101110110011100101100101111111110110000111110111101100111001111000111111100110111100111011101111010100010011101100110010101110101110100111111111100011110000100011000100
11111101111001110111001111101111101000111001001100110011010001110001011111111111111111101101011110011111111100111111010110111011110001111011100101001010111111101001110110111110011101011110001011010111011100011111111111111101001111010000111101100110111110111110111111111101001111100110001010010010111111001111101010111111000011111101101111010111111111111110100111101110101110101111110010110110001110111111111101010111110011110111101011111100100110101101111011100011011101
11111100101010110011010011101111001101101100101001111111011111111010011011110111001001110001010011110111111011100110111010011111000100101100111001000110110111110111111111001001100111010001110111110101011100000110100100100110000011011000011100100110100110111010000111000111111011000111010111111100011100110001100010011011001111110011010001110111111011101111011110110101111111111101110001111110111010101111010101001101101011011111011101000111001111011011000011010111111101
11011010111100110111111111011100010101111111111111111110011111011000010111111001111111111111111111100111101111111100010111101110100101110001001011111111011010010000011110101100001111111111111101111111001111101101001010111111101111010110110011101010111001001111001111001111001010011111111011111110111011001111111010100001010001110001011010100100101110110110101111100101100111000111011011100111110101111011101110111111111010011100111111010110101111111101111101001111011111
11011110110101100011111111101011101010111110110110000110110111111001010111001010001000100010111111101100100111111010101101011101101011101101011110011110001001110110101100111101000111110001101111110111001110000001111011111110110011111011111111001001100110111010010111110011111111000010111110010010010110111011101011001011011111111110011101101111111001111011011101111110011110000111110001010011100111111100011011110110010110111001110110100011100010101101011000011100010100
11110110111111110011100010011010101111111010010111000101111101111111110101010011101110111011101100100010111101111011101101110010110011011101011011111011111101101111010011000110111111011111011101111101100101101111010111111100011011010110110011011111111101110001011111010110000110010100100110010111100011100101000001101110111111001111110000101100011011011111111111111111110111110101110110110101011111111111010111111011111111100110010111111111111111011010011110110111110111
00010011010110010011111011111110111110110011100011111111111100011011111000101100011010111110111100111011100111100111101110010100100010101111110001001001101101011010010101000100100111101101101111111101111110101111111100110011110111111110010111000010111000001101111011111111110110101110101101100101100100010111011011111101001111011000111011111001100111010010100111011001000100011111111111111110011100001111110010011111100001111100011011011110111110110100111011011011101101
10001110000111010101100011011001111100111100011000000111011101100111111001111110100111110111011111011000111000110000011011110010101000011111111001100001111100100110001001011011001111111101110011011010101111100111110011010001001110111001111111111010101101001101111110111110101011111101110101101110101001101110110111110100010001001100111001111011111011111001000101000110001011011001011011111011111111000110010110111110111110100101110101101101011110110110001001101111110101
11111111010101110010111110011000011010101110111111011101111010010001011101101100110111001111110011110101111110111101111111010010011111101001111111111111101010110101111110111110101111001101010110001110101100111011101001111110110001110110111010111011101001101001101101010110111111111111100111111111011100111000110001101100000101111101011111101101101110001100010101101110001011011110011101011011111100010110110001000010011111100100111010011101111101100101100011011111111111
01000111001001100000110001111111011010110111010010010111111100110100011101010111011001101010100101101011111101111110111101011111100010111001101100111010011001110111000111010110101000111000111011101101101001111101111011110111010110001001010100011101110111110000100011111110011110110000110010010011010100011011001001101011111111111100111110101011101111101001101111010111110010001011000101000101010011110101101110001110111011111110011010001101010101101110110110101100111011
00000011110001011011101111010110101111100111110111101111100110010101111111101001111100001001000110100011101111111111011110011101011101111111111101111111110011111010111111010011111111001111000111010110101011011010110111010010110111101101101001000111111000100101011111100111110111111101101111111111111101011011011111111110101011111100011110111110110000100110100111010110110011011001001111000111011010110001111101110111011111010010010011100111101010111100100111011011101101
11111111011101100010011011111110101100110011000111111011101000001111111111110111001111110111111000000110010001101110001000110110110101010011111100001010110011110001111101011000001111111100111100010100110101111010110111100110101000111111111110110111101000010011111101010110011111011111111110111110110111001101111110111110111101100111101111011111100101010110111101110011110011111111110111011110111010101111110110000100101111001110101001110000101110101010110101100000100111
11111001011010111111111010101111011011100000110001101111010100011110111010101101101101110111011011011111110110111011100010111110011001111000100011000110101010111111101011011010100110011011100110110110100111111101111001011001111110000110110111111011101011101101011100001011101111111111011011010101101110001011111110000100110101011110110110001110110100111010011010101110100111111101001001101111000111101110011011001110111001111110000010011111111111111011100011001111100001
11111110111110111011110100111011100010011111010100011111101001111001010011111110011111110011110101011110001100111101010100101111011110101100110100111111000100000100101111111011111111110000111011010010001101111101011010011011110101101110111101111000011100001011110100111111101111110001110101000011100101111011111110111100111110110110101110111101011011100111010111101111100100111111111011011110111100100001111011110101110111111100011101111111111101111101000011110111011110
11110011110110011110110111010100111101111011110101010110010100111011101011101110100111110001000100010010011110111111101111101101101101101110010111100011011001010100011111000100001100000110111110011111111011001011011111111111110110101011111001000001111011110100111101011111111011111110001010101000000100111111111111111101101110110101111101001110111101110110110000111101111100101001001110110110110110011101011111101110111111111101001110101111010000111001110011111110111111
11111101000110001110000111110111101011001111011001010111111111111110100111111100101001111111111111011101011010011110010110111101111101111001100000101101110011101111011010010111100110001100111110101011110111011100111011010111101100111101111110110010011110110001000011111000001110110110011011101001001111110000111110001011101110100110011111101111010001110101010101110111101011011101110010000011001100100011001111000011111000110010101110110100011011100111000011001100010011
01000111111100011011000010100110101011001011111110011010010011011101100111111110100110110101110011001101101001111011111000110101010011111011011111001011011100001011101111011010001010111101110111001010110011100001111111111101011111011111001011101001110111010011011110101101011011101011100111110111011101001111011110101111110001011001110101101111111010000111001111011001111000010011110110111000101000011111110111101111100111011010010010111010101111011001111111011111111010
10111101100111111011110110100001100101111111100111111111011110110001010101010111111001111011100110100110011011111111111001101110001111101100110111011101010111010111110000010111011111010001111111100110110111101011100101110101110100001100001110110110111100000001111011111111100110111101111010110110101001100010000111010000000110111001100111110010111110101111101111101011111001011000111010111011011111101111111011101010110011111110100110101111101000110110111101001111010010
10111111000101101101001110111101101011111011110111101101100111111101111000111110010111111111011111110011100111110111110100111011111001111001001110000000101111111111101011101111010011000110111001001111101011100001011111100111011111101000101011111101111111010011110101010111011101000111111111111111001010011110011001111110111111011111101111111110101010100111111110100111111000001111110110110110011110110100111111111101111111101111011011101011101011111001111100111011110011
11101101011110001111110111100110110110110111110011110010101111101110111111110001101110111011101000110110001101001011101001011010110101001111110110110110011000110001001111111110111001001111110000111101111111110011110011101111010110111010010011011101101000110001111111111110111111000001110101111101001110011111010111011101001011010011011100010111010110101111110111110100101111110101001111011000110010111111111111111101110111101100101111011101100011011011101101001000000010
01111011101100100110000001010110011111111111110111010011100101110010001101111101110010101101111001111011010101011010110110101001111100110100101001101110101111000001011100110111101111111101101011111010011111111101000011011101110010111100110101011011000111110110100111101100011100011000011110011011111010111011010111111110110111110111111111111101111001000111011010111111001100001101010010110110000100101011110001000010011101011111001000101000000001011101110001111001111110
10111010010101111011100100010101100111111111111110100111111011000111111100100011101011111011011111110101011011111110110111001011010110111111101011110101111101011010111010110001101101111010110110111101111101111110000000111011000101011111101110011100111010111110101101000110111011001111010001110111000010111111111100101001111111111111010101101011101100111111111101111100010100111111101110111111110110100111110110110111001111001001101111110101011111111111101101100110111101
01011111110111110011111100111111111011110111110101101100110111010111100101011110111000101101101001111101000111000011001011111010111011100101011011111111110110111110110111010110001000111111101101011101000101111011111001110101001110011100011110110111111111001011111011111000111010111111110011110111110000110010110000110011010000011011111101111000100011111011110110101101110110110111100001100110011000100111100010101010110000101001011010011001001110011110110101110010010011
11110001111011110111110100111000111000111011010100011110010011010001110101011001011101001010111111110111011111111110110110101110111101111111110111110011000110001101101111110111000110101111100101110110111101111110111100000101111111111011111101111100011001110111010111001001111111011011111111100001101111110111001101111110110011011101001111110110111111000110101011110101111110110111111111111101011111101000111111111110111101000101000011011101110010110111111110110100101111
01000100110011100110111011111111101110111101001101010001111111101101100001110001010010100101100101101111111001011011101101111111110000101111101111111011100111100001010111111111010111111110110100110101111110010000001010110111011101011000111101001011110000011011100001100101100000100110111111110010001011111001101001101100010010101011110011001111010111001101111001111111011011011111111111110111101110101001011110000100111111100111011101000011011111110101101110001110111011
11011000111110111001000101110001001010111001111111110110110111100100111110011101110101111111010111010111101111101111111010000001000111010000010100100101010110111111111111111000110011110110110110100111100011110101100100110011111011010011000001101110111111011111001111111110000111111101111001011100011110110111010111001011101010011011010010101111001110111010011101110111101111111111111110011100110111011000011100110111111011111110111101011010101111010110111111001011101111
01111110011101111001001100000111000011001111011101111100111011111100100111111110101111001100011110010010111011101001111111011100011010010111111111110111011101011110111100110011101101110111001010111111010111001101001111110111111111111100110100011100011011111010110000011111100101011111010111111001010111100101000010111011001101101110101110111101010111100010111111000101010110111110110010101101000111110011011101110000001111001110111011011100100011111110111111111111100111
11011010011110111000011110011101011110001111110111111000111101101011111111110000110111101101011101110001011111000101110100110000011111100111011011011011111011001100110101011110111101111111111111111000100011011011101101111001011001101010011011111110101100011011111111101100101001001001110000100101010111110001110011111011110101011101111011101110111000101001000111011100111111110100101101111101011011111001111111011101101011111000101111111111110011110101111010011101111101
10001111111111011110011101001010110111101001011110011111011101011111111110111110101110011111111111101011010111001111111110110111011110010100011000001101100101111111000101111111011101101010100100010111111111001101100111110011101101110101001110000111110011110011101111111001010110010000101111011110111101111110110010011111000010111000101011100011000101010000111011111110100110011111100011010100010110111011010100101111100111111001101110111111101101100101010111011111001010
01011111010111111011111101101111110111100110000111111000011100110011010100011111111111011110111001111101111101111110101101010011110110100000100010111011101110011110011101011111011110101111101111011111010111101110010011000111011011101111111010011111011110101111100110011110101101100111111101011011110111111111111101100111101111011011011000100111011011111000100101110111110111011111101110011101011111111110011011101101011101110001111001110010111111001011111111100011000101
01110111111101101111111110100100001101111001111111110111010111101111110101111011000110111101101111101100111101011000101101110111010101100110100101011111110111110111011100011011100010000001110101011001111100101110111011101100001111111111101111111011001100011110110111000111111111110110111101111100111110110100111111111011111111000100111101111001111110111111111110111110000100101110110100110101111100010011011011001011111000111101111100010110101011111101101101110011111111
00111101001011111100111111110111010111110111011011101100011111111100010110101001110101011111100111111111000101111111111000101111111110110110111010111011101111010111111111001001100101100100111011110101110010000001100110111101111101111110011111111101011101000110101010101001011110100011110001011110111111100011000001111011001110111110110001111111101100001110010101111101111101011100001011111100111111011111100010000111100110011010101100011100110100111111111110001111011010
11111010111101000110010110011000001111011111011000011110111101101000101111101001111001111110111111111100100110111101000101010111110110111111011011110101111110111110011101100111000110100111010111011111110111011011010111110111011011000011110101100011110010110000111110110111100010010011111000111110000100101101101100101110111000101111110101111010011111111101110110110111011111111111111111101111010110111101110111111111101101110000011110111011011111101110111110011111001000
11011010011011011111101101111111111111011111101110111101000011110100010111001100010101010100111000111111001111011110111110111101110111010101100110111111011111110110101001010110111111101101011001110101110101001011100010110111110110101100111111111100110111110011111111111111101110111110110111001010101111011011011110010110110111000011001011111010110100011111110110111111011001010111110011110000000111001001111100110110111100010100111011110110011000001111110111101100110001
00101100111001111011111100111111101110010101111110101010011110100010001110011110101111111001111111010100100111111101010010101111110111111011111111111110010010010111111101011101110111111000111111011011111111111111111111001101100011100101100010111100111011111100111001111011011111101011110110101001111111110111101111100110000000011101111011001011011111101111111101101110111010000011111111011100111111111110001111110011101001010111111111111011111000110101001101110101000111
11111110111111101011001001111110111110101111111110011010010000101101111110011010100110011110110100001111010001111100001101101001000101101101111111010111101010001011011101111111001011111111110101111111111001111010111111011111001011111011101110111111011001111110011110101011011010011010101101101111110001001011111010011110110011110110011010101011001100100101000110111011101111111110101100100000111111111010111111011111111111101011110111011000001001100111010101001110101011
10011011001010001110111001111010110111111011100111010010000000000000111110010110100011011111111111000000111111010001101100111011010001011011010101111001101101110111011101101011111111110111000111110111111010100111110111110111111111101111100111100111011101101111111101101110101011110111111001011111010110010010011001000101101110010111110111001111100101111100111101110111010111111100110010111001001101101110111000011111000111010100101110111011111111111110111111111101101110
01011110011011011001110001011000111001101110101111101100001110110001001101110110010111011111111110111111111111100111101111101111110110101111101110101010111111010111110011101111110111101111111010111111111011011101011100101011111001101101111111110001011101101111111011010111101111111011111111011011111100000111101110101100011101101110111000100011111101110111101110100011101110110011010111000111110101111100101110100111011110111011100111101101110110101110110011111011110011
01000111111010111010110011100000001011110100111111100111101010010100111111001110111100101001101111111110010100110100110100011111111110111101010110001110111100111100100001001011100110010011110101100101011110111111111110101111011110011001010111000111011111011011101001011111111010100011011111111101101101010100101111011111001010011001111100111001111110011110000111011011001111111111011011101010111011101010111111011010110111111100010111001011111011000010001101100110111111
10000111101110110111110011101110100110010111111111011110011111011111011011001011111001011101000001001111011010001100010111111110111010101011101110110010011011111100111111111101111000111000100111101101100101110111111011101001010000111111111101011011100100011011001011011101101000001111000001100010111011110011110101111001101010001101101110010100111111101101101101011110001011010101001100110111001100101110100100000101001010011101110011110111111111111110101111011110111011
10110111011010111101011010010011100111100101101110101011001101010101011011001100010111011100101111111111110110001000101110110011001101101111111110110111111110101111010111010001100100111110101101001000001110111110101111010111001001001111111111110111011111110011100100110101011101101111001100110001111101111110110101101000111011111101111111100001100111111101010110100110011111111100001111111100011111100001111111111000101110010001111110001011100011110110110101111001101001
10101111000110010111101011010111010111011111101001110111111110111010101000010101110110110001110000101001101111110110000101110000111111101111111111000001111101111011000011011010011001100111100011011111101101111001110111000001011111111110101010111110111110011100110111100111111110111111111100101010111101001110001001010101110010111010011111011111101100101011101011011110111110101101111101110110011101100101111101111101101101110111111001101110101011110011011011101101101111
11111000000011011110011001111111111101110011010010111011101001001101001111111111111110110110001111010111111111111110011111010011011011110010111111010010001111001010100110101110011010111111110101011011011101111111101000111001010010110111111011110100100001101100000110101111101001111010111110110111110110100110100100100111101100111111010110100110100111101101011111111111111111100000010111100001101010011001010110111010011111001101111110011111110111111110100111011011001011
11010111000010111111110000111010100111110101100011111010111111111111010111101110001101000111101101110011011111011111010110000000011111111110110011101110110011001111111111111101111110001011001001110111111110110100100110010100110001001101011111001111011011101111011111100111110111111100101111111111011100110010111111110101101101101011001110011111001010110110000000100100110110111110010111110101001011101110111001111010111110011111011111011111110011101000111111111010000001
11101111111011001011101110111010011111010101101110011011111101101011111011100011110101010101101111111011100101101111100110101110111000110111100110110111000010111101111001101111111100101011001111011111001111001111101111101100111011110100010111101110000100110111110111110101101110111111010111111111110110100101000111010010011100111111111111011001101100011111011000011101110101110101100111111101110011111100100101011101111001111101101001111000111110100101011011101111110100
00111111100111110110110010001111011011001011110111111101011010101101111111000111011000111011101110011000101101110100110010100011110110111010101101001101001000110101111001010111010011001011110011011010001111011101111011010111101011111101010111000111101001000100100101111100110011011010011111110001100100100011101111100101000001100111011011111111100111011100111111011000100110110101111101111000111111101110011011010011110010111011111100101100110011011111101001101011111011
11001111100111101101110001001011011001011011101101111110101111010111111111110111011000110000011100111101011101111111111111110111101110010111111111110011111110100101011011011000101101011011110001010110000111111111101111101010111011111111111011111110011110010011100101101011011110001110100011010100111101110011001010101111000111111000110101111011111110111011011010111101010110101001011111101111110011101000000110101011111010111111111110111110010110101111110010001111001011
11111100001101111010100101011011101001100011011100011000001000110010101111001011101001101011000111110011110110010110110111110001111111001110011101110001101000111011010011111111101111101110011011111111111101010110001011100000000010111111011011011010100101011110111001100011001001011101011010011111011111101101101010101110111111111101110000011111101011000010100111111010000110110011001011101111111111101111100001110010110111000100010000101111010101101100111111001111011010
11011001011011111110011100111001000011110100100011101111111001101101101101011111110100101111011001010011110101110101101111101000101101010011100110110111110110010111111111001011110100100110011010001010101100011111110111011011100000011110110111110001100011110111001111111001011111000011001011110111110001111111101011010000000101110111001111011110111011111100111110011011100001100110111110000100101110101010010110100100110111010110010010010010110000100011100101011110001111
11001000011101011110111011111100110100001010101110111110101011011110101110001001111011110001110100111111110011101000011110110111110010110111100110011110110111110110011110101010101111111011011011101001001100010101110110110011111011110110111011011100011110011101110101000010011101111001001101011100011111110100111100110011011001110110101110000000111111100011110101010101011100001011001111111111101011110111011100010111111010001001101111011011000011101111100000111011000101
10100111111011101110101111110001111110111011011101011100010011111010000011000001110000111101111000001101110011111010011100011100101111100111111101010001111001110111100100111101111111101111111110001010000111111001111111110001110011011111111000111111011011010010001001011010110010111111001110001101001111111100010110101101011011011110111111100110111110100011110001100100100111111101001001000111111000101010110000111011011001111100100111010111010001111001111101111111010100
11011101001111001111111011011001100010110111111111100100101100110111111101011101011111010111010001111000101111000110111110011110001001000000110001100101111101111000011001010010110111001010010110110101111110011101010010110101010101100100101111101010111000100111111011011011110101111111101001110100011011011011010101110111110111001011110111111011101111101110110001011111000000111010111111100000000001011101001010111101011100001101100111001100111100110110110110111001100011
10010000111011110010000010001000010100001100011110100000101001101100101011010001111000010101110101100110111101010011011111011011110001100111111111010111011010111011111101111001110111101101111101101111000101011000011110001110010111001111100011110111111001110111111110101110111101000001111100001011001111010110111011011011011111100011111101001001101001011111000100111010001110011111110101110110101011111111101111110100110011000011011101111011000011100111110001001101010110
01110001010111010011001011110011101000010111010111011001101111100011111111011001011011101011111111111011010101111100111110111010111100011110100111010000000110101000100110001010111100111111001111111100110100111110001111101110010001001101011111000101011111010111100111100001101111000101111111101100101101111111100010111101111110111101110001111101111010101111111110101000011001111110101101111111000011111101100101000111111011100010001110110010101010110101111110111000011010
11110011100101000101001011111110111000111011101001101111011011011110000011011011010011001011011111101001110111110111001000101011111111100010100011101111110100111100000110111011101101111010110100101110100011110001110010111100100110110111110101111011111000110110000011111111111101011010111111011111101010101110111001011111101001110001111111110011100000110110001111111001001001001111100100001000100111001010101011101110011010110110111011110001111001101010001001110010101111
11011111100000100110110101111110111011101110110110001101001011011111011011000111111010011101011110011001111011001111111010000110101110011111111111111011100100111100110100010100101010100011101111010111101011000011011111011111000110111010011011101100111001001010000111010111110110111110001111110010110010111001111101101011110110110010111011100010011010001011101000001111111111000011101011011001101100111101110001111111101010111111000110001110101010101110110010000111101111
11111011011110111111010010100100110100001110001101111110110101110100010100101111110111111101111010111011011111111101010100101110111101101110111100001011111000111010110001111110111011111011111111100001110000010110011111000001110011010111001000101111111010100101101110011001111111111111111111011111111101000011001001110010001001111110011110101001111111101100011010111101110001011101111101111010101111110100111101111100110110110111000101110111011111000111101111111101110110
01111011111110101111001011011110010101001011111111110100011011111111011101011111101011101110111011100111110101101011011000011110111100011010011000011011001101101110100011110111101000100001110110111100111110011110111111101100111000011011110111111010011111011111111110110011001111110000101110100111011111010110111000000111101111111101100100111010111011101100110101001101011100110111101011011011101111110000111111110100010010100101111111010001110010001111101011101011110010
11110111100011010111011111011100101110010100111111111101111011111111101011000101111010111010111110011111000111101111000111111101011110110111111111011101001110111111111110111110001001111111110110101111101001010100001000101100000111011001010111011110101110000110111110010111111101101110001011111000011011111100111101111110111001011101101000001011111101110100011000011100111100000111001111100111100111111110100001001111111010101100010110111111001101001111101100011011011001
11111100011011101110101101110111010111110011011011010011011010100011111111101001110110011001111100011101010111010001011111101101010110011100111111011111111111100001100100101110011010110101101100010011001111011101001110001010111111011000111011111011111011111111101011100100111100111011111011010111111110001001110101100110100100001101001100100110011001111110011111010011111100100111110111110110100111100001011000000111011000011111111101111100100011111101100100111011111001
11110011111111101011111101011110011001110101111001111100111111110001001111101001011111101111111010100110110001100100110100111111001111110111011010111111000111101111101000110000111111111100011101111010111001011010011111110111111111011110111001101101011110101001100111100101010110111101110010111110111110111010110011101011100111111001100100011111001111001011010100001001001100110100111111100111011110011101001011101001111110111011111111111011110101100111101000011000111000
11001111111011100110001100101111000001000000011010001110010100111010011010011101100010111100101001001011010110000111111111011010001111110100011011111111100011101110100001111111111111110101000001011110011101011101011001011110110110100010010011011110111011111010111101110110010110011000011111101110101100101111100111010001011111001111010011011100100101110101111101001110011001000001101011011011101101110001111111110101100110110111101111111001001000011111101111100011101101
01100001010001000011010011011001111010001101111101011101001111010100001011110110011011100110110010101111101111011111001010101110101111111111110111111000010111010101100101110010111011011010000001101111111001011010111100000111000010111110110101111010100111111101111101010110001101001000101100100111101101011110100111000111001000011001111010011101110110110110010111000111101110000110111111101100111011110011010111111010001111111111011010111000100110110101001101111100101111
00111111111111111111011011101001001111111111011111011110100110101100111111110100101001100011100001001111011111011111011100110101110111101100001011110011100001110110111110100111011111110101000000110110011111111101101011111110111010110110111101111110110110110110110101000101100011111111011000110100110011111111111101110100101111010101110111111110111011111110111111101111111011011011110001111100001010011110111111111001111111011100010110111011011000101111111011011000111111
00101111111111011101110011110111010011100001011111111101011100010111111111111011100011011011010010111011011101011111110110010101011110010111101011100001010011101111101010011000000111111111111101000100100100110111011111110111101011101010011000111111101110101011110110101100111101111110001101001110111110001011011001110101111101011111011111100001100101110111111110111011010001011010110111011111101011011101100110011111111011010110101101101011001101000111101110011101011011
00011011011111001111101101011010000001100101110100101100110101011011001110111000111111010111111010111010101110110101001111111101111000001101110110111101111011001100011111000110101010010111110110111111011100110111100111100100111111000100111110011110111101011011110111110010011100111010111111101111101110110101011010011110101010010101110110010100110010001100111111111111101111110110111000000100011111101010110111011011011111010101001111111001101011011011011110000111111010
11110101010011010110100011110100011110100001001101010100101011101111111100000011111111111011001101111101011011101011101110011011110011111110000101000101111010111111101110011101001010101010110100111111000010110101111111110111111101110111001011011110001100100011100101110000101110111111011001010101011011011111111111111001111101001101100011011011111011101101111101101111001111011110011010000111110000011010011100100110010011100101100001111010000001011101010101110101111101
01111111111111111110101101101110101101011101111011101001101111101111110011001100100111101101001110111110111111100111001100111111111110110011111001011111001110011111011110111010111110010011011100100110011011111111111000101100011111010010011110110111011111111111111101111111101000111011110001011110110111111111011010111100111111101011100000101101111111101101001000101110010010001111111100110111101110011110100110001111110111101110111111101111001111110100110111011010111010
10011011111101101111010011110100010111000101111111110101100111001101100011011001110000011111111101011111111011011010011011110101011101111111100110110110011011111110011111100001111111101101111111011101100100111110100110001000111010101100110110111111011101001111111101101010010011101010001101011001000100010000110111101011101010010111111100110111100111110011101111101101110111101111111110011001110011111111111011110111110010111001111111110011101111111110111001011110011110
00010111110110110101010111111110111001110111111110111110001010111100010111001001001111110111010010011111111110110111111001110001111011010011011011101111101111100000111011111011111101010111110110000111111111100001011101110011101011101001011110111111111101110110011001011011110111111101111010111110001010111011111001000111101101000111000101111111110110011011001100011000101111110110100101101011011011111011011101111000111000110001001110010101111011110111111011111000111101
00010100011101111001101011100001101100100001100100100101110111111111110101011111010111111111101100111111101010111110100000101010001111111111101110101001001110111011101111101100001110111111110100011010111110110111011110110111011010111101000001101111010111110111110011000111110011011010000101101011101100101000101011110111110100101101110111100111011111111100111110011111100111110111101011110110011101111001011111100011111000111011111111110011101110100111111111001111101111
01011110111101111100101001011110110111100010110101011110011100010110101111001010010101010001010101111100011101101111001011011111111011111101101101110101111101011111010011001110110000110110111000101110111011011101110001101111011111110001111001011000010101110101110011101101110101110111011111100011111001101100100111010111101101111111011100011111010111100100110001111001011111101101101111011011111111111110011000111101100100001110101001101010011010110111111110011001111100
01011000111101100011011001000111101011101111101010101111100001110101011001011101010111101110001111100001101111111111001111011111001101000111101100111111100010011010101100101010001100101110011100111010111111111000001101011010010111111111010100010110111101101111110101101111111110111010011110111111011100111101101100111110110000011000010101010110101001110111111011001011011110101011111010001100101110111101010101001100011010011010011101001101100101110111010001011101010101
11010101100111111110100011011111111100101011010111010100011000011011110100011001101100101011001101011100111000011011001111110101111111011110001000111011110001111111100101000011011110111010001101010100101110011101000100111111101111100001101110010111101011010111100100001000111001011101111111001110011111100110000111111111110010000001101111011011101101100011001011111111110000010011111101001110111001010001101110110010111101100011100110101001111100100111111101101110011100
10110100001101011110110101101100111010111111000100011110011111100011101101011101010010111011110001010111011011000110101011111011010111110100001110110111111111001111011110101101101111111111100101011110111111111111111011101111110101110010111010011011001101100111000011111100101110001111111011111000000010011010111011101010110010000111011101111101011110101110101111011111111111110110001101011011000011011111101111011001101100001110111001111010111100101111011101010100010000
10111111111111010100111110111111011100101110001010000111010000110011111111111100111101100011010110111110000110111111110011110111111001011110011101110001110110101110110100011111101111101110000101110111001001010011101110111101110101100011110110011100111011001111110010100000011010100111001010001011001001111001111101011100111111111011111111011011111011100111110100101011011101100101111101010110111110100011111101011110111010011101010011011111111001111010111001011101011010
11111101010011111101111001100001101111111010011011001111101101010111001111000101111011111111101011001101001011110001101010100011011111101011101100111111111011010111100010111111111000011101111110001110111111111111111111111110011001111011011111110111110011101111000000010011111111011111101110110010000100111111101100111110111101111111011011101010010000100011110010111011101010110101101101100110111111101110011100111011100111001111010101111111011110110010101110001111101101
11110100010111001111000101001111110011011111100111110001011100100101110100001101111111111111101111111110101110111101110001011110101000010111111011101111100111010111111011000111101111100111001101110011011010111101111110101001001111010111111001111001011011011011111100111111011011110101101101110110111101111111101010111111100001111011001110000111111100010111000101011101111101001010110111111101101111001111011111111111110001101000101111101111110110111111100111110110000111
11111001011111011101011110101110111110101111011101101111100100110011111101101000101110111111110110101101100011111011100011010101100101101000100100011111111100110011011101011110111111010011100111111111110011111100100011101001011111110111011100101101011011001001110100011110110001110011011111101000000010101001001011110100100011101111010100110001111111101000000001110111110010111111010111111010001110101101110011111011011011110001101010111111111110111111010011001101001111
11010010011010010100011111010000001101110011101110101110011110111101011111111101111001001111111101101001101111110111001111111001110100101010100111101011111111111111000111100000011111101010011101010001001111001100001101111110001101101111011111110011000001110100011000101001111110111111111000101111110111111110110110001011110111111111111001100100001001101110011100111111100111011111111001101010110110000111000110010100001010001001000111100110101111010001101101001000111001
00010010111011000110100111001110110010111110000011111010011011111111111011110010011001101111101111110110110101111111100110010101001000011011111111110111111110111110001100010100101110100111000111011000110110111101011001011111111001101110010001110111101001111010111001110110111101110111011111011111111110111001010011110111001101100111111001110001101010111100011111101001001111101101110011010111111001101110100110101100110011111110010101110001110111111011000111011111011111
10111001101111100000010110001100001111000110011111111010011111100100111111100001101010101111011010111110011111111101110100000100100101111110110100000100101001101111111101001001010111011111011010010001111001110101101111111001111110100000100101101100010011111110011000101111111111110001111101101111000001110101110011100110101110111011001011100011110010001111011011011111111111110100101010110111001011001000100011110101101011101010111111110111001110100110111110101100001000
10111011111111011111100110110111111110110010111010110101011111001111111111101111110111010110111011110000111111101001100111100100111011100011111101110110001011101111101110111001100011101101110111110011111000111111101101011001110111100111100011101110100111111100111011000111111111010101101101110000010110100111011010111010101001111010111101001101111111000110011111110100100111101001010011100111111111110100010101001101010111111111110010111111111011111011111101001101111111
