1011100101101011110010011101010101101110111011101001100001100111110111111101011110110000111011110001110101110011110101111010110111111000111110011101011101001111111110111110001011010111001000111101110100001101101010101111101100110111111101001111111111101011010101010111111101110000101111111111110000011111100000111110101001010111110100110100011011001111011011010110100100100111011111111101101110011110001011111000111011000001001011010001111110110011000110100110110000111010101100011110010111
1001010111101011111011110011001101001001111000100111101010011111101111111001111111010110011011011110011000011010101111010011111011010010011110010011010111111010110000011010010011110100110011011111010100100101100101010111111111111101111010101000111011110010110110100111111111111010111110111000010111010111110110111110100011111001011111111101011111001010011101011010111011101111110111110111111011011001100000110111010101100111111110110000111110111111110110110111101011001010110101011001011111
0000000011111101011111011011110110011111100111110110101111111110010011111010101011011101001011001101001000000101110111101111010000011111111101111011100100100110001110011111101111111100110001111010101111111100011001101111111111000001100101111111100011001101010111110011101101011101111011111010000110111101001111101010110000111001111001111111011100001010001100011011000001010110101101101010001011010111010111011110011001101101101010101001001111011011111110101111011111011010111100111000110111
1101001110001110111010001011111101111111101111011011111111111011110001011001010111111011111001011111100110110000010111100001000001111011110111001010111010001001110110011110110111111001001100101110111011111010110001111111011111111101001001111001111110000111110101101010111110010000000101010111111110101101011110100110111111101111110110111111111101101011110111000110111111110000111111111101111001001111111111101010001111101110100001110101101101110101010001101100100111011101001000101101111111
1111001101101111101101100111110110101111010111000111111111001111111011101111011100111110000111101111101001100111111111111011111111101110011011111110111111110011011001101110000101001111001010111110111011111101111100101011101110110111111001001010111110011010011111000010000011010010111110100000101111011111111101011111011111101010101100010111111111110111011001011111111011111001001111100111101111010111011111101111001010010101011010010111100010101000100011111110010000101111011001011111101011
1011111111101101001110011111011011111110011101110001100101101110111111110101110101100101010111111111100111100111011011110101111110100110011111101111111111111100101010010010011100000111010101110111111110111101010110101000101111111101111001100001111001111010110010111111111111111001100111110100100101011001000011111010000100111111111111111111111011110111110001111101011011010111101001001110111110100111101011111000101110101111101111000111111101101111110110111011101001001010111100111011111111
1010111101110110111000101111010011110111101011101101001111001111101100111011100111101111000110001110011110000010000011110010010011011111111011100110011100111110101101111111011000101001000100011101110011000001011110010001111001111111100101110101101101111110111000110001110011110111101111111101111111001011110111101011101000011111111101110000010110111111101011010110011100111110110000111000011101111011111111001111011101011111100111100000011110101100110110100101111010111111010111110110100010
1001101100011011110111100111111011001011111011011110111010100101101111111111101110010111010111010101111101011101011011101011111100100101011100011000111101110101111101111101101011110011011011111111110011100111111101101101101101010100111111011011111011001101111111011011110110111110111001111011101101100111111111011100100111110011110010111110011010010111011011011010111111010111001111111111011110110111011010101101111011111111001101111111010101011101111010011010011110110110100110100101010111
1010111111101111100010011010110100101111000111100110111000010111111011011011011011101101101101101110011001101011011111111111110110011101011001101110001110111110110110011100010011110011100101011100011111111111010111110100010111110111111010111101011011110101110111110100001111001110010100100111111111101111101011001111110111110110101101110001011111110011101101001110111111001111011100100010111111111111011001010101111111011110010111111000110100111001111101100010011101111101101011111111101111
1111110001011110010111101010100110001110111111011100001101110111001011101000011011101011110100101001111111100110111101101010010111101110000111111011111110111011101101001101011011110100111100000111011001010110101011011110110110111110001011111111111010111101001110001100110011111100011111111110100010111111011110110110110111111110110011001011111101101111101101111101011111011011111111110101011111110110001101101011101110111001011011110111100011101100110011110111101110100101111111101011101111
1111101001101101111101110100101111011011110000101011110101001110101000011001111001111111101110111000110001101111010100011011011011011110011111110101011101010101111111111001011101111111101011111111111111111111111111110001101100010011110101001111111111010101100111101111101011101111111001101000011110011111111011111011011111001010000000011111100111011011001010011010110111110010111111011110010101011111111111111011111011100011110100011010101011011110010100101001011111101100100001110111101010
0110110101001011110101110101111000101011011111001101111101111101111101111011001101100111111111010111100111100111101111110111111111111001001011011100110100111011011111111110101101111000110101110010111010111010110100111111011111110110000111101000111011110101011110010101111101001101110010011101110011110011001111011011111111111111110101100100111111101111001111011011111111111101000111011111110110101001011111000110110101101010011111111111101111001111111111111000011111011001001101101111011111
1111001011101111001011011101111101000110101111001011011000110010000110110110011110111111011111101110100111101111010001010001110011110111110011100000100011001100000111001100010011010010111001110111001011111110111111101100111100100111001001011100001101111010111110111000111100101110011011011101111110010111100110000011111101111111101100010011011000111010110000000011011111111100100011001111101110111110111111010100011111011110111111101011110111111110001110101001111001101011100101011101111111
1110100111110100010011110100011010000100110101010111110101010101011011000110011111101111001001101001010001101111100101101011110110001110110001001111101111110110100101111011100101101011001110110010100111110101111011110110001011100111000010010011011000110110100100111101100101110101101010111110111101101111100111001110111000001111000011101110011110110110111110111101111110010101011111101010010110110010111100110100100001101111111001101111110110110110110110110101001001110010110100011111001110
1011101100111111001100111011110110100011101011110101110111111000001111001111100101111011100001010110011111101100011111111111101111011111100111111111101011010111111111101001111011010111000011111000110111011011111111100110101000110111111101111001111101000111101011011100011011110010110111111111011111111010011011111101110111111110011011000100010111010111011011110001011011111011001101111101100111001111011100110101100101001110101111110101111101001111110010111100110111100010111110010010111000
1010010110110111001101101111110111100001011110111101100110011001100011010100011111111011101111010111101111111111001111111111011001101001111100110010110111101111111011111001001111011111110111100110111101101000011000000111011110001110011110111110111001111110001101011011011101111111111110101111011011101100101111010101111111000010000110111110001101001101011111111111001111000011101001110101001011101100110110110101001101010000111110101110111000111010100111011001111011001100101111110111111011
1101011111011101111010000000110100001110001101000111111101010100110010011001111000110111101111111111001111100101101111111011111110011100100111101110001110100100010101110110101110001101000011101011010110111011001000001010111010111100110101110011111010011111101101101111101001001101101111101110110111100011101111110110101101111101011101010011111011110110110001111110110111100001011001100110111110000010101101101000110101101110001011010011011101100011101100111101001010010110111110110100101100
0111010110100101110010101110011111101111010111111111010001101111110010101011101111000010000011111111011100101010110001000011011111000011110111010100110111001011110100111011100111110101111001011111111010110110111000101010101011011101111101111110010001111111111100110101101100101000111101000011111101011111011000010101111110111001111110101001110111000100001111111011011011111011110011101111101001111101100111001010101000101111100101101011100111010101111000010111101000001111001110001001011011
0010111111110111001011101011110110011111110001110011011110010101011110101011011010100100110110110010111110001110101011111101011101011111110110011011001101001010010101111111111010111000011101110011011011011111101110101110011011010010101110010001011111111111010100001010011110011111111100111110111110010101111000011001000000011000100001001101010001110000110101010001111111110011001111011101010110100001100111001100011101111010011110101000011101110101011011000101101111010110110111111110001011
0100111011101100011011000010111100110111110010000011001101101100110110100011101001011100110111110011100110100001110010000011110111111101011110111010001101111110011011110111110111000111111111101000011011111011111100100110100111100100001111001110111100011111111110011101011101100010010101111101011111111111001011110100110111111100111101110010001011001111111111001100011101000111001011100001001011010111101000110111101111001010010110101011101001011101101100111000110111001011100001001110100011
0001100100111011110111010100100111001111101011010100100111111111001001111110011001101111011000111001010011110011110011100111100111110101111000011101110111111000110001111101011111111110110110111111110110100011010101100000111011011101111101010111111111111110001111010111001111111110111111110111101101111111011011101111101110101110001111000111110101001100111111101011110111010101111110101111010010111011101111110111111111100011011111010111111111010011111010111001111111110011110111001010111101
0101111111110010010001111010111111111110010111100001111101110011010101011111011010000111101111111011000111111101110101101001111111111011111101111010101111001010101000001001110101111011101011101110100101001011111111101011011110101101110001000111111011110111010101111001101011011011100011001111111011011101100011110111011111100001011101000111010101111011000011111111001100101011111010001110111111100111101010100000011111011101011011010111101101110111111001111101011000010011011111011011011101
1110001001111100111111111011001010111011111101011101010110011101111011011100111110100101111111100110100010110011111101111111100110011100100110110111110100011111110100100001010110101111101111100111101101011101101000110111111010000011001111110010111110000011011100110100111111011100101110110001001010111000111000101011111000101100110001110000011011101110010001111011101001101000101010111110011101001101110001111111110011111100110111110010010110110101100011000011110101011010000111000011101001
0100111011110010111101010111011111111111110110101111011110011110001110100011010111010101010101011010111010010011101010101001100110111111011111111111110010101100000011010110110101011101010111001011110111011110011000101111110101011111011101011111100111011111111011111111111010110101110111101011101011111010011011111011010111000100111110011010101111011100111101111101111001110101011010111101101110111100110110111101110100111110011100011111101101011111011111100001100111101101111011001110011110
1000010011101010011011100101001011111111111001111101111010011110110101011010101110110100011010100001010110010010110111110001011101101111101100111100111011011010110111111101010111111110001001101111101000111011110011110111110110111111110111011111111111111101101011101111100111111110100111110011001111111010101011011000110111101110001011001111000110100011001110011101110110111101001100011111011101001111110111011001011101101111111111011011111001111111001000010011110111110101101001011000110101
1111111100010110000100111111110011100111011100011011111111011011000001110110110110111011110110011101111111110110110101111010111110111101111001011011101111011110011001100111101110011000111010111100010111111010000101011111010111001111111000110111100111111111101101101111110000110111100101111010111011110011111001111010010101101001110101110101101110110110011101111011011111101101001011011001110111001001101111111111101110110111101111001111111011111010111111110011011010111111101011011111101010
0001110111101101111001100111111111111011011111011001101111011111001011001111001101110111111111111011001111101100111010111010010111111111110001111101111001011101000110101110111111110110111111111101110011011001100011111111011111111101011111011100011110110111110110011111001001011100110010111010111011101010110110100110110011110011111011101111011001011111011011110001101010011110010011001111111100111101111111011111111111011111011110111011010110100101110110011101111100000101110101110101111111
0110101011111111010111101100011111010111111110101100011110111101111101101101101110101101011010001111001011111001111100100111100000110110011001111101101110110111101011011000100111011111101111011001010110100001001100011010111111101111111101000001100011101111110111110011111001110000111011100101111111110111111111111001101011101111010000101100101000110010101011011111001011101001101010010110011001110111001110110111100001010110111010011011101111001111001101111011110110010111111110110101001110
1101110110111000000011111000101111111010110111111111110011100110011010001111111101101001101101011110111110001101110010101010000010111101001111111100111110100101111111111101011111111011111100000111100011010100100111011001100111111000101011111111111111111111111111011010110011110101111101101100100101000100010010011011111101101101110101000001010011001011110110110010011011110111011010111111110001000011001111101101111010111011111111101110110010110011111101011001000111011110010001111111111111
1111110110111110011111101110000010110100111111001100110011110101110011011101010111110110011000111111100101000011010101010111111100101010001101011101111010001110000111101010101001101101111001111011111011111111110011101000100101110101100100100111111011111101011010101111101000001111011111100101011000011110111111110111100011110100011111001101101110101011011001001111111101110111111110100100011111010000110110101010001111111000011001011110011110010111000111011000101011011011110110011101110111
0111110001000010010110101101111111110011111010111101111100110100111110101001111011111100111001111101111111010111011001101110010111001111101101001110101100001010100100111011100111101010111111011001001011111101101101011100001111111011011100000111101010101011100110011101111101011101101111011111110111111110111010100111001111111011111010111011111011111111011110100001011111100101111111101001111000001010111101111011111101011011111011100001000001000000011011101100111111100110000110100100011110
1101011011011100100110110111100110011001001111110110101100110111111100111110100001110100001110010010111011110110100111110011111001011101011110001111111111001111011111111101001000111101011100111111111110101000110111111110101110101111111011110011001100110110111011010111001111110011010111011110111010011100101111101111011010100101100111111110010011111110010001011101111101111111100110001101111101110101101101111100101110110111110101100111111111111000011001011001001111011101000011011010111111
1101110110111111010110011011111101011011100101011111000010011111111011111001000001111100011111110001010110111111101101000110010110111001111110111111111001111111010001111010011111111011001110011001011001011111111111011101101101100111001111011111100011111111000111111110110111110001011111000111011111111101011111101110001101111111101011101010110011111111011100011111111011110011111110001100100011101111001111001011111111110010001010011101110110111110101111001010110000011101111110011110011101
1100100011011011010100011110101111111100011011110011100111000000111110011001101001001011011110100100000111100011011101101111010000111111111011000111011001100010011001101011111011111110100101100000010001011111111100010111110101110110010001111111101101111000010111100010110011011011011110110100110101111101111000101111110111111010101111001011101110010011111100100011100110000011111010001111000110001101011100101111111101111110010100111011111000111001100000101111111110000011100011111111001101
1001111011111111111001101010010110011011111111001111111111000011101111101010101111100111011111101101111111111111101100111011111110111111111101111100011100101110111111011100101110101110110011111011010111110111001011011100110111001111011010101001010001010010111101010100001101110011111100110101110100110111010100111100100110100011111111010110111101111010001111111100111001101111010001111001110100000000011111111110100110100111001101100010000011001001010010010111000011111111011011111111101111
1101111101101110011011110111100110111010011101110101111101011001010001001011110001110110101101111111111011100111101101101101101111111011101111111111010110101111111110111100111111110111011010001011011110101111010010111101110011111110100011010001011010101111110001010101011011000010111010101010010110111011111011110111111001111110101110010111111111010101111111100010100111001111001111111100010110000011111011101010010111111101100111111101111111100100010101100111101011011101110111101100110011
1111011100111101111001101011001010001011110001101110101101111101111011000100011101011101101100110011010111000101111100001111000110011011100100101111110110100010011001111111111101111111111011000000110011011111111101101101111011000110010000110000111100001011110010100111101100111111101111110111101000111110000011111010111111001101101000111110111001101001110100111110111000010010010100111100110110001111111110111101110101111000101011101111110000001110011110111110110011011001111111110101001101
1101001000110111111010011111100001011001010111101101001110000111010110011000110100111111110101001110110111110010101111010001101101110100110011111110011100111111011101110111101010100111111111010110110011101010111101101110111110010110001111111111101101110111111100110001111111111111001011110000001111111101101111000111101000010100110101111100111111011110111110110000010011111101111011111011100101111000111010101000111111110011111111010101001100010111111001001110111111111011001011011111101110
1110001011101101111011111011011001111111100110010111111110100101110101111110100110001111000001101011110110101011001101010010100110011001011111101101010111111100101001100111111100011101111111110110111100101101010101011101100010010111110011010110101010110100111001000110110101110001110101111000101100001101011011000000001111110001011101110111101000010100111000001010110011111111010100011111001100101111010101010010011001110111010111001111101001110110010100010111111001110111101111110111011000
1111011110010111111101110101011111111110011010110011011011001011100110000111011011110111011111111101111001111011110111111111100101110111111111101101101010011101111010011111111110111111111001011101111111011111001111100110101011011100101000011110011101110111001000111100011010101111111010101101010110110111111111010101011101011010011011100111100001101100111000100110011001111111010110111011010111111110101010110110101110011111111101001110010110001011101111100110001010110010111001110101101110
1111011011000101011001010111101010011111111111011111110110110110010011110101111111110110110111110111111010111111110000111100101110111001110011111111111101110111111110101111001111011110100111010111101011111111011001111101111110111100110111110101101111001111111101100101001100011001001011111111011010011110111101101110111101000011111111111101110100101100011111111111011000000111111101011110011001010001111110010111000101111110101011101010001111101000111111111111111101010100011111111101101110
1111011011111011001010110101101000011111010111101101101001101101111001000111111001001000011011010011001001011100011111011111001100010110110011001101110111111111111111101010110111110011111101011010011101111001011101011001001010011010111001011111101111111110110000011000111011111110000011111011111111001110111111010101011110101011001100101101011000011111111011110100110101010011010101111111101111001100010000111101011110010111001001101010100011111111111001101101000001100111000110101111101100
0110000111110111111100110101111111111111100111110111111111011011111111100000101000111101101101101111011110000011011111011111011101111010111110111110111011000110111101100111110111010110101100011101111101111100000100111101110111111111110111111011000010011111101110110101010111011101011111100101010101111011101111100111011110010111101110111011010111000011001010111101001111110010001111011101110111110111001111011111010111010110111101001110110101101001011111111110011110100110111011100111111101
1011101011011010011011010111001001111001110101110011111111101001111100111110101010010101011110110101101011101111111110111111000111111011111111011111001011000011111111111101110110110100010111101010000011111011110001101110011110011101100010010110101010110100100101111101110111011011111111111000111110111001110011010010111001111011000011011110111001111011111101110000101100011110011101101011111001101111011001011011001101111001001111110011101110111001111000100010111111111000001011011010011111
1011100010111110000011101111110100110111011111101010011111010111111001010110111010010101110001001001111011001101011110011111010111011101111010110011000101101001011111101011011000111001111011011011101001010100111100011110101011101111110001001001100101111010011100111110111111111111100110100000100000011111001111010011000100010101111011101100100101001111010101000010000111110111011011111010001100001011110000111011111111110111101111001111111001000111101001001000111101111101010010011001011100
0111101110001111111001001111101111011110011111110110101111110011100111110010111111111111110010111111110111110111101001000011010111011101001011001100110111101001111001011100111110111110110000101100110010111110100111100001011110010011011111101101111100111110101101011001111111111011101110011000011110111111111111010011111111101010111101011000111010111111010111000011100110010110111110100110011011110110101110010011111011101010110011000110101111110110111110110111111111111111100110101101101111
1100001010100100101101110010111110001000111100011100010010111111111111011010001101110111111101111111101110101111110111011111000110101101000010111110110011010101011111100111111011010000101100100011111101000111110100000101111010110111011111011111111001111110110011001011001111110111111011111101010111000000101100010010100001110111111111110010111111111010110001111111010011011011111101111011101100111101110110101100101010010101001100001110011111011001011111001111100111100111000011001011011001
0111111001110010101111100111111011010001010001110101011101111001001111000011100000000111010001110000111011001011110110011011110111101011001111101001110110101101101111111001111100010000110111111111101100101011110111100000110101100011100010101011111000111000100110111101000100110011111011111011111110100100110111111010111100110001111011100100111111110110111011111111011011110111110000111111000111101111000110100110001111101001110101000111001110111000100011100111001111111011110111001111101101
1000010110001111100101111110101111111101110101101100101111011011101101011111100110111001010101101000111011001101011111110110100101001000111011001110111100111001011101010000001001101011111110000100110101111100001100101011111100011111100110010111111111101111000101010011101101110111100011111101110111111010111001111111111101111011011101111001101101101101101011110101111001111100110110100101111110110111111100001001010000101010001101110001101011010000001100101100011110101011011001111001111110
1100111110110011010010101001100010111001111011101110001000101010111111001110111011010001010111100000111010101111001101011110011100111001111110111010011001100011111111010111101001101110001011100110111000111001010111111011000011011110101011011011000111111101001111100100110111101111110100111100111110100011000111111111110111100101011110111101110101011100101111101101111101101101000000100101010101111110111011001010111111110001111011011000001101111100110111111010011110010011100111111101101111
0110111111111100111011100111100110111110011111101100010001110100110011010100110111110010100111111110100011001011101101001001111111011110110001100111001101100110001000101111111011001111011011011100110011110001011010010111110011110111011100110111110011000001011010111010101011111011000111111011101110111111111110110101001011110111010011010110111101111011110010111010111101101111101111110100100010001111001111001001111101101101111111110111010011011111011011111111110111001111000111010111100111
1001111101001011001100001011010111111111101111011010100111101001001101011011011011111010011000101010011110011101100111111011011001010111101010101111111111111011001101001001010010101001010011111110101111111011101111111110101110110110111110110111001001110011110111111110100101101111111110111011001101101111011101110111111110111110101101110110000001110100111111111111110111111111100111101000111011011101101101111011111100111011100111000101000111001101111101101011101010111111101111001011100010
1111101111111001001011101111111011001101110010110110111111111101101101110111111110110010110011010111011000101011101001111011001100011100111011011111011111111011111011001111101100010111111111111101110110001111101111100101011000111011111100011001100101010111100011010100111010010011110100111111110101101001100000000111110011111110110010111110100101100010000101111111111100111101111111100110110111111111011101110010011010111001101010001111110011110101111011101011111101111011111010110110101111
1011100101111001111110011101111100101101110101000011101100110101111110001011101101111111100000111010111110001101111101100100111111110101111111111011100010101110011110011011110110111111101011111110100111101110011101111111110111111110111110111111100111011110111101110111100011101111001111101010111101100101011011101111111110110101111111100111010001111111101111110101111111011111110001101110111011101110011100010100010011110111111011111011110010101111100101011101110001111111110111011100001111
0000010101011111110010101011111111101101111111100101011011001001101100100110101111011111001101011110110101100110011000100010101010000101111111111101001001011110100011101010001101111001101111100011011001111011111110101110111101111100010111111011101000100101111001011100011001111011111010101000100100101111110101110011100000111011110000101011111011111111111110111001011111011101011110111111011111111111111101010101010101101100010110111100101010000111110101110111111111111000101111111111110100
1001010100101110111001110000111111101100001010111011110011011111111110101111111101010001111011111111101111011010111111111101101001011001110011110011110111111011101111110111101111111101100111111110110111111001010101011100110111101111111110011010111111010111110001011101011111111101111111110001111111111011101110101111011110111111110111101010110101101101010001100010011110110110100100000111110100110100100110100011101011111101001001100011110110111111111010100101101111011110111101101111011110
0011111100111100011111111100011000100010011111111111101010101001110001100011111010111111011100111111111011111110111110001110111000111010100111110101111101100011010111111101101011111111111110101011111111111011111111111110111010110111101111001111111010111011111100111110100010010111100010101111110011001111101011011110101110111110111001100001110111110111011011101100110111010011010111011011111011011111111111111111111100010110010111101101111011010111101110101111110011100010000010101010011111
0010111111011100101111011110010111011100101111011110110001010110001011011110100111101011111111110101010101101101101101001100110111010100100111110111101111101111110110001110001101100101011011111110100010010101110101110000110101011110010111101110100110111010111110010101111011000101011010100010011011111111011000000011111010101100100101001000111101110111111100111111101111110101010011101111001110111101011101010101110011011111101011111001000100101111111101010101001100011101010001010100101111
0101111111011100001011111101111111101110101011110101101101101010000000111111000011110111111011101111110111001110011111111110111111011111110110011111011000010110110110110111011010111110100111111011100111000010011111110101011111111110010110101111101100011110111101011111001101111011010011111111111100111111000011111001011101110010110111101111110111101110111111111111110010111110110101101111100111110110000001111100111000100000110111111110010011010011001111001111111110111100101111001101101000
1111110101001000110000111111110110111011110110011010010010100001000100011011111110111100110011100110100110111111101110011111111011111100011000111011010101111101111011110011100100010110111010101100010100011111111000100110011101111100011111011111101111011111111110101111111110101110111010110111000000110100110011110111111001001010010111010011011101111110101100110101011101011101111000111010011111011101111011100100011100111111011011111111001001101110001001000010100111101111001101011100111101
0010101110110110001101110101100111110111110001111110111101110001101101101111111011110101010101110111000010101110111110010011010011011110100101001001011111011111111100111111101111111111110111111111110111111010111110111101110110110101111101110011011100001001011000011101010011010011111011100001011100110111110101101001010011100011111010111111100110110000111111111100110111100111011101111010101101011000100111110101001011001111010111001011111111111001111011101111100110111111111011111110001110
1011101110111111111111111011111001111111110111101011111011110001011000100111110111001111111001111111111111110010100110001111101011000011110101001111001010111111100011110011111111110110011011101101110110110011110111110100111110001111111001111100111110111000011110001001011110001011010001101101110011011110011010111111011111101100010111011110001101111011000011100110101101111100111001011001110001111011011010111010011101111011111111100011110111111111011111111111111010111110111100011101011110
0111011011111100011100010011110001011011111111011101110111110101111010101101110101111111100001110110010100011111011011110101101110111000100100111101010010011101101111111101110111000111111111101111101111111111101101000111011101010010111110011111011111100111111111011110100101111101111100101111011011101001111111000001111101110101101110111101000101111101110111010110111011010111110011110101111110001111010011001010111000110110100111000010111010111111111011111100100101111001111110111110111111
0101111100001111111010111011011111111101110110111110111101100111100110101010001010100101001101101011000101011110100111101011110100100101111000110111111100110111100110111011111011101010110101010111111110101101111111101011111101111100111011100011000010101110111110100111111000111000001111101101010111011101010111111011111111111011110100111101111111001100010111111111011110111111001101111111010101011011101100011110011101011111111011100011111111100100111111110011111001111011111010010011000011
0010111011011111101001111010100010011111011011101110111110010010001001110000110110110101110101110111110111001101100110111101100011111011011110100101001001110111101111001011110110011111011101000101101110111010111011111111110101100001110111011011001111110111101110111101011001110101000111001101111111111111011110111111011110111011111111101001110100010011011111110111011101010110111101111111011101110110011111101001001111011101111111111110100110011101001111110110010011110000110111111001110010
0111010100011110101110100111100011011101110101000001110100011111001110001011000011111111011111011110001011010010000000100011110001101100110101110011111010011001111011111011111111010010111101101110111101111101111110101011110111111101001110010110011110011111111101110000111101001111011100011011101101111001101111111010010110101011011101011010111101101111111111111101111100100111100111011001011011111111101010110111110101110110001111111110011110001001011011111100110011011000111001101101111101
1011011010001101001100101111100111111111111100111001111100100011111010011011001011110111100111101111110000001111010101100000101100110101100111000011110000110111111000101100111111100011000001101110111001011111001111111111101110111010001101111111110011111000011111010111100001001110101001010111011101111111111100111111010001001101010110100001101001101111110100111111110011100111110011111110111110110111100101111110101101111101101111001101100001101111111100011111100011110010100101111111011111
1011101110100111010100111101000100101111101011100110100101111111110001111100111100011110001011010011101011111111010111110000111110011111100010110111111001011001111101101111110110100101011101110101110011100111111011111111010011110111101000000110011101111011110111010100111001001011111110111010111010001100010100111000111010111101001000011001011111010001101111011100111001111011111010010101001101110110100101101011100000001000101101000011010101100011110111111101011001110111011001001000111111
0101101101111110111011101101000110101101101101111111101111111111111100000101100111011000101101111111101111011101111011101111111111111100010001111011110111000111110110100100011010011111110110100101101101110110110011100010100110111110111110011100111111100111111111111000101101100001111010111111101100011100110111110011111101011111101101101110011010010011101111010001101101101111111101011001010001011111111101000101011111111111111111110101110110011000101000000000011111110111111011100101011111
1011001110110100011111110101100111010010010100111010000011100101111101001100111110110011110010111010011111101100111011010011110011110111111011000111001110011111111001111011011100111111001000101010110111101111111011111111011110101011111100111111111110011111111011111010011010100101001111101111000011111011011001101100111110111010000111110111000111111110100110011011110011110101111111011011110111001111011001111101110101111000110101011111111101011011111111111110011001101111011110001111111101
1110111011100111111101011011101111011100101111111111011111001101110111110110111011111100110111011011011011111101111100101110011111111101111101011001110101100111000110111000100111110110110011011000000011110111001110001011111011100101010110100110110011111110111111110011110100111111101011101111111111110001111100111110101111111101111110001010101110101111001111001110010101011011011010110101010000110011001100101111101010111001101101111111111011110111101101111110110100110111110111110001111111
1001101011101101111111010011000111110111001111111111111111111101000011011101001111011101011111011011111011000111010101000101001110100101011111111110010011001010111110011101100110011011100011011111001101110011010111010110111011011111111110011111001001111111000101001011111001111111101111111001111100010011011011001101101100010110001111001111100011101000001010101111010011010010110000111001011011011001101011001001100100111101100110011111001011000100111111011001101110100111110101001001101111
1011101011110110100001101111011101011100001011110011110011111111001001011011111110011111101001010101011101111100100111100111100110111001111111111111111100111110001011110110101111011101111011110110000011110001111101110111110111111101110010111111111010111101111011100111110111010111100111110111101100110110011111010101011011011001011101010101110100111001110111010110011110011110011111011111111101111100010110001010111101011110110000111110110111000111011110101111110100111111110101101011101010
1111110110111001111111101100111100001011101110110101010001101000111111010100011110111110111110011010000111011111100011000011000101110111000111111011001111100100111100101010011110101110110111010011100111000111010010110101011100111100011111011100010011110101011111010111100101101010101000111111110100111001110001111011011010110101000110110000111011011110111001001011100011110111110011110100110100101010100100101100111010011110111101111010101111110100111100011110011001101111111111010111100100
1101110101111010111101011101011111111011101001101111010101110011111010000110000010111101110100011011011010110111111111010111111111011110010110111110111101111111110111110101110000101010111011011010010011101111100111111111011011101101101110001100011111110011011100101101010111100011110001111111101111110101111011011111110111001011101101111111000110100100101101010001111101111100011000001100110101011110110000110111111001011110111110011011011000000011110011010111000101111110100100101101111101
1001010101111110101111101111010000101111011011001111110101111011010111110110111010010101111111110110000011111110011110111111101111111111111100011111111101100111001100000111101111111111111111101010011111001111111010100010100010101111101101110101110110110000111001101111101111111111111111100110110010101011011100000101010101001001101001111101111111111101100101111111111110111010101101111111010110011111111001110111110101101011111001111110111011111100101001100100010101111111101011111111101111
0111111011101111100100000011001110011011110000101100111101110110010001111111111111111010011111100111111111000001111100010001011100100100111101010010111100011101100011001101111111100100110010100001110000011011110110010110111111010100001011101111101110010111001100100110000110011110110101001011111101011001110110011111111111110111111000000111010111111110110100100110000111110101010111101111110110011110101110001111011011001111101111000110110110000100000100110111010100111100100111011100101110
1111110000101000100110010011101111101101010110101101111111100101111000101111101100011010101010000111011111011110101111101111101000011110111011111111011001101110100011011011111101010110001111100111110001110001111111000110111111000100011001110111110110101010110111110111111111110111010010101110101001010001001001101010010011110101110011010011111110010000010011111111010101001001001101000001111100011110001111101111001101001011101110100111111111101111110100100110011100101111011000001001000100
0101100011111111101101001011111111111101100101111111110110111101011010100000111111111111111011010110000011010011001001011110001101110010111101001100110001001100101000111011011110011111001011110001101011101111111101100111011001100011111011010011101101001111111010001111011101111110110111001111001100001011111111000110000101111100101011010110101101100101101110100100111110010011000111001011010111101110111010001000111011110010110000100010111111111110111101110010110101111011111101111011101100
1110111010110010001111110110111100110100111100101110010011000010101111101101011000110010011100111111111111101101111001101011110111001001001110011101000111011111101110001001111010001111110110101111001110000110010011101001101111100101110011100111011010111100010101110101000011011001100111010110111011011101111111111011101110111110011101011000011001100110110101101010001001101001111111110111111010111000111100110111011011111011101100111000010011111100011101010011111011011110111001101110110111
1111110111010011101110101011111110111110011110011011001110110110011011011100010101010011010111111011011111011111101111111001111011110001110010111111110101100111111110110110110001111100111101111001111011111011110111111100101111101001111111000010111101011010101111011111011111111111101100100011101001111111001111111111111101110110111110101011111101111011110100000110110000111100111001110010101111111101001100001111101101110101111110011111110111000100101111010011111111011111111111111100001111
1101110111001011001011111011110101111101111011111111001101010101110111011000100001101010011110011111110110111100110011110011010100111110011111011000100111101101111110111001111111101000001011101111101110111110010100110001111111011011010110011111000100011101001111111010001111010110110111100110110001111110100111101110111110111011100111111001001100111010101110111101000111000001010111100000111001001101110011111011111111010111111101000011111011101011110111111100011010111010100110000101101111
0011111111011101110001010111010100011111111111011010010110110000110100111111100101000011011111111111100101011010100100110011101111111011111101100011011101111111101101110101100001001101001111000000111000011100111111010010111111011011001011101111111010111110011111110001010111111011001111011010011111110001111111110101110101011110010100110101011000001110110111101111010000001011011001101001100111011101011111001011000001001011101111100011100111101111000101110110001101111111111111010011100110
1000010101111111101110010010101111110000101011100011100110001100010110110001001001111010111111111101001110100111001101110111000111101100111000010111010001111101100000001001011100111111111111101101111011111100011101100010011110101110011001110001011101011011100100011100001001101111001111111111101100111010000101111111111111111111001100110100101111101110011011111011111000100111111011100111111111111011110101110100001110101100110010111011011110001111111111101000101111110101010110010111010011
0111000001011011100100100011011111010110010110000001100001100011110010111100110001111100101001111110010100100110011111101001111001111111111011111110100001111110111111101011111011010011111011011101110000011110110111010111011001111111111111011111101111111101000110011111011111110101011101001101111101111111000010111111011110001111100001111001011001011101110010111000100111100111110111111010111011011100010101110110101101111111111111100100010100111101010111111000011110101001011110110111111111
1110001111111110101100010100011111011100111110011001110000010111101111010011111000110101111010111100011011100010110010111001111101010101010101111111001011110101101111010100111011101001111111010010010100001111111111101011110111011011110001110111010111011010111011011011100100101111010110101011000011010101111110111111111101100111111011110111011101111111010101010110011111111110111111101101101011101110111110000111011010101111110101101000100001001011001101011100111011111001110111111111010100
1111111111001001001111010101100110101100111111111010010111001111111101110101101011100000100100011011101111111111111111001111111110100101110011110111101111010111111010100011111110100111110011011101111001101001101110101110100000101111110110111010001001011111000011100010000111101111110011111110111000010000010111111011101001101110110100110001101111111001011101001111001011110101100111110111111110110110111010010101110110011011111110111010011111010110111100111011110110101010011111111101111111
1100111110010110110001101001100100101111111011110101110111011110111011100001100111000011110111011110111111110011101111101001110111111001111011101111000100110111101100111111011011111110011110110111011011111011111110100111101101100110111101101111101101101011001111111110101110111111010111111111011101110001111011011100111111101011110101100111001110110111010011111111101111111111100100011110100000000101110101111111110101110011101111011101101101011001111110111101001111111110111010110011111111
1110011110011110111011101111101011101000111101000011011101101100100001100011011111010100101111111111101111011111101011011101011111110110101111011101111111101110010101010011110111111110101011111000100001110111101011101100110111110110000101100001011011010111101110111100110111111111110010011100100101111111111111001011111111101111110001011111111011110111110111100111101111111011000110101111110111111111110010010100001010101010111100111100111101111101010101010101011111111010010111010110011011
0111101001011011001111001000111101111001010010110111100110001011010110100111110100100100011111001101011001101000100001110000111101001111011111111110110101111011101101011000101100111001101101000110011010110011111110010111111000100011011100111110111100010101101101111011011111111011011011100011111011010100010101000000101100010100111010011001110101101111100111010100101111110111111110111111111111110001111101111111101101111100100110111111011110010001100100110110100010111001101101111111111110
1100111111110001111111101101111111111011110011011111101110101011011110111101100100101101101010111111111001111111010111111111011011110111100111111101011111011101101111110111111111110000110110101010111010010010011110000100000100101101110010101001111011001110110010111011101101111111101100101101100011000101001110000001101110011101101111011110110110111111010011011011010101111101011011011110111011001101101101111100011110100111100101110101001111101101110111001100010110111111101101011100000101
1011010111111011011111111011000111101111101111101100000111110011011011111010111100001111111100111010101100010101001100011000011100011101110111011101101011101101111011001011101111111011111101001101111100110110110101101011001111110111011001011101011101011111110110110110100001111111011111100110011111101101010110101111011001101110111101100111001100000101111111101101000001000100111011111101111011101101111001100111010011100011010101001111101110101111101111110001011100111011011110110001110110
1110011001100101111101110110111111001110101110011001111110100110000110110101011111010111110101111011101001110111111100000111010110111111010101110010110101111110100101001001001100000101111111000000111101110111110011000101011011010101111101000111111110110110111111011111011010111111110101111010100100100011111111111011101101001101111111011101110110101011111101101010111101101111100011111101010101100010101110011111111000011110001110111111110111001000101101111011000110011001010110111011010110
1101110101110101111110111001110011010010011010000011111100111111101011101101101100001111111111011111111111110100011110101111111000100101101111000011010111001101100111010100010011100001110001100111010111000111000111111011111010010011111111011000010110101011111100111100011101111001100100111111111110110101111011101111010100101001011111011011011111111111111101101111011111011000000110001011100110110100011001001111101111111101110010101011111101011011111011101011011001111111011111011011101001
0000111111101111111111110001110111110111111111001101010001110010010110110100110111011011111011100111010010010011111010001111101111110110010110111110110101110011101101111011111011111101110100001011111010100011011011110110100011101111011100110101111111111010100000000011110011110001110111100101010111111111011111001110000110111110111011011011101110111111110111111111111000001111100111101111111100111100101101101110011101111010101000111110010101110111001111000101010111111010011010111110011111
0010010010011000011011111111110000111110101110000110110100001110111110011111001101101011010111001010001110101111111110111100101110101110101111110000110111111111010111111110010111101101110010100011010111011111000101000011111101110110110110111110010111111110111011100011110010011101000111001101010110101110111111101101101110111011110100011001010101110111111010110110110011110001000111101111011100011001000111010010111100101110101010011001011011101100001000101010011110011100111000011011111001
0101010100110101100010111110100111111110111100011011111011101111010010011111110011100011110111111110111000111011011111010101001101011111111011111101111111011101010001110001111010110010111111111011011011110111111111110111111110101111101100111111111110111111101110111111111111000100111101010110101001111000001111011110101101101111111101110110011111111110110000110101010011111111101111101111011011111101100110111111111011101111100100100111110011111111001111000011110000011110000000001111000111
1111101101001011001111110111101010101101111111110110010111111101110010101110111001001001000100011101110100011011110110101100010101111110011011100110011110101101111111011111101101100100101101101000011101010110100011111110101011001010010010110011011110111111101101110000111110010100001011010111111100011110101100100110011010000101110111111111011101111110111111111110010101111111011111111101111010110010001101001111010111111011101111011100101001111000111101001110011010011111001111110101111001
1001001011011100111011100011000101111010110110100010011111110000110100111101111101100111010101100110101101101100001100111110101010100111110101010011110110111101100111111111110110111001010111111100100111010010010101111110011101011011111111001101101000011111011010111111010110000010111000000010011010101110111100011111111100110110100010101101110111010011011101111000111000101110111001110010011100011010101110100100111110111110100011110000110101101101100111011111110110100001100001100101111001
1111111111011101111111111111011100101011110111100010111111110111101001011111101110111111111111001110110111000111111110101100101011011101010110111001110011011000111111010001011101101000111010000111011101011111110101011101110111011011001101101101111111111110111111010100100011111111011110010011111110011110101111111000100100001011010111110010111111111101000001110011111110011111111111011111101111111111110001111101110001001110111111001111101110111110011010011111111011011011101110001000111111
