111110100111101011111110011111110001101111111011111100011111110110010111110101010111011111011101100111111011101111011111111111111110101110011011100101010001111111111111011010110100111011101001111111100111111111111001101100100110010111101110100111101001001110111110111111011010010111111011001010101111001101010011111110010101011101101110111011001110111110101000100111111001001100111111111101111110110000011111110101111010101110111100101011110111111110100111000111111010110111011110
100000001101101111011101110001101011011110111111001111000010101011011110100100111111110011011111010111111111110101011110111110001101100100101011100100100010100100011110111010111100110000010110101111000000110110000111000111111011111111111011001101011111110111100100011011111101000110101011000001111101110111111001110101011011111011111111100011111100010110010001011000110011001111101011001111110001110111011101111101011111111000101110010111111010101000110101101011110110111011111110
111011010110110111011010111101101111111100101111110110111000011010110110010101001011101101000111100110110111110111111101110010110111101110101111000011111110101111010010110010101100001011010000111010111011000110010111010101100100110101111111111111110000101111101110011101111111100001111001100010111111001011011010111111010010101110111101110011011110111011001111100100110011000101110101011101001001101010110111111111111010111110110101101101011011011111100111111101110100111110001011
000110101111110111001011011101010110101111001100001111111010001111101000011100001111010011111100011011111011111110010001111001110101101111111111110111101011101111011011101011101110010010111111111110110011001001001111111101110011111010011111111011011001111111000110011111011001110000111001011010010101001111001011111011111111111111111010100101101111011111101111011100111001100101010110111011011101111111111101110001011111111101011111010010011101100111111110110111100101101111011001
000001101111101110000010111111000001011111111111011111000100100111101010011101010101001111000010001000011001100101111101011101100101011110010110111110111001011100111101100010111110011011101100010111011011010110110101011101011110101101101111010011101111111111001110001111011001110001111101110110111111100101111111011101001111110010111010111100111011101110111111001110111100111001001011110011110111101001001101001011101111111011011010001101110000110010011001110111101100111111110101
010111110111111011111101111101101110000000110111110101011100111111001011010111010001100111101101111111111111010011100110111011101111111111000111110111011110010101011111100110001010110111111011010111110111010111011111101010111010110100001001011101110010010101110000011110111001101011101101110111111101000000111101101011010011011111111111011110111101111000011110110111110100111111100110110000111101001001010101010001111100101011111010001111111001100011111011000111111111101011111111
111001011111111111110011101111111111101111001001111111111100111110010110011001011111100010110100101011011011110101001111101011110100110000111101111010111011111110011101111110111110101001110001101101011101111110101110111011110110010000111111001110100110101010111110111100111111001011101111011110111111100101110110111011111011111001110011110111110111111111110011111101111111110111101001111111010011101001011111111110111111001101010111111110000010110000111010111100001111010101111111
111101111110110110111011110101011101101111111100011010111001100111011110111110010001110001111101110101111010101111100110111011111011111101100111111101010111111101101111111111110110110110011101001011111110111101011010100110011110101100101001101101101001011111011111111010110111010100111111010111000100101101110110101111100110111111111111001001111111011111111101011110110111111010000110010111111101110101101110011101111101000111011010111111100101110111011000110110111010011101101001
001010111000011100001011111000100111101001101110110000010111111111111101110011111111001111001101000111111010010110101011110101010110011010111110100011100101111110110010101111111111111110110110110011111001011110101001011110011111100011110010010011011111111101101110100111111001001011011100111101101111111100110111011011111101111110111101111100001101100011111111011111001000110111101001011111010111101011110001101110011101011111011111100011011000110101111111101101111111100111111111
111111111111111101100101001111000110111101011000010010111101111001101011111101110111111110111010010111110110011111111110110110000011111111110101100000101111111110110100011100111111111111011011100110101011100000101101111111110110011111111110111111110011101111111111011111110011111111111111111011001111100111101111000100111000011111101110100010110011111110011110111110110001011110010011111111011110101001100010001100111011111011001111000101000000011100111111110110011010001101110111
110111001111011000101010111111110111101111101110010010100101100011001101011010110010110111001111011111011100110101110010110100111000101111100011011101110101101110000111111001100111001101110001101001101011110000110101111111111111110111001111001111100010111100111011011110011110110010111111100010001111100001110001011011010111110101010011101101111011011111111110001101101000100111000010011111100011110110111101111111110111111101101010110010101010101011011101111111111101111110110111
011011111100101110101111111110111111111101111011011101110111111111111100110100101110101011011111111010000111111001101011101011111110111111000101110110111100111111101000111110001011111101111010110001111110001111100001101110011010000111110100011111111110111001111100101010001111011111111111110000111111111111010001111011100111011011000111000111100110111000100100110001101011110111110110101111110000101101111100010110100011100001111111011111111101111111010110010111011111110101101101
010111111001110001101101101110111111111001011010001011010011100101101010111100011111111000001010111101011111010100111111101011110110010100110110110001000111110110110010001101110111110110000110010111111111000011111110111110101011011100110001011010000011111011111111110111111101101111010110011011111101111101110101101110011111010110110100111111101101011011111111001101011111001100101000010110011101100111111011011011001110010110001111011101100011011010000000111100110011001111101100
010001111111011001001110110111111111001101010110111111110101100100010111101001110111111001010010110101111111011010110101101001010101001011111101001101111110111110101011101110011100011111100111101001110101111101110110110110011100111111101111111011010111110010111100111111111110111101111111111101011101010110101001110111010111101111010111111111111011110111010100111011000110010110101101001011010010111111011011101111111001101011110110111111111011110111110011111101111011101011111011
011010011111101101011110100111111111111110010111001001111101101110111111111011001111010001010110111011011111110110111011001111111101011010000011011011111111011111001011011000110011101110100100110101110111111111110110111110110111111111111111111101101111111010001111111101011111111001111111110111111011011110101111100000111111110101100111110010111111101110110111000011001101110010010111010111111001111111011101011001111111010010010110010011111111011011100110110010101001111100110111
101010011111101011110010001011100110001001111111110110011111111101111101111011011010100110001111101011101111100110001110110111110011000111101110110001111001011010101111100101111101011011011111100101010101111011111101111101010110011111111101001001010100111111010011110011010011101111111100111011110001100111010011100110111011111110111100111101101001101011111000100011111001110010111111111011011101111101111111000101011010000100111000100110010101011010011101101110000011100100101100
100111010110001101101011001100100011001001111111111111000010010011111111010111111111111001111111000011100110111111011001011101000111101111100110111001011110101011000111101011110011000111111110011110101110001011100011101100101010110101101100111001100100010101001111001111011011110110010010100101110010010110010101000010111100100100110011010101001011101010110111101110011101110011100011010001001111110001001111110110011011111011110110110101110111001100111110010110111010101110011110
111010101111011101010111010111111111011111111111011101100111000111110111011111111110000111000001010111111110110111001001011001111111110100111110111101111010111111110111111110111100011110110111001111111010000110111111011010011111010111110010110111111100010101111001010011000100111011111111111110111111001111000100111111110011111001110110101111101011110110011111110100111011011000100111010111111000110000011011110111111010101111100111101010111100110011111110110000111011111010011011
111100011000000011011001010110111001101010111111100011100110011001000111111111101111111101100111011101111111011000101100111110111101110111111110111111010111110011011111111001100010110111110111001011101111101111011110001010010101101011100101010000111111111001011110101010111010001111011001100010111111111111111010001010101111111010111111111111011000110111101011011111001110111001111011001111111111100111001010111110010101101110100010011110010111111111101110011011001101111111110100
101000110001101110111011011110100011101011110001000110100100110111011111110111011110001111010011111001110110111111110011111111111001101110101111110011101111101000011111001111110101111101101110000111011011111010010011111011001011010101000111110111111111111010100101011110100101100001100111101111101010011111011111111100000110111100111010101110011000101000001011111011101100110011111001011110000010111111100010100110111001111110110001001101101011110111111011011100011111101101010011
101110001011101111110111110011110100011010011010101000100101001011010110111110100000011011011111111010011101000011100101111101010001111010111111101000110011111111011111011010011000111011111111110100101101011011110111101001101001110111101111111110110110101111110110010101110110000101001111011011010110011100011101010011011111111011101110011111000111101110111111011110110001001001010110001001111100100010010010010011000100111001101001100101110110110110011111100101010111100010111101
111101100001110101110110000010111111111101101111110011011111111110010011111101110110111101000111011110111001110000111100111001111111101011010101011001111111010001011101010011011011101101011111011010101110111111110111010011011011111011001101011100010110101011101100111101111010010100101001101111111011011111010111001010010001110000001100110000010100110011100111011111111101110010011111010101100110011110110001011011100101111111101100110111110011110111100100110111101011100010101111
000101111110001010110101111000100110101011010101111011100011110111111001111111111010011101111111010101111001100110111101100101111111000111111101101111101000000101011000110111001111101111000011001111000000011111101001110110110011110001011110111010100101111111110100011110011111110110111100000011010011001110111111111110111011111100111100111110100110100011111110100111011100101111111111110111101110101110010010110011010100011111111111111110011010011100111011111111011100111101000011
101111110101010111010101011101010011011000010101101001101011010010100001010110011011100111101011101100011111101001110011111101000101111111111111101110110011101001011111011101101011001101010110110111011111101110111100000110111111100000011101000100111111111111111111010111101011111111100100110100110010111110011100110001001111110010110101100110011111100110110000101101101110111011001011101010010110110111101110100110111101101110100101010110111111010110111100011101110001011110010111
111001101110100001011001110010011100010001111011111011000110110011101101101011001111001110110100000010000011010101111111110011110100001011101111011110111101111011011011110011011101101111111110100011011011011101100111110000001110100111111011111111111011101110111001000110111111111110000100111011101110110111011110101110010110111101101001111111011111111011111111011011110010110011111111000111011111110011111010111001111001011111111011111000010101101100111100001011010101011011110111
111110010111111101101010111101101010111100101110100101111100101011111110111111001110011010011110011010001011100011001100111100000111001011110100110001111110111011100101011110111001100101111101110111011100110011101010111101010001100001001011010100010010010011111100001101011111101001010011100101110010110000110011110111011001110100111110011011110011100111011110011111111100010001101101111011011100101011111000101101001001101100001010101111110111110111011100111111111001010100011010
011011011110101111010011001000101110011101111001111101000111011000111111110110001101111001011111100101011100110111111001111110100111000111111111111101111111110111101101111000111110111000011011101001000111110101001011111010000001011101001001000111111000100010101111101000100001011100111110111001110111001011110000111000111100100001111001010100111001011111011111010010111001110111101101010101011110110000001010011001110110001111001111101010010101111001011111110011100001111101010111
101110011011110111110010111111110101101101010001101111011110101111111110011100000101011010001010001011101000101111011011111011001010100101110001110110001010001101001010111100110011110011010111101101110111110001111011111111010111111001010111111111111010011101111011010111100000111001101101101011011011111101011010100110011100010100111010110011110010111011011100110100100111010110101011111010110101000000101010011111000111011111100111110100010100101111011111111101111111111110111101
011011111111111110111111011110010101010111110100110110011011110010000010110010101101100000101111000111110111101001001110000111011101011111110111010011111100111110011110100001111001101001111110101101111111100011000110011110111101001011011110101011111111001110011101011001101111011110011111100110110100001000111110111101001010011101011111011101111111001111011011110101110111101111111010010001110111110110111101011111011010010110101111110100101110001001111011111011111101010101110111
011111111001110101000011001000111001011000110011010111111000111010000011111001010110110111111110000111101110001110011111000011101100111011010111111111100100010110101000100000101000001101111111110110111000000000110010011111110111011001000000101001111011000101110010111111111111001001101111011101111101001101100110011101110100111111101001001110100000011110111101110011101111011111110101011101111111101111100100111111111000100010101110111111110011111111111110110111111111101100000000
110111110111000101110001100101101111111011100110111010111011110110001111101111110101110010101000110111111101111010011100111100111101111101111100110111000111111101111011111011101111011011011101111001111010111101011101010111101110001110011111101111000100101010001110001111011011111011111111111011111111101110101011011101111011010011100111110011101111111100111111100111101110001111000100111111011100011000110101111101110010001111110110011101101110101011111001110100110011111110000111
000000111011011011011111000111110100010100110110001111011011101011101101000010100001100101000110110110011001010011111111111111101110100000111110001111111100100010011010010010011111111010101101111101001111011111011111101100100111110101000000111011001111111110101110111110100010010011101110111000101100110101111010011111101101110101110101111101010010010111111111100001001111111010010110101011101011011001000000101110111110110101011111111101101110001100111101111011110101110111100011
000100100101101111101110100010011011110101110111010011101001110010111100000110011110100100101110011001000111101001111011110110011101011001011110110110011100101111111011010101111101111011011101001011111100110101001111010100110011000110100010001110011100110011010011001111110011100010110101001010110111010111111001111010111111011000001011110010000011011011101111111111101110100101111001110011110011100100100111001010101111101111111001011111001111101100111111111101011111011101001011
101001000001100001000111001101111110111011101110010010111011110101011111110111110011100110101110011110110011100001101111101101100111111001111110111101111001110101000101001011001110101010101100100111011111000111110101111100101111011111011001001110001111110010101101000000111111011100111111001011100001100100100011101011011111011101111111111001111111111110111010001100001101101111111111011111011111011111001010111110101101001110111011011001011111010110110110110110111011101011101101
111110010111101011111111111111111101010111100100001010110011110111011010010111000111111011101111111111111000111110010100110111111111111010100010110110111111111111111000010111111101101111000101000011001010001111111100101011110110101101000010110110100001111010111111001011110101111100100110001110101110101110101101011001111010001111110101110010011101101111000100111000001001111011001101110011101010111011100111111110010111110001100010111010010001100011010101111101001101110111101111
100000111100110111110001001110101110111101010100111100111000110000111110010110101110111111110010111110001111111011110001100111010111100101100101101101011011111010011100101010100111111101011001111011111011100011100111011001111011111111100110111001111011010101011110111010111101101111101111011111100011101111101100111010101011010001111001111111110011101010111110001010001011110110010010011011010101110111101111110001001111000100011101111001111011101111110111100100001111111010110111
111011111110111111111000011101111100111001011100101110111101101001101011011100111011110101011101011110100101001101000011011101111001101011110101110011111011010111110100101011101000111101001101001111110010110110111111111001101011111100110000100100111101101010011110111111101010111010000111111010001111101010011110110111001101011011111011001111011101111001000101001111100101111100111111010100111111111111100101111110011111111101111111111101110100001111101111111011110101101111101010
101100010100011001111100000110111110111010111101110111110111010101111101111101110011100001110010001111110101111010100111111110111101101101101000110110101111111101101111101101111011101100111011111110011111001001001100110101100010011001110110011101011111100001111011111010000000110001011111111001111011111111010110011110000111100110111101100101011101111101111100001100101111110011101101101110000011011111101111011101010011001110000111111101110101000011101010101110010100011011010111
100101101000110110111001100111110011111111011100101010011100110101100010111111100111011110111001111111000111111111011011101111111111111000100111001011101011000111100111100011111101010001111111110000000011100100111101111111111111110110110110110011110111010110101111000111101101001110000001111111110111110110010111000010011111000110101100111101001011111110111000000111011010100011011011011111111110001001101101101101011101101001011010000011111111110010101110001001110001111110111101
010110110101110001011100101100011010011101111101101110000110111010110010010110000110111111111011010000011110101000110101101101001111111110100011001111111110111111011111011111110111111101010011011111111110011100111101111001011101110110111000001111111001101101110101001110110100111101001001111101110001101111001110101000111110110111100011100111001010110011111010000111111101111111111011000110010001101100011111011111111111111110101111011010010010101111110110101011111101010011110110
110100001010111111011111111100000111000000100111100111110111111011010010000101101110101101111111010111101111011100011101101001011101101010110010011111111101101110101001000011010100011011111111010101110111101111101110000010111111101110001110111001011010000100010011101011010111011011111110111101000101101011001111011111011111111011011011010101111001101000011010110101101010110010110011110111100111111000111011101110101101110110001011110100001010110111011111111101011111111110010111
101100100111111110110011101100110011100111110110101110000000111100000111101011010010000111111001100011111111111011111101101011011110011101001101111000111110000000100101011111001101110000011101110110111111001111010111101010111111111001101011111110111101101111111001111100101010111101101011100110011100111111100110001111100111111101011110101111111101111111111001111111011010011101111110010101111110010011111101011100111001110110101111111011111001011111001000111110101111111001101101
101011101101010101010011111010010110110111101011101111001111001101011111111011011000011011010101110101100101111110001111111011110100011101000111111111101111111101111011110111011100010011000111101111001011011101011011110011100111110111011010111101000101100111101010111101101010111101101101011011011000110111011111100100110111100100010001000111001001110000101111101010010011000101111111101101000010100111110110011100110110101110101110110111101111111101110111101011011110100111111110
110011111101000110011101110101110001111000110010101111011011101111110111110011101110111010111000001111111101011101110100011101001101101111111001111011011111100111110101111111101111111111101101111011010111010110010011111111011111110101100110011010110111011101101011111110001111101110110011111111011010111110111111011111111010001101010110001101111100001011101011010111010101111010011011111101011110011101101101011011100101110110111011001110111011111100011110111000111111011100101110
011111000100001101101101111010001110101010001111100001011111111111100111111111100000111110001011011010111100011111111001110101111000100111001101110111111101101111111000011110001110011001011111101110011111111010111000001011110110110111100001111111110111000111010110111101111111010110111011101110011101111110111111011101110011101001111100111000101100111011011111011101111111110001111001101110011111111111111011100101110101101101100101011101100101011010111011101001011101111001001111
001000110111111001100001001111011101111111110101111010111111010100111011100101101011001010100001111111100011000000010100011011110100011111111001100010001100101111111101101100001000101100001000111100100011100111100010111111101111001101111110100100111101111110101111011011101001110001101011011011110100111100101010110111100100011100100011110111111011011011011101011111101110000011011100100101110010101111101111010010100101010100011111111111100011110011101011110110011110000011001111
000111011001001000101011111001100101011110110010101111101111101000111000110111101111111111110011111111011111011010010111111101111111010101011101101110111101110110110000111101111111110100011110101101110100110001011111111101111001111001100100111111111100101001111110110111100101111110011101100011110111111101011111111100011111010110011000100101001001100110011101111111110110011011100111100011001110110100001011110111110111101110111000011011011011110011111000111101000101111011001111
110101011100111100111111011101100111010111101100111111101110110011101010101101000110111111111111101100011110110111111010111011100001011101010111111111111111001010111110010010111011111000110100111111101111110010111111111111101011110101111010010110011110101011011111011100011111010001011111111011011111001110001101111011111111111011001110110010100101001011111110111110111011111011011101101111101110001011011101011010101111111111011001101110101011110110101111101100111111011100111011
110101110001011010111111101101110111101111101110111011001101001010101010000001101110101111011111011111111101111111111111101100011111100111111111100011111111010011111100001110111110111000001110101011010011011010101011101101100101001111111111110011010111010111010111101001000111111111110110001111110111111111111000011011111011101101100001011100101111011111111011010110001101101111111111111000011111111010101111101110101111011110110001011111011100101111111111111011100111110111101111
111111111001101000111110111010111110011110111010111010011100101110001111011110100011110001111101100101010010010101110011111111101110011010010111001111000011011111110001101100110111000011001000010100011011010100101100101100111111011011000101110101001101110111111111100001001101001010001001101110111100011010100010101111010001010000110111100001111111010010111101111001010101110001101110111011101011110100011111100111011100110111010010111101111100101111001011111111011110100011011111
110110111110001010111011011010110011111011111101001111000111110111101111011111011100111101111111011000110111001011011001111011111101101100011101111111101101101111011101111110110111010011011111101111100011101111110010111011111101000100001011111101110001101001010110101100101011001011111101001111111111101110110001111010111110010011111101111010111011001011011111011011010100111111011111110110111011110000100101111101111111111001111110110101100111111111111101110111111011111111100111
110111100101111111110001011111100011011111111110011011111010111000111100100110010010111101011111110011001011111101101110011001100101111001111101100101000110111110111000101000001011001101010111011001011111011101111111111111101010111101001111111010011110011111110111111110011100111111101010011101111111111110111110010110111111011100110000111110111001011011111010001110111111101101101011111001000101111111001101101011101010111101110111011100101000110010001011011010111101100011110001
010111111111011111011010011000101110111111110101111011110111111110011111010100010010001111000101111110001101111101111101011011101011010111110110110100110111110100001001010110101010011101110101101110011111101111101110111111110111001110111111110101111010111010111111110001011111111110111011100111101010101111001111101111110111101110011001101000010011001010111111001010101111110110001110001010011111101011111111111010001111111110110100001110110111101010110011110101101001111110111111
001001101011010100011110110111110101111111100101111111011001011100110111011110101011100001011101101110111000000101111110111010110001101011011100101111111111110011101001100000101101010110111010101000011101110001110110000100111110011011100111101100111011111100010101110110100001101011110111001111010110110010100011011110100011111111110111001101001111010001110000011111001011100111100010011101001111111111111011001111111011100110000111100110000111011111011110101100110110111111111110
000101101011111101011010111000011111111101011111111001110111101010110111010101001110100011101110011010101010111110110101110111011011111010011101001111000000001110111101111000111111010010111111011111001010100101111111101110110100111111011101011111111011111111010011101110001110001001101001011111110101011111010111011001100110111011101111110111011100111101100111110111110011011101111110111111110110000010110101011111110111111001011011100011010001011111111001111100111101011000110001
101110110000100010110111101000111101001111111001000100111011110111011011010110000101111001111111101010010101000110011111101110111011011111110101111101010101001101101010110011101001010010101100011110010110110111001011110101011100101001100111011100001010101110011011101110001100011110111100111011111110011001101001011011111111100011010011011111110100011110111001101110111000101101111100100110110101111011101111010100110101110000010101111011110110101111101101011101001111111001100111
001011101000111100111000111001111011101101101000110111101111011011001011111011111111111011111011010110011111110000001111111101101000010110011111101010110011110101010001101001100111011101010100100111111111101001101110011110111100100011110000111010101011111111100101000101110111010111111010110010111111110101100010101001110111011011111110110011111101111101101111111001110011110011111101110011110111110111110011111101111101110111111111011100101111111111111101011111111101111010111010
011111110100100101101111100111101011111111111110001111111111010111111111011011110001110010011111000011010001110100101011011110001011010010110101111111011001010110110111010101110110110011110000111101100110111101110110011110011110101111001111111001001010011001100110110110001001011101101111111001111110111101001001111111011111011111111011111101010111101010110001001011011110010011111110111111011011111001111101001111110111111011101010110111111111111011001111111110111011110100110011
101011101111101011101010011100110001011110111011111011011111011000011011111001101011110111111100110110100010010101110110011011111110100111011101010000010110010100111110011111110110101111111111110010101000111011001011111100001111011111111111111101110110010101101111111001101100100011111001011011011100011101011000000111101111100001111111111001111101010010011010011111101111111101111111110111110111110101101011010101011001010111110111011010100100011101111111000111111011111111000111
000001111001101111110111110011111110111101110111001011100111011100111111011111101111111010111111111111101010011101011101011111011011010011101010101110001111111010010101101111111110110111000011001111101011100110111010111110101000011001110111110010111110111110111111011111101111101010111101101111110010101001110100111111001100101111011101111000110001011111111011111000100010111001111011111110101111100001011111111111011111100110001111110110101110111101110111101011111001111111111111
100111010011101101101000100011101100101111101000100110110101111101001111100110101010101110110011101011011000111101110100000101011001010011111111111110111111101101110101110101110111110011101001011111101111100111110011100010111100000101101101011010101010011110010010100111100110011110110111101111010101010111111110011101000111010101101010101011101000111111101001111111010011011110011001110111101001010110101111011111011010101001111011000010100100100101001000001010111101111001010110
011111001011101111100101011100111111101110101011101001111101110101010010110001110111111111111010111111111101110111111101111101001111110101100111010100101001111110111011111010101111101011111011011111100111010111010011111111100111111111111110001011011100110011101111010111111011011110011110111111101111011011010111011111111101111111011111011001111110111111111011111010100001011011011100011011100001101011101110111011111101010011010001110001011110011111101110110111010000110001111101
110011111010111111010011001101111111101111101101101111110110100111110101101101111111101110110100101101110010111010101100010100011001111110111111001000111111011011001010101001111111011011111101101010101111111101111011011011110100111110111111010110111001001101111110011101101111010111111110110011001110111001010001101011101100110001001101011001110101111111001110110111111010111101101101001111010101011111111000110111010011100110010110011000101100111110111001011111100001111111000001
101101110100101110101110011111111011101001111110101110010101001111111001111011010111111001101111001100101011000110010011110111111011111111110011101111110111110110100111110110100000011111110111010111001100111010111111111111110001000101101101111011100011101111110001111111111000010111110111110111001101001010111001101110111111011110111111011000111101001101100111110111111011101111101111011011011101101111110101110110001111001011001011101011011100011110011111100011011111010111111111
101111011011011110000100101010101101001010010111001101111011110100110111000101001010110110111110011110101100011110011111011001011001101110110011110111011101001001110011111011110011101111001011010001110101111111111111010011101110110111011110001001111111111111000000001111111110000101111111110011011010111110011111000110110111101101111011111110111000111001101111101111110010110100010101000100110001111101010011111101011101111011111001011101111100110111000101011110111011111101111001
011101010000000101010100011010111101011000110111111111111111110010111111110001101110011111101101001111000100111011001100110100011111110110111111111110111111000111101111100101110011111111110111111001100011111111011111111010111011110000001111001110111101110101101111101110011000111111111001001101010100011110111110110111010010111011111101111100110111101011101110101111100110111101011011111101011110011111000111110011111100101110011111110111101101011010110110110111110111100101111110
110100011011110111101000011101001111110101010101000111011001010111010010111110111000011101110111010110110101110110101101011111111010110101111100011000010011111101101110111101111111010011111101011111010110100010010110111111010011001111011010101101011111111110111110110111101011001010111111010110010111101011111101111101111101111111000101001100000111111011010101101101110011101111001010000111110110111011011101111110111111011100111011000110110111011011101100111101101111111111011111
110111111111010011111001001111110101101111001011011001010111001101101000110110110011101101111101110001001011001011101100011000110011011111110111011101011111111110111111101000010111001101111101011101000111001100011101110100110111101011101011101111011111100011011110011110010110100111011111111011011111100001010111000110001111011001110111011101110110000010110111000011100100110111101111011101101111111000100000100101100000000011111111000001111000011001011111001111011101101111110001
111001001011101111111001100011011011101010111111111100011101011101011011101111011110111011100011101010111011011101111111001111111010101111111100100111110111011111011111110001110110011111100011010100110111000111001111101101101110100000101100111111110001010110011111110110101110101010111110011111101000110110111000111111111110110110111110110111101101010111110010111001100100111110111101110111111001111101101111101101110111011111000111111111101010011110011011100111111001011100101000
001111001110111011111000111100111111110011011110101001111101001011110000011011001010011011101001101100110011011111111000111000111101110001000011110101111001111110110101100101011001111010100110110111111010111101110001111001111011110011100011111111111001111100010111100101110101011101111011101011101111101011011101111101111011101111111000001001111001100111110010101000110011011010101111111101011010111101010101101110010101011011110110100101001110001110100100101011101100110011101101
010101101111111011111001111010110100101001101100101101111100111100001110011110010111101101001100111100110001101011010101110101110111001001000111100101111010011011110101111011010011100111111111011101101110011111111110101101011110100011100000001111101011111010011011110101011011001001111100010110111111100011010111011100110111011110100011001110111011000101001101111111001111010111101101111101010111000010010111101110011100101110001110001110110100110010111111011011001111011100110111
110101101100101110111110001111111001100011111110100110101110110110001111101110110011100000011000111111110011110001011000111101011110100110111001001111111101011100001100011010011100110101000000110011111101011010110100101110111101100110001011111001101101101100010011011110100110111111001111110010011101001111011001011101111100110100101110111101001110110011111011000110011010111011000110101011001000010111101100011101110110100111111011110101101111110101000001111111001110111011101000
101110011110110011110010101001110011011011000111111101001001101110110101001101110111011010000111000111010010101011000010010001110001010111101111101111111011001011010111010100011111101011001111011101110011111111001001100010011101011011101101111111011011001001100111010111101110110100110101110110101111101110010101101111011110111000100011101100011000101110001101011111111101111111110100111101011101100010010101111111110100100010000101110011101001101111100010111010010110111010011111
100011110101011011101101010101010100111111111110000100111001110100101000100111110110110110110101011101101000110101100000001000001011000010001000001011001111111110101111111101100111111100101101111100100110111100110001101011011111110110011011111111111100101100101111111111101100110111100011101000001111111110111100101011010001010101000001110111110110110011010101100100101011100100110001010011111111001111011011000111110001101110111111111001111110110001110101111011010111111110110111
110010011111001000111111111001100100101111010111101001001101011010111110100100111111101111111000010000100000101110111100100011100100111101000100110101011101111001001010101101101010000111111010100100111101011111001101111110011101111011011101011110100011111111110101000011110100001101000111101101111100011101101111100101110101110010111011111110100001011001000011111110111101001111111111101100111101101001110011111001011111101101100111101011010000111001111100001001101101110111001111
101110001001011111100010111101101101011000000111101000101111111011001110000010011010111011111110010111010110100010011001011111111010011110110011010100101110011110100101110100010101001111110101110111010010110111111111010111011011000101111111100111101101111111111101101011110110001111011000111011111111101011010010001100110110111111000101111011111110100110100100001111101110111001111101010000110101110101001111110111100101011110111111111110111101001101100101010010011101110101111111
011110010111101111010111100111101110011001111001011111111010011111111101100001000011110100101111010101101110100000011010111100011111110001101101111110001110011011110111111101100100110010111011001101111111011100111100111101101001111000001110001101111111011111101011011010110011100000111111111001111101011111111111110101000011111111101111011111111011111111111111011001011110101100101111001101010111010101010011011101010111111111011101111011101111111111000011010001111100001111100111
111111111100111110111111111001101011001011111110101100110111111110110110010111111101111011101001011111000101111101101111111000111111011111011110100111110111001101101101101011111111111111011011011010111011111111100101100101111010110111111100111101011001010001100000101011101111011011111011111010011111101111111000011111111111100011101000010011111100001111111111111101111010111111111101111111111111110111011010011001111011110110110010100101101001000111100111111001010010100111010011
101000111011101110101010011010101010000000111110111110110111011111100111100111100110001110011110001011110101010010110000010110000001100101001011111101110101001101110101111010101110111111101110100010000011000101111011111100010110101101101011111110101001111110001111111101101011000010110111110101001001111111111111110100011101001110111011010110011111101010110110111111101110001110011010111110100111101101011100001110011010111011001000110011111011111010101100010000111101101010111010
110111011011010111011111100011100100111101001001000010110101011011011110101110000111011011111110110100110011111111110111110000101111110100011010010100111111110001111000001110010010010110011100111111011011011101011000110101101010111100111011011010000101001111001010011001010110001111101001111111111111111110101101010111110011101100101100110100110001110110100010010111111111011101101010001101110111101100111000111000110101110011110111101001101101101011100100110011001011101000101110
111010111010010101101011111001111110100100001111001111101101110111110110001011011101011100001010110101110011000001011001010110111111011111001101111000111111011001101011111011101001101011111010000110001001010100110110110010000101111111001110100111111110111111111100101110111111111100111010110111101011110111100011110001001101000111111001000000110110100110011110110011111110111101111010001110100111101110011110010110010100001101111101111011001010111001111111110001111011010111111111
010010101100111111111111100111110001110111111101110101100111011111100101111110011101101011100100111101011110111111110100011100010111110011011000101101101111001101010000011101010111110111110000111011000110111011100101010111011011100111111111011101001111100010110110011011101011011011110111010110010110111001011101011111110000011010100111011111011110111011111001110100101101001110011100011111010110111101101110101001110111111101011000011001011111100011001110101010100001100010111110
011101111000010101011110011100010001101001111101001100010110101011101010011100111011110100011111000111101110000001101011101110001101101011000110101111001100110101101010011111111011110011011011001111110001111110111111111110100010111111101010111111101111101111010111011100110011111111110101011111111111111111100100011101010010101001110111110110111111010101011110101000111111001011000011000000101011101011110111101111011111010111001011001000101010101111101011011111110101011111111110
100011011111010111100111111001011111011011110000010111000111110101011111101100101111001011011111001000101011100111100111001111110111111111110100111110000100111111101001011111101110111010010111110110111110001101111010001101010011111101111110000011011111111110011101111101111101110111111100101101111110111100001100110111100110101110101011011111011101111111101011011101010111110100011111111111110111111111111110010011100100111111111011101011011100110111101110111011010101101111111111
101111100011011110010100110110111101110110111001011011111110111001111101010111111110000111001101100101011001010011111011100011110000110011000111111111100100001010010100100001111111111101001101111111110010101011101111111100010110111011011100110110010001001001011111111110001111111101111011100011010001101010110000111010101010111111011111111101111011001000011001101110100110111001101000011111011100010111110011100100001101100111000001010110100101000010010111000011111101011101110011
111100101110000100101000010100011111111110100111011101110100100101100111111111011010110001111010001010100110111100010111101001111101111011010110011111111101100000011010100111011110011101001010101101101111011111011111110111101101010100100110101110100001101111100110110110101110001101111110110110111111110110011110000110101011011011101010110001010000111011101101011110111100110011000110010110111111010111111011001111110110111101100111000100111111100011011100111111111110111110110110
101010011111001011000010111101101000111111111111110101110000100001100111111010001001010111111001111001101111110010000011111111110011110111101010011001101000001111110010000101011010100111110011010111111111111111011010101000000001000010110111010101100011100010111011011000101111101010110111110111111111111111101110101110000010110110110110100010111100011111101110011101111010011011110001010101001011110111111110111110101101110100111010111101110011010110010011000111011111111100011100
101101101011111111011111110111110011111010111111110100110110110011011111111001011100011111110111111110010010010101011110110111101111101011011100011000110111010011101111011101100111111111111111111111111111110011111111111011100111111001111011011010010111100110110010101010011101010111010101110111101011010010110101111111001101001001100100111111101011010110010100101111111011011011000101111110010010011100100111111111101111111101011011100010001101110101111011101111111111010110100111
111110101101101111111111111101011101110010111001011110011010010111101011001111101011110111111100101110011111011110111101001110001011001111001110101111011011011010000001101100111010010000011111011110101010100111110000110010010100010101010100101110111100110010111111101101111111110011101001101101011011100001111010110011011111000111100111100110110111111111011101111000111110011010011011111000100110011100011110111010101010111010001111111101010111011110110110011011101001001111110110
111101101111111011111011111111010110110101011001111000110101111111111001011101010010111110111011111111111111011000001011011110111101111100101101100111111111100101111111011110100011110000011011011111011011110111101111000011101111011101101001111001010111010101111110011101111001010101101011000110001111001011010101111101110101111001111110101011000110100011111111110011001011001110110011110011111111101010111111101111001111111110111100111000110100110100011010011011011011111110011110
111111110111011111110011001111010111011011111111000111110110111111111011110111011010100101111111100111010110110110111111000011011011110100111101011101111110101010011111010011111111101111100101000111100011000110101110101101110110010110101110101010101111110101110110111001001000011101111101111101110101110111111111110111011110010011011111111001100111001110101110111101011011011110011111100111001011011110100101111010011101000110111101111111111111111110101111011111111101111011111110
001110110111111001100111101110111110111101110010100011110010010010111100111100110011110111111010111111010111000001001110111010011000100011101111111011101111110100111111110110101110110100111110010011000111101111001101111111100111101101101111111001000110111101101101101011011100100110011011111110010011011011100111001111111101101000110101111010111011101110011111011010100001111001011011011100111110101111101011010111010101001001010110111010000111110111111010110110001011101011001110
000110010001001110001101111011011000101011001001110110111111111110010100001011110001110110111100011010101101101111101110111110011101011011000001101100111001001111011110101100101110101111110101111011010110111011101001100010011110110110011011110111010111111110011111001001111110011010001111100101001101001011110100011011110110111000111100011110010110111101011010110010100101011111001110000010110111101111011100010101101100110101011110110110110110001110110010111111001111110111000110
010111011111111111110101111111010101111011011110101011011111110001111111110100111110110111000111110111101111011101101101111100101000011110111110111101001111101100111111110101101100101110100011111101101110011111011111010111010011101110111111011101111110100111010101101110111100001010100111100010000010111110000111110001110111111110110101001101000111111001111100111111100110001011001010101010111110101111110011011110111111110011101001011000011011101100100000111001111111111010110101
010010011101100011000110110111111111011101111101101100101111110010010010111000011100101111111010111111100010111100101101001100001011110111101111100010111111111110000010101101110010110101101111110010110111110001111100110011011011101010001110101111111001111101110011111011011010010111101001110001101100010110101011111000111111010011110110110110101010111101111110001111011011111101011110001111111001011110101101110011011101001110001001111011110101100100111000011010111001011100011111
101101011011100000110101001010110011010111111110011101101100010111001010100111001010010111111111001001011111111100011110110001110011101011001011001001010011100111010100000111011100110011101100111001000110100111000100110101111011110111011111010011001010011011100001010101010111010011011111101111111101111110101100111010100110101101101111010001100011011101010001100111110110011010011101111000110100101010100100110111011101111111011101011110011111111011110110011001101100010111110111
011111101011111101011001011000110111011000110001001001011111010100001010101010101111101000101110111101110111010111110010110011101110110111100010001111111011110111110101010111101110111111010000011000111111111001001011111100110011101111101011011100110010111001100111111100011110001110001111111111111111011111111110111111010101111101111000111100111011110111100111010111001101110110100101110100001100101111110001111111010011110111111110011000001110110110010100101011111010111110001011
101011100000001110010111101110111011100111111011010100010101100111101011111100111111011101011011000101100011011101011111011000100110110110101001110111111001111110111111011011111111111111110111001110111011010110111110100011101110101110001101010011111010100110011001111011101111011011100000011111101111111111111111001001010001110001110011111100010101110111001111111111100001011111111011011011010111011101001111111100111111001011111111011110110101011111001110111111111011011101111111
101100111111001011111111111100110011110111101011010100010001111101111000010000000001111101011111111000100010111001100101100111101100011101101011111111011001111111101000111111011101110111110110001111110101010011010011011111111101111111010011110011101100111100100101110010001111111011111000111110110011011111101101110001011111000101111100000001010011111110101101101101110001011100011111111101111011101011111010011001111011101101101111111001011111011101101100110000000011111110011011
110010011111100011111101011111000100100111111101101110101100010100101100110011100101101110110010110101011111101100011100010101101011111001111100101101100111100100110111101110111011010111111001111101100111101011111001111101111111100010011011101111110100011111111010011101100111011011110000110101000110101000011101111111111111011011011111011000101110010001101011110111111111101100001101111101111101101011111100110010111111011110101111110110001101100111111110001011001111100101010011
