111110011111011110110111110101111110110111111100111101010111010111111100011111110101101100110011010111010111101101011100101111100001001101011110011110111101100100110011111111010101101101010111110101111000011011110110111111011010111011110111111110111111110110011101100010111111111111100110110001010101
101111101000010010101000111110110111010100010011101110110000111111111110100101100101001110111111011110110100100001100110110111111000010010101100111100111001101010111111110110011011101101111111100110111010100110001001110110001111111001111100100011001001101101111100101100010111110110111101011010110011
111001010110110001101010111010011110110100110111101111110000111111110001110111111101101110110101010100110110111010111110110111110011010011110100100110111101111100111111010111100011110011110111010110101000100110110111111111111010100011111001111010100101100001100000111111111010001011010101001010011011
011111010101111001111010110101110011101011101100011101101110111011001100111111010001011111111011111011011111101010011001100100101010100000010100100000101100101110100110111001011001100110101111110011111111001010001100100111100110100011001011011101001100111011111101111111111100110101111000110011010101
110010111011111100110110011101110101000111011110110011110001001110111001101010101101100001000110101011001011011110101111010101001111001010111111110011110010000010100111111111011011110111101111101010010111111011110001110111110010100010000010111111010100011111011111001011110101110101001111111000111001
011111011111110011101010111111100111010110111110110010101111101101111111001010010011100111011011110111111111011111110110101100111011101011101111111101111011111111110001011110000111101111010101111110110111000110111110100111101011101001101101111011101111101111110000111111100011101101110111100100010001
010001111011011111001001111001001111110011111010100101111010111110010110010010100110111111111011101001111111111101011001011110011110001010101111111110111101101111101010111111111110111010011101011101111111110010111101111100110111001111011101111011111111001101111101010111110111011100011101110001111110
111111110000001010101011110101101011010111101111011011100101011011000011011011101111100011101100111100101001111111000011111011111010101011011101111111001001100001111010101100001011001101110010111110101000110001010011000101111010101110011101101011111101111011111111111011111110101000111001110110111101
011111111000010111111100110111111100110010111111010111111110101111010111010101110000101100001101011111111111011111110111011011111111101100111110010111001011000001011101111110101111011101011001111111110111101101010111101001011101001111111110101011100011100000111011001111101000001100110010101101110001
101011111011010111110110001111000101001111111111001101100111111111111010101111111101111100101101010100110010001111111111110001111010110111110010100100100011000110101100101101011101010001110111000111011011111011100111111111101010101011111111111011111111111100101011111101001110011110110110011101011100
000110111101001110100011001100100001101010011110011111101111010111111010111011101111111101101011011111010110110110100111010111100010111000110101001011101101111010101111000011101111100111111000111110110011110001111011111000001010011111110110101010000011101110110101111010111111111011000100010011111011
111011001010010010111111001111111111011111111001111110001001110001100011100100110010111110110011101111000111101100011010110010011111110110110111111100111101011110101100111001111110011111110101100001001110111100111101111011101101110110110111111111100000101111101111111110011110010011011000000110101100
111100011010110101111100111111000111111111110111100011101111110110111110010001000110101111100111011001111110101100111011010111010101010010111111000101100101110111111101110101111100101111100111111111110111011111011111001110011101111001110111111111111001110100011011110001010101011010101111001111010101
111101001010101111010110010110001011001101010111101111111101101101101010111100111011011111101000110111111101110010101110101101110011011011111011000100101111101110101011111101011011001111011100010011000011111111011011101111111110110110011001110011110000100100110101111011111101101111011101000101001110
110111111111101101111111011101001110100101001001111011010111101101101101111101111000000000011001011001010100110000111100011011001111001111111111100111100101100000111101001001101011111110111111000101111010011011011100011111010011111100000011101111011101011001001110111011000101110110011101011111110110
010010111110100001111100111011111011100101111011111101001111111000110111111110011111010110111101101110101111101110111111011011110111110010110110110011111011011111111111111110111010110101011111101111111111101011011101101100101000110111011010110111000111010010110010011111110110100011100110111111111001
110111111011001000111111100001010101001111010011111011111110110111000110011000101011100011111011101111000010011111011011111100011010011100101001011010011111111100011001010111101110000011110011101000111001010001100101101111101011011110101111010111111110111101011001010111111111101101111101000100011111
100110011110001101111011100100111110111111111101111110010011101111110010111111101111111011111011011010111110011011111101011011110111100110110111110111101100101101101011000001000111111111011011100110111111001111011011111001101111011100111101111011111110010001110101111100100001001001110111100111111010
111110110010100111111001111111101111110000111111101110111111110101111011111111010111100101100111101010110010110011011111000111010010011011110111111111101010010010110110111111111111101011111011001110111011111001110001101101110110101011101111001111110110110110110110101010111111100111000011110111001110
001010100101001000110111011111111011011101111011001110110110110110000111110011110110011101101111100111111010111010100011100101111101101111101111101001011011010011110011111101111110101111011101100110111011010101111111010001111110011110100111101011110010101010111110101111110111011101100011111101011110
110111111000010101110001111100111001011101010110111111010010001000101111111011111110110001101000111010010100011101000011101111000010010100111011010011001010111011100101101101101101011111101111111111110111000111011101001000011001111100101010010101000101110001110010111111011110101011011011111101110011
111111100011110011101011111111011101100101101010010011100110111100101011101111000111111111101111110011011111111100111000010011000111001001000111111011111111010111111010010111111101011010101010110011101110111111011111110011101011111110011111111011110010111000111101111001111011111110111110111110100101
001111101100000101000101011000110101101111111101100001111110011111110100111100011111001101101000000110000110111110101011111100101111110010011110101111111010101111100001011001011000100101011110011110101111100111011101111000110010111001001101001011111111110011100100111111100101101000111010011000111110
010011100001101111110101110110111001101110101110111111010010010111110000011010111010011111011111110010100010110011101111000011111101000111101111011111110111000111101111011111011011100010011011111001110110110110111110111010111011001101010110111111101011001101011111001011111111110101100101011011110100
001011011101110110111111101100100101011011001001000000101110111111011001011001111111010100001110111100011111100101111101011101100110001110010111111110111010111001101111101110100110000110111101110101101001000101111100111111110010001100010111110101101001011000110110011011111101110110000111000110111111
010011110101110101011011111001111010101011111110101110100111001110111111101101001101110111000101100111101111001100101011111001000110001100111010100100110111110101010010010110111010011111111101011100000111111000110101111000011111111111100111110010100011111111111010011110111011010111110111010111101111
101011100110011111110001100010010111110010111100100010010010111111101001110101001111111101100111001111111110110111110011100111010101101001101101101001000110011110100011101101010111000101000101101111001111110010101111001101010011011111011101011101001000100111001101110111011010111100110110110111111111
111101010001111001101111100111101101101111100010110001101101111100101110100111001101001111101101101011111001010100100111101001100100111010111001111010111011010111011111111101101010111010011011110100111111111111111111101100111101011011111100011101110001000011001100110011000111010010110011111010110111
010110110101110101101111010111011011100001101111110101011100111111010110010101110110010111101101101111111100101001001101000011011101111011111111101011111010110101011111001100001000110011111010010101111101111011101001011101111010001011110101011010101010101011010111001010000010000110110111111011110100
111100011011011011110000101010010011101110010011011111010101110011010110010111111010101101110011001111001110010011111111011011111101111011110111011100111111110111011101110011010011000011111001011100110111011110011100011001110110011101111111110110110011101010111111111111110011101001110110110101111010
111111011010110011100010011111111100110111111110111000001101101110110110110001111111100111010011100111101111110000001111110100100111011111111011111111110110101111111010101011010011110001000011010101111111110111111110001010111001101000101101111111111110111011100110010010110010111100100111110111110010
111000110111110111111111101111011111011010111111110111111101110111001011111111101011010011111110011110101101101011110011111100111100100111100100011001101111101000111101101000101011110111001010101100110110111110101100011011111111110000111011111101111111001110110101111001101111111110111110101111111001
111010011111010010101111100111101010101111110110111111001110011001101111111110110101110111100100001001111110000111101111110110011011110111111101100111111010000001001101111111011011100101101000111000111111110111111010011111001011111111111011101010001110111100101111111101110011101101101111111111001110
111110100010110010110111001111000111101111010011110100111001101011111011000101100111111101111100011111101101000100111100011111011001001000000111011011110110011100110011100101111111011000111001111111010110001111101111110100010100100111101111011001111110101111010100111111010010011011001000011110111111
100111100011001111001100011111011111101011000001111111011001011111111011111111111010101011101101001111011011111010011111001111110001001110010110001101101111010010001110111101101101100011110010100101101011110101011010010100111101101110001011101011101110111110011111101101100111011001011010011101111100
010111110110010111010011011110011111111001011011001011101010101111101101101101011111101101101010010001111111011101111100110100110010010111101011110101010111100011100101111011001100101100101011111100011111100011101011101101111101000111111110111011101100110111111111101111111111000111100101111101110110
110000011001101011011011111011111111111111101011100110110010111010111110011101000101011111001100110001101000101101011010101010110001100101011100011100110111101111101111111110100010010111101101111011111011110111011011010111111100011110111110011101101100000011100111011111110111110101111110101100001011
101111001110001101011011000101101100010111111100110110111111110010111111110010111110110111101100110101101000111110100101101101101010011011110101111011001110111010110111111011011001100111110110001111110011001110110111101000110000000001111011001101010111011101111111101100111011111011101011111111000100
011010011110100001100001001110111100100011001011010101110010100000000011010101011110111110101100001000111111101010110110111111110111101001111010010100111110011111001111110101110010101001001001011010110101011011101011011101111111100110111110110110111111110011110000110011111011111101011011000101110011
110000100110011111111111100011001011111101101111011111100111111101111111111101011111101110011110101111011011111101101110101010110111011110001110111010101101101101010010010100100110011101111100111100111111111110111100001111011001111100101011100101111001010111111101110011111010010011111111111111111101
111111110001111011101111110000111101110111001110010001111110111111101110101110111010101111011111100011111111101111001101110110001011001000000110001111111110101111011111111110100001111011111111100111101001001111101110111010111100101010111101111110001110001111110110100111101010001110100111101110110101
100011101101111111000101011101011110111001010001101101111110111111110110000111111001111001101101111101000110101111111101110001101101010101101001100100111111000110101100110011101111100111101111011110011100110010100011110100110001110001110011110111011110101110100111000101111000101000001110101011100011
001111011010011000111101110111001111000011110111100001111111100100000111101100111111111110111111101111110011110101110111111011010010110010110110010110101111101010011011101011000110110011110111110111111001101011001111010110101110101111111111000111110100010100111111111011111101101101111011111100111001
000111110111111010101110111110111110111110100000111010110111000101110010000111101111110000111100001000110010010001111111111100011001101111010011101010011110011111110101100010100111100001111100101001010111000001101111100110111010111111101011011101111100111011111010100101111111111100011000011111101011
111101111001111111110011110101110110111111111100110010000010111011101010101101010110100101000100001011111101011101101001111111011101110011111101111110111101101111111000110111101110101111110110011100100111011001111110010110101111111111110110111111101001011111110111101010100111111111110100011101010100
110001101010011111100110100111101011111011001100111111111110110101101010111101110110011101111100000101100101111011101011110000011110010111011110010010111001010111101111110110111101010001110100110000101011111110010111010101101111111011101101110010100110011110100000111000111111000111101010011011111001
111101110111111010111011101110111000110101101111111011111100001111011010100010110111101000110110011101011110010111010010100110111101110000111110111110111110101110111011010111011111101111011101001110010111110001111001010111110111101001111101011010100111111111011101110010111111011111110110110111111110
110110011110001011111100111101101111011100011011111110101111000001000001111111100101011111000111110111001100110111010101011111011111010100110011101111101011000111010100010011110001111111111111101010101111111011001101000111001101111111101011111111110010111011010111100111010111101111010111101001110001
111010111111011110101111111000101101100101100111001101011110111111100111101111100110111111111001111010001110000110111111011111111111011101011101111001011010010110111111110101010110011101010100110110111011011001111101101100100100111010110101111011011100101110011101111110011111111110101111000111101011
111110010000101011110110011111110111100110101001110100101111111011101011101101101110011000110110110111111110100111101010010010110101011111111111110110001100010011111110010110111101110101011101111111011010010011001010101111011101001111000110100011010101111100100010110101111101001110100010010101011111
011101111010101000011101111011100111011110100011111001110011011001100110100111101111110100101011111000101010111101110011100110111001000111111000111010010111110101111000111110011100010111001111100111011010101110111000001101011111110011110100010011011000101011110100111111101001111011010111100100110111
110000101111110101001111101100101011001000111110100101111100110101111111011101111011100010100101001011110100100011000011111111101111001011110111111101011011001111101101001101110010111111011111111110111110111110100011110100110101111011000111011110010010100110111011101111001101101101101110111111001101
101000001110010010101011101111111100001100001011101011000101101101101111101010111001000011001110001111111110011010111110111011100101010010011001101101001111111010110100101111101111110101110111110101001111111101001111111001100110110111111101000111000110101001101101101010010011011010110001011111011010
101101101110010111011111010011100110100011101111011110110111001000111100111110110000101101101100110100101111111100101110011101110110000101001111111001111101010110001110110111010111101011111110100000101111111111011111111000110101110000010101111011111001100110101111001010101110110101011111001010101110
001101101001011111110111001011101000110011010001011010111110110111110010111010111111010111110101111011101101111011111110101111011110100111101011011011011010010011010101111101111011100111011111110100111101111111111001010001100001111100110111001010011111011111111111011110101110011100011010111100110111
110111011011110110100101101101111110101011001101110011111100011010000001001100011010110101111001111101111011011111010010111011011011111010011111111100111101000010001111011100110011111111111101101100011011111111011011111110001100101011001111110101111110001100101011110111111110111100110101111010100011
110101100100110001110111010111011000010101111101001011101001111101100010100011111110110011011011110101111110111101011010011101111101011000010110011101111111110100011111000111111111110010001110011111111000010000111010101101110001000111011110101011111110110101101111011101110101101011101111101000000010
001101111011111111111111011011011111100010100011111111111011011101010000110101110011001101111110010011011101101000001111110111000001111100101011100111011010111001110111100001111101001011111110011101111111001110111011010110011111011101011101110011111111101001110011011110000100011110011011010010101001
010011010101001111010011010011001110011011101111111011111000110011111111111010011110111011011101101111111110000100111111011111011100010110111101111111111100110111100110111111110111111011111111100100101101110011100000111101011111111010111110111011111110011111011111111010001111001000101010110011111110
011011011011111111111011110010100111101101111011001011111101100110001111110010011110100101011110101111011111101011110110110111111101011011011011111010011010111010110110011011001011011110010111111111110011011101011111111111010100000111111111111001011010111110001100011110000010010111110101101101111001
110111011101001110001101110101111111111000110011100101100111111100111001111110010001110110110011111101101101111011111101001010110011111010101110101111101011101010111110110110101100000110010101010111110111110101100011111111011011101101101001101000111101010001001001100000011010101101000110011110101101
100110101011101111001011110011111111101111111010101111011110010100001011111101011111110011110100111000111111110110110111011011011001001111111010101001101100011111111001011110011100000001111111101110010110111111010111111100101111101111101001011010001111110101111111011010010110100111111101011101011111
100000001000010111011001110011011111110101100011100110000011001100101100000101101100101101100111110110111010000011110011110111101001101110111111111110111111111001110001001110111111100111011111010100110101101100010101010011111111001101111011000011110111110111010111111010110011101111111101100111101101
110111101010000111011100100111010011011110000110011100000011010111101111011001001001101111111110011010101110010111001111001110001011010111101111110000111000101110011000111110110101110111101111101001101011111111111011110100111110111011010001101101011110111110001111010100111111110101010101011101001111
011110011101011011110011010001000011110011111111010001011110011001101111001111111100111001110110001100010111010001111111110111100011100010110101111001001111001111110111111101111111011110111001110111000110001111010100000010111101100111010110100111011110011011100011111100010101111100111100000110101101
111111011111011010110111011011111001000011111111111101100011001011011110101010101110011011110011110111111110100010111110100101101111111010110100111100011111001111001110110101110111111100111111110110011101011010001111010011101110011010011001111010101111011110100101111011111011111111111111111110111111
111111111110010111110001111000111111101010110111111111100100111110111101111010110001110101011110111011011110111111111100110001001011001101110001011111100111111111100110100011010101111110111011110010101111110001110110110111110001000110011100110111111110011110010111101111110111100000110000111110001111
111111010110111001011011111101011001001011110100110111010101110101101011000110111110110110110100110000011111111011111011111011110110100010110111001000000011011111011000011011011101011010111111100101111010111001111111111111011111011010110101001111011110101101110011011011101110000111111000111101111010
111010111011111011110010110110011011101011011110011001111101101110111011000011010110101111000000111010001110101001110011101111110111110011011100111011101110011011111001011111101011001101101111101111010011011101101111011110011111111111011111101111111010000100110001111111101001111110111010100101101111
101011000111111110101111010011111111011011011011110010111001110011001011101011011111011110111110101100010110010111011100011101101111111001111011111111101011000101111101001000101011101010111100011111101101011111011111110111110110111110110101111101111110011100011101110110000011110010010001110111000001
100101111101111001101110011011100101000111110111100110111111110001011101111110000101101010101011111101000101111101101101110110110111111111100101011011101101101101011010011111101101111101101111110111011100011101001111010000101111100011110101110010110000010001111101110000010111111101011111111011101101
110000110110111111011110011110001010111111111111111111101111011011010010101011100100110101110001000111101101111010001011101111001101010110111110100101010001011110100111001110111010001110100110001111011101001111101101111111011101100111111110001001101111000110001101110101010001111100111110111111100100
101111111110010011110010110010111111111111010111111001011100001111011110100101010111101100100101100101110011110100010101001110110001010111100010100110100101101011101100000110101110101010101100101111111111001101100000101011101111111111011101111110101001001010100110110111111011101101100010101111111010
010101011101101111111011110111110111111110110111110110100011011011101101100101011010111100000101010110010010010011000100110111011111111111101110110111111001111111000101000111111111000001010011011101011111011000100110001001111010111111011100000011111100101100110001111011111110101101101001111110011100
010001111111100011011101100111010110010011101101110111000110110010111111110101101111111100100100001011011000010011011101011111100111011011101111111110101111010111101101010101110111010101111111111101001111110110100011100111110111100110111000011111111110110101111010110111011110111110111101101111111100
111111101111101111100010011101101000110101011111101111101110001111011010111011111110111111011001110101000110101111110010111011101101010111010111100101011111101011101100111010111111001110011010011011011010110111111111100000001110010101001110000011010111110111101010101110000100011110110111111111111010
110101010011101101101100110111111001111100010100011111111101101010001101100111111010001101111111101111011011000001111111101110111100011111101011101100010101011000110111111000011000010101011101011011110001111101010011000101111111111110010111111110110110110010101111010111111101111101001111000111010010
110110011110111110101111111111001111000011101101111011111111101101101100111100000110011101111111001101101111111010001001000100101110100001111111110101101100111111010011111111110001011110100011111111111101111001110111110001110010010111111110010101101111101111101100011001100010111011001111111111111111
010000110101011110011010101101111010101101111110001111111111011000110111011001011110001110111011101111111111101111001101011101111110110010111101111000101100111100111011001011111011110010011111101001001111100110111001110101010110101100010011010111110111001111100111111101111001110101011100111101100101
111010011001110100001111010011111111010111101110101100101011001010110011000111011111110001111000010101110011101111001111111111111111110111111011011011111011110101111111111110110101101111110111111111111111101001110011100110101101011011001111100000111011111111111101100011011010011011011111100111010111
000001101110010110100011101111011111011111001110111101010111001101111100110110111110111001010111110010011010111110111101111101110011111101111101110110010011111101100101101001110001101111111111011110010100001111010010000000111010111011010110101111111111111101111101001001011111111011110110011100100010
111011111111111010010110100001011111101111111011010010100001011010101111001111000011011011011011111100110010111101011101111100100010000111110101111011011011011110111111111101010111101001110111110110101001101001011111011101111111010101100011110101010010111110110011101111111111110111101111000011111111
100100001110101110101111101101001101110011101111111011111111100011100100011101011011110001101001010101101111101011111010001111111010110110001011110111001111010001011101011111101001100010101111110111011111000000010111111100101100111011111010100000111110100011101101011011111100011011101011011010101111
111010111111011001001111101111100100111110011101110011101100001111110111100111010110110100111111001111011111111111011011100111100101101110111001011110111010111110101000110111010010011111110111110011110101101110111100010000001000011111111111001111111011101111110111110011111110100010111101110111110111
101010111011011101101111111111001110100001010111010010111111101001110110001111111110111110111101011011111000111001100111111010110001110111000001011111101110101010001101111011011011001111111111111111110110111001010111100111111010010101111000111111000001001101111101010100111111111010111111101101111001
001100011111111001110111011011000101010110111111101100110001000111001100110110100101010110111001000011100010010000110011011100111111011111011101111001111000110100111010110101011101111010101111111011111111100100101111010011011011011011011011111001111111100001010001111101111111101001111101101000101111
111111111111011111011101111111011111111001111100101111011011111001001111100010101001111011110111111110111001110101111011001111001001111001111111101011101110001111000111100010101010011011111010101111111000011110110001101010111001101111111001100101111111110111110011111011001011001001011011110101111111
010111111001101110011101110011111110100100010010111110101111011011110111111110111010111111110010110101111111101001111100100111111010011011110011111100110000110011111011110111100101111111001110011100111101111110011001101000101101111101101011011001011111111011111100110111100101111010111111110111100111
011111101100101011011011010000010111111110110101100011111000110111110110101110011111011000111011110000010010111111010101011100110110011001111101101110100110011011011100010111011111001111111111111011111101111101100101011101111111000100111000111111110111011001001101101111110110101101011111110111111101
111111001001101011011001101101001111110001100100100101111110111101111111011101100011010101011100110111111111111011110010101011010111101010011110110101110110001011011111011001101110011111101100110110011110010010011111101101101110111111001101000111111111010001111011101101101101111101110000010100111101
111111110101111101111101111110011110111000111100111001010011100110001011110001100100111010100101111101100111101101010011101111100010101110101100100111111000100110000111111111011100000101111010111111010111000111110110001111001101110111101011011001001111100010111011011011110110110011001111100010001101
000111111110101111111110010011111011010000000011011111001111101011101100001101111011001110111101101110011110111001010110111110001011101111100011101111111000111111111011110111011110111001101011110111110111000110111011110010101111111000110101110011010110100111111101100101010111111101101101111100110111
101110011011101011011011101111101111110101011011111111110110110101011111011101101010000111100100111010110000011111111111100111001001011001100110111110011110011101001111111111010011011011111111111010111111011111010111010001010010101010101001101001011101110010111010011111111111101010111111100111101000
011000001111010101111001100101101110110111111111010011101011010011111111111111010111010110101010100110001111010110101010010011011110111111011000110111111011110111000111001111111110111100010110110001010011011110110110101101111111111111100111010110111101111011111111010011100110010110100100011011101111
111000111110011111111010101111100011110111101111111111011111110111110110110110111110101001100001111001110100111101111111110011000100100101110111110001101110000111011010101111110111001010011110101110001111110101110111110101111111110101011110011010001111111111011000111110111101111100110011001101111110
001100110110000110101001001001010110101110110101011000001101000011111001010011111011111111111110111111011011111101111101101110110001011101110000010110010100111110111111100110110000111110111010110111101111001011101011101001110111101101001011010111101110011011001011011110011110110011010011111001001000
111011001111111111111010100110111111110101110100110100111100110110001011000101011101010111001111111111010011001000000011101101001110011110000111111010100101111000111110111011100011000100111101101111110100110011100001010111100001111001111100101101011111101110111001010010000100111011101001010101101101
010111101110011001111011111010111001100110011111111101111010011101111111101101111111011101010011100110010101110011111011010111111111101010111001000111110000111110110010111100000110001101001111101110111000010100110001101000101111100011011011011101101111000111000010011111101101111110111111111110010100
101101001100101011110011100001111111111111111011110110110100111111011111101111111111101011101011111101111110111110000111110110111011010111101110111111101110101110011110101001111011111100111110111110100001111110111110110111010011011011111111000110110101000111111111111000010110001101010110010000110111
110101010111001000110010010001111000101111110101111111111110111111110001111000101111111111111111010011111111110101100011110000101011001101000000101111001111111011000010100110100101111111111001110100110101110111111111100011110011011111111111101010110111110110011101111110111110010001001100011111100000
