1010101011100111011111011101101101001110011010111010000101111011111001000110111101101110001011101011100101001001111111010000011110111110011011001111001101111101110001001101110110000111111111001100001010111100010111010011
0110111100101101010010101101101000110101011101110001111100111111111101111111110111010110011010101110110111111011111001011111011001001010101011011011101101011011011011101010100111011011000001010101010000111110101011111011
1111111111111010101010101111101101110111100110001101110110101110011001011001000111000001011110001101101010111110111101101111111011001000000110111011101101111110010111001101010000111111001011101110011111110010001111101101
1111101111111111001100001110111011101110011101010110111011111010101001011011110011101111111011010011110100001111110101110011110010000111011111100001011101111000110111011011101101100011100100111101011011101111101111110111
1111011111000111010101011110111101010101111111110111111100011111100110000111011111011101001100010010010111100111011101111100000110110110001001011100111101100101111101000011111101111011111111000111111111111011110101011000
1111001110010001110111101111011111111011100110001111100000111101100100101101111011110000110110101111110100111100110010010111011111011110110000110100010101010101001101001001011111101001111110010100110010110001111001110111
0110011000111010110001110100010110001100100111110111111101001101111001110010000101111110111101111101110111001101110111000101010010101101001110010111110111111011011100110111111011111110001100011111011111110101101110111110
0101010101100111001100010011111110110110101111000011001110110101010010111011110101110101010100111100101111000111110101111011111011011011100110101111111011000101111110111101101110111101101111110100110011111011101001001010
1000101101110110110101011101110001111100001111101001111010101011100101000011001101010111111010110110010100101100101101011110110001101001101110101100101000011111111101100101001010111011111110010101010111110100110111011111
1101011010111100101011011011101111111111011110110110011110001011011001111101100101011111001011101110101111011110111001110110011101010101010111111111111010011011111110101011111011101010011111111110111010011111011101101111
1001010110000101011111011101111011101110001101011000101101101111111011011011111101111100011111111110010011000101010010100101110011011110011111111101100011111101100011111101011101011111011101001010011111001101111111011101
1001100111110101100101101101001001110101111010111111110111001101011101011000100100101010110110000111011001011101101111010011011111111101011111001001010101111111111111111011111010101011100000111001011111011000000001100111
1110011000010001011010010001111110101011111010100011111111001111111010010010111011000110001111101111111110001001011101011011111110111011111111010001111101111011101100110110011001100100010101111000111011001100101000001101
0010111111101001011111101000111011011011110001000101011110110110111001111111101011010110101111011110111011111110111111111011011101110011111000100111111111110001111101010011101111011101111111011011101110101111011111111000
1101110101011100100111011100101001010101101100111110110100011111011000100111011101011011100110110011011011001001101110111010011111111111111000101110101101100110110111110011100001011111110111101101111101101100111001111010
0101001011000010010110011110111111011110011100110001101111010110001111101111011001010010010111111100111101011110111100010111001010011001111110101111101000010101011100110100101011111111111011010111101111111100111001011011
1111100111111111111111110111101111000111111011101101110000100001111101101100010011001010111111110011100001000110011011111100111000111010111111011111101000101111110100001011100101101110011111101010010100101111110111110011
1001011100011111110111111111110011101110110011111101101111110101011100100111111111111001011101111111100111111011001001110110010110111001101111101011111110101010100111101111110110001010111000111000111111101011011010110111
0110110110110111111000111100111111111101011111011010000111111011101101011101111110001011110110110111010011110110110010111111011110101110111011111110001111011011111111001111110101010100011101011110111110100001010111111111
0110101010011011110011111001000111101111010111100001111111111001111000011100011110101101111011111100111111101110110011101111101111111101111011011100011001011001011011011010011110011101011110111111010011110100101101111101
0111111111011000010110111010011000010111111101111111011111110000101111100011110111111110111001011111111011100110010011010110111111111010010100111011001011011111011111110111101010011100110110110111110110110001101010001010
0001101111100000111111111111010111011001111011100111110010111010010001010000100001011100111101101111011101001111110101011000010101111100011101010011111101000011010111001011001100111100111111110111110010111011101000110111
1110111101111101110111110110110101101111100101011001111110101011000011101111011001000111100110001011011111011000100001111111110011111101011000111110111111011001010111111011111101111101111111001100110011001001111111111111
1001001101111101111000001110101111011101010110011111100010111111011100101101001111001100111100001100001101111101110100110000010011011011010101011110110001111101110001101101011111011011111111011110001011010011011111111100
0100111111001011000110110011110011010110111111111001001101111101111101001101111101111011111111101010010100111111011100010111101001111101100100000111101110111011100110011100111011001100011110011000111110111111110101001111
1111100101011110011110010111101011000010000011001111101010011100011111000011101110001111110011111100011111101111011101011001010110000111011100101111000110111110100110010111111000100001101111011100110110110001100001111111
0001111111111110101011110111110011010001111110111100011110111101100011101110001110011111111110010101111011110001110111010111010011000111110011011101100101111011011100110110111000111100111101111001111010010110011101100010
1110010111010110011011001111111000010111010001111110011101100000011101011100011100001001010011111101111111011100111010100010001011100110110010011110111111001111101010111001111110111000110001011001101111111001101110011010
1101110010111110011001110111001010011110111111101001010110111111111010101000001011011111000111101100001110111100110010111001101010001111111001011011100000100010001111101100101111011111110110000001101111011110101101011110
0110101110010110110011101010111101101011010111010011111111001110000111111011101101100111111111011010111110011010101010010100111101101110011011111010011001101111011111101110111111111111101010110011111011010111111010100111
1110010010011111011110011111100111111101011111011011011101111010110010111110111111111110010110001001110110110111111111010011110111101101111111100111111111111101011001101010011100010111101010111011001100110111111011110101
1110000111101110110001011111011110011101011111011111010101110011110111011010111010011011101111101111111111100111010110101100110001110001111001110011001101101111111011111111111101100011001100111111101100110101011001110101
1100111111111110010111111100111111110101010111011110111001011101110101101001110100101111110110000101000111011011010111110111011100100010111110010111101110111100011101101001010001101011111011100010101111101111100110010011
1001101110101101111011111110010101110011101011000111010101101000111000110011111100001110111000101100110000111101101110111010101010010011011110001011111110000111011101111111011100000011101111101110101011111110110001010101
0100101111100000111000011111110010101101000110101101111101010111010101111011111110110110011011110000011111101100000101111111011100111110010101110100000111011011100010110010110011100111111010111011011110100111111010100101
1111001101101011110110011110010110110111111110010110111000111111001111111111000111111111011110011110111111111111111111011110111101011110110110111110001101111000011000110100111111000011111001111111110011001000100111111110
1011110000101011110111011110011101111011111001011111101101011001110101111010111100101100010000011111111111011010111111010111001110011111111011110001111010011111110100000010101011100111100100011111101001101100111101110101
0101101000111111011110100111101011100010101111001101001111100111100011010011101111101011010011110110111011101100001011110011111010010111001010110100111010011000011110001010000011111101111000111111110111111000101111101001
0111111111110101111111110111101111111011011110100111001111010001001011101100010101100100110000111101100101111101010111011001110001110011011011011111011111011010010111111111111110111100011111110011100111110110001000011010
1111111100111011011110111100011111101110011111001101001111111101110101111101111111111110000101111000001000010101110110100011101100011110111100111101111001111111100010101011111100111111111111011110111100101111110001101111
1000110110110101011111110111110100111101111110111100101010111110110111011111011110110110100011011111011110000011011111010011110001101010110111111101100001101100010010110010110100000111101111101011110111111111110111111111
0111011111110101100111011011111101110001111111111011010101001110111000101110111011100100011111111111000111010111100111011111111001111111000101000110001110101111110000010110011111111111111000101011111101101111001110101011
0001111111100101111011111111111011111110100111111000011010000111101111101111110011111101111111100101011110111011101101111101111010110001111111011001101111111011110000111100001111010100011111011111000110011100111101011111
0110000101101110110011111111011111100001111101101011001001101111100011110110111110111101011101111111111011001010111101111111111111110111000000010100111111101011111010011011101011001111001100111001011111110110101111111010
1010100011000111111010101110010001111100011001111011111011011001101011010011101001000111100101100011000100010001111011111011111100101101001011100101110110110101111010111111111111110011010010010111100010011110011101101011
1101110001111101111111100011011111100000101101110100100011111001000110010001010011111111001111010100101110111101110110100001110001110111110110111111011111111011111111011010101111101110000001110001010010000110010011001010
1111001100011111111111011101101100110101011011011110111111111110011000110110111100111110011101000011111111001111111011111111001110111001011100010100010110100011011110011111011111101101100101011111100100111100011110000111
1110111010100101111011101010111101011110100110010111001101011110111101111111111111101011011100110101110000100111110100001100101011101001101111111110101000010001101101101000101101101100111110101100111111000011110101101111
1111111101111011110110010110001111110111011101101001001101101110111011101111101000011111111010000111110010100111110011111111110011001111101111111111100110110111100011000110010101110011101001001011011101000010110111111011
0101011110101111110011111100100000010111111100010011010011111110010000101010101011111110101100111011001000100111110111011110011011011101110011100111010000111111111101010101001100011000011111111001111110001111011000111011
1110110110111110011110011111110001110010011011111110101111011110111110111010111110111110100111101011111111011101101011000111000101000111101101011110110110001100110110111111110010111111111011100011101110011111001110111111
0110110001100111111110100110011101100110101101001110101110001101001111110111000001111111010110101110110001010001111011110101010001110011110101011010011001001111100011111010010100011001110111111110111111111100010110101011
0111111111001111111110110111111011010110100111110001010111001111111101111101110011001011001111111011111111100111011001010110011100100011111101110110111100111011010101111110111011110001111101010011011101011010010111101101
1000100111011111010111000111111101000101110011100110010100010011001111101111111101000111011101110110001100111110011111110111111110101010111011111011000101101111111011110110001111010110011100010111011010101111011100001001
0111101111101011100001111101100011101101110110010001111100101111101110110010111101011101101000110111011011010111110010001011011111011110010010111111001110010110101111111111110110111111101110111110111101101101110111011011
1001101111111111111101010111111001011010111001110111010111101101101111001111100111111010101110111111011111110111111001100111111001101111100110111010100010100111100011011110111110101010111111111110011001111000001111100010
1101110110111111001011100011111111010100101010111011011100110000110111011101010011100000111011111101110011110111111111001011111110001111111111110111011111111110111100111110001111011000111111110111111001111100011100011010
1111001110011101011111001001011000010011111001110101110111011011101000101001101001100001111100010110111011110011101111110101011001010010111101101111011101100001111110111000011101001100101101001011111010011101010110011110
1110111011111111101111010110111100111011101110011110000111101101000111010000010101111100111110011011110110110010001100011101011111101110110101011000111101010111111111110100010111101001010111110100011110111111000011111111
1111101011110101101001111100010110111110110110100101010111111101110100111111011001010000101011011111001000111110111111100101101010011101000010010110011110001100111010000100110100100111001011100110111111110111001001111011
1011011100111110010001011111111110101011011111100110111001110011111110111011000100010111001100100010101110111000111111111101111101111011011001101110101011110011101111111011011110000110111011011010011011010101111011101101
0101101010110001110101011111110011101010101100111001111011100011011101111111101101111101110110101110000100011110001011101000100111001100100111101100111101111010011111110110111111110110111110101010000010110011011111101001
1110111101111101010111100011011101101111100010100011100110111111101011001101111010111111101111111011110001111111101111011111011111110011001101010000111101110011101100111110101101001011001110100010101111000011100101001011
1111111111010010110110100111111111111101101101000001111101001111100001100111111010001111110111010111111111000111111011111110111011111101101110101000111111100010001011101100111001111010101111110101111101111011001111100011
1001111010111011011110011100010000011110111011100111101100110100111111111100111110111100000111110111100111011110111011110011101110101111100111111101101110011011111101111111111111011110111011011011001100111000111111110010
0111111111110001101000111110111100110111011111011100111011011101001010110011111011010101110111011111111101101011000011011011110110110111001111010111110101110110011111100110001111000011010101111111011100111111100001001100
1010101111111011000101101111010100101001101100110111101010100111011011010011101101010011001110110111111011111011000010111111101101011101111101101110001011110100101111101000011000111001001101011111111101001110111011000001
1010010010111110011111011001011110111001110010110111010000110111101111110101001011011111111111110101110110001001110011011111110101101001110110100110111110100110011110110101001111010111110101011101001111101010111001011111
1010010001111100110110001011101010111110110001100100100001111111111011010010110111011111001110011100110110110111111111101111111001110010010010101111101001010010100111010101110111010111110111001011111111001100001110111011
1100110101011001111100001111110000000111111011110010110111101101110000011110001110011111101101101111011001111000111110111011011011100101001111111101001111110001100000111111001110011111010111001110111011110111001011101011
0111111111111001000000110111001110101010010111001010001100111011110101111111100001001111101100011011111010010111001010110101101111111100111111001110010010110100010111100110101111111011001111111111101110101011001110110000
0101101110111111011011111111011101110101010001101101011011101101111111100101010010011111101010011010100111001011111111101101101110000111110111011101111000110111111000011110000111111000111100111111100001111111110010111101
0010011101110010110001111111100111111100010100101111110001101100100111110100111010010111110000000110101101110010011001110111001110111100010001101111011000011110010101111111101101001011011111111100111100111100110110011110
1110111010110111101110111110111111011100111110111111111101001111001111111110011101110011001011001101011101101101010111010110110101110110111101011001100110111011111110101110001000110100001111011111111101111111000010100110
1000001011111011111101011101101111111010110000101011101011110111111011010111101111011110111110100110011111011101100001111010110100000111100111110010111001111101110010011101101000111111110101110111101100111111110111110010
1100001011000111100111001111101110111110110100111111100101101100101111100011000101011100001000101100010100111110110101011010111101110111110111110001110111110111110100110100110101111011101000000001111111001101111010101100
1111010100101111010001001111101000001111100111111111111011110100111111011110101101011101111011000011101101010111110011100111000111110011101011010000110100111111110000101110001111111111111111110010110011010111011111110111
1111011111110010111011001110111110100001000011111100111111011111111010101111111111001001010010110011110111011111101011111001111000111110011101101111100111110010100110110110101011110001100110111101010000111001101011110100
0110011111001001001111111110001111110101010010011110011110111001100111011111101001110100110001011001111011010111111000010011101111000011011111111110111001100001111101111011010111110010111111010111100111111001111010110110
0101000010111001111010111101011110100011000110100111110110110111100101010000111110111110111001001111111101110100111011110111101101101111001011100111101110001101101110001001011100110111001101111111011111111110011111010111
0110110011111111001101010010101011110111100001010101000100000000111111101111111001011101011100110111111110101101011111101101011110010101101110101110111101111101111011001101111111011011010011100011111000101111110101101011
1111110011100111101110110010011111001100111011110010111010110110010100101111111110111101011111010011110101111100101111101110111001000111001111011100010111011101011110101011110010101110110111111010011000010000110011110101
0001011101111100101110111011101110111110100110100101111111011111011111110111100110111100110110100101110110001111010111110111100111100001011111001110111110011001111111111110011111000011001011111101011101101101101111110011
1111111111100111010100001111011101000111100001111011011011000011010111110110110101000110101110011110111001111010111111111011111110111110001111101010111010110111110101111111000111001110001110111110111111101101110010100110
1101101111010111010110110101111110101011111110100101101111110011110001010101110010111011110101111000001001111101111110010101100110111110101111101010111010000101000011111001110011110011011001111111111101001110011111010000
1100111100010001101110111101101001100101101001111111111110110000101001101101111111111111111001111100101101001001110011101111010111110101011000101000100011110101111101001001111110010110111111001011111110110111111111100011
1011000110001110111110111110111111101011001101111010111110111011101111011111111111111001111111110100010000101001110111101010101100011011111010110101000011100101000111111101100100110111110010110111010011111100010101100101
1011101011111110101001001101111000111110001010000110101111011011100011011000011010111110100110111110110011101110101111111111001100111111111000101100101100111111101111101111001000001110011010111101101001101000100001001111
1001001011001011000111110100110110011110111111001111111110101110011010110111100011101011111111111000011111001111111111011110111100100111110011101110101001111111111111001011111111110101010110110100111111101001101111101010
1101111100111110101111111111011101110111110101100011011110100111011100111011111001101000101011111011000011111011011111100010111001110111101111100011110010110111011100010011011011101111010101011111111001111110111111011110
1110001111110101101110100011101100100111110110110110110111110111100011111010001101001111110111101010110100100100111011000101111111101101111101111110111111100101000111011011011101111111101110110010011010011110111110110111
1111101101101111111101000011101111110110101100010100010111001001101101101000110110111000010111100101110001010101110011100111001111110111011111001101110110011110101011101000011011011110110011101001000100100111110111101001
1111111111101110110111110111110001110010101101111011111111100001110000101111111101001101110010000011011111010101100110000110110111111101011111001110110101100101111010111000010111111001011111001011100000111000010110110011
1100110001111011101001010011010100001101101100111111101000101001001001011011110010111101011100011101111111010110010101101111001101110111111100011101110111001111010111111001000101101100110101111010011001111011111110010010
0101011100101100111000111111001101111101110011111011110101000111011110001010110101111111101111101001110011100011100111100100011100110111010000110010011111111010111011010110100101100010001000111111101011111011101010011111
0111111111011000100110010010011001001111111111111110111111110110111101011101111000011101101001110111110001110000011010111110001100010000011010010001110010101111011110110010101101101011111010101101101111110100111001111101
1110111111110111011101000110111010110001101011011101110001001110111101100011100111111110111011100101011110101111111101011111011011010101101111101101111110111000110101011100101111111110011111000010011110011101011111111000
0100111010100011111100110101000111101011010101110100111001110011111111000110101100100110011010111000000111010011111011010001111001011011011110111111111111101101111101111111100011111010010101000010001110011111111101100010
0101111100111111100100011011111100011110001011110001111111001110110011101110110110101110110110101101000000100101111010110111011111101100010010110111101111000001111111111111101011000110100001110111010101101111101111011111
0110101001101111001111011110101111101110011101011111110111010101011101111110101101000111110110011101110000100111011110101110111101100111111100111001000111101010100011101100111101110001101101101001011011111110111111101111
