0101111111101011101011010111011011100101110010001111111010101010001111101111111000101010001111011100
1011011011111111101110011111110110111001111101110101111001001111101000010100101110110111000011111111
0011011101111111111011010010101011110011101111111000010101010101011110110010000110001011101000101111
0110110110111101011111110010011111100110111111111000101101110110100111001111010001011010101100001100
0000111111000111011111010100111100100011101111011100111110011011011101111111011101111110101101011101
0101100011111110110000001110011011010111011111011111110101110001000011101111011001001111100011001011
0011011111011111110110111100111110100011011101110110101110010110011111111011110110010100110110111111
0110011011100011011100111111110101110111110111111111011011001100100101111000101111110100011110101110
1111111001110111000111110111111111010011000101100110111101011110111110010001100110111000011011000001
0101110110011111101011100111111101111001101011011101011010111001001111000101011111001011011101011011
0100110111100111111010101111111100011111110001101011011111110000110101100011111110101111111011111111
0110111001111000111101110101011111001110111110100100110010011111111011110001011001110010111100101111
0111110101101011110011011011111111111001111101111101010011111110100010110001001100001111111110110110
0111110011011110011010110110111101000110011111111011111110000001111111011111110000111011111110101111
1010110100101010111010000111000111011111001111111101000010111111111101011110101100110100111011110011
0101011111111111111011011111000010110101101111011101010111011001111111100100110111011101111110101000
1011110010001000010110011011111111111110011111000011100111111100111100010111001111111100111101010101
0011010111101100111011111011110100011011010100111110111001111110111100111111100111100111111001011100
1111101111110111110110111111111100100111000011001101010010101111100110001010011111001011110101100111
1011110011110111111101011111101111010011100001101111101111111110010110101001110011100101101001101010
1101001011100011101010110001111101111001111111111110110101010010111111000111100011100011110011101000
1011111111100111011011110101001111100111011110111011110010101111011110111011011101101011010101110011
1101101110110110101011110001010101101011111111100101111100011110010100001011110001101111011101101111
1011111101111100011111101000111001010110100111011111010011000111111100101110001111111010011011101111
1011001101100101110101000001111101011101111110111011011010011101101001001101101011110101011110111111
1001110111110110110111101101111000110110011110111110011111000111110110110011111101000111100110011111
0110001010111011000111110110010011111110100001010110110111000111111011101010011001101011011011011011
0101001101111101110001011100101010011111111111110011001110111011111111101111100111111011101011000110
1111111101111011101010101111111011101001111100001001100010100111010001110111101010010110111101111101
0111111100111111111011001111110101111010111010111101011111101101110111101001100111110011110101000100
1101011001101001111110111111111110111010011111011010111100111011101010110010111011111110010110011110
0111111110111011111100111101111111101011001100111111011011101011011001101001101101100110101101111110
0101011111001111111010110110011110111110111011000101111110011010001110110111110111010001100101111011
1111011110011111100111011110111011111111111001010001010100000000100111111010110001101011011111011110
1111010011001001110110110100100101111100010101111101111111100111111100110100111010101111011101010111
1000000111110101110011100111110010111010010010101011111101110100011100111101111001010101010111110111
0111110001110011011101100101011111011111110111101011110101110111110011010000010111111011010111011011
1111111111101001110000010111101111000111111011101011111001011100011111101001000011101100111001110011
0111110001110100110011101011010101001101010111101110111111110000101000110111101111100100011101111111
1011000111110100001110111110010111110001101111001000101111111001110101110111111011100001111100101011
1010000111111001111101110010000011100100101110111101100111100111110110100011111110100111101011110110
0011111111110011111011001011110101011010110011101011101111011010011010101100010111010110100111001110
0001100111111101110001000110110110110011010000000100111011111111111111101111101011101110011011000110
1011101100101111100110011101101101011111111100000111111111110001010101101111001111110111011011110111
1101000101101000111110111100110111010100000111100010111111001001001110101101011111110101111010011111
1000110001111111101001110100101001101100011110011111100101111111111101110111111010000111101001111110
0110011101101010111101111011001110110101100110011011101000111001111011101011011001011111101100011011
1111001110111100101011011010011111111001001100101100001111000111011101110111110011111010101001011111
1110010111110101110010011111110000101011111101111101111111000011101110100011101101111111110001011101
1111110011001010011100011100100100001111010010111010111010110110111101101101111100001111110011011011
0011110101111110110011011111001110101111111111001001100011100011111101011100111111001111011011101010
1111011101110111101010100110011011010100111111111000101101111110100111101101101110101000111111011011
0110001011111000101110110111010001110010011100101011111111110111011110111110110011110111101111111011
0111000111111011111011011011111011101011110100011010110110101111010011111101001010000110011011111010
1011101110011001011110100100110001101000110111011001011011011110111100110001111011001001101111111001
0110111000001111010111011110011001001011011001101110101110110010000111011100111011111110010110101110
1111110110101101100110001010110011110110001110101111111100010010010110011110110011001010111100011111
1101110111101010100101110111010101111011111101111001111100100011001101101011110111111011111110100010
0110110111111101101011101001101110110100101011101111110011111111101110011110111100000000111011011111
1011101111010111011111111000001101011110011001010100010011111100111010111100100100011011110111100101
0011110010110101110111101110111110011111111110111000110110000001001101010111110111100001101001000101
1101000000111011101011111111010110110000000010111111110101001111111110010001111101001111110110111110
0101100111101101000111000010101111111111111011110101011110111111110111011010111101111001001111010110
1110110010111111111011111101010111011100110010110100010110111111101111101111110010010100000011110111
0110001100011111001100011110011001110111110010110111011001111101111010111110111001110011110110111111
0011010000011101111011101011011011101110010101111000110100001101111011111110110010100111010110101111
1101010110111011011001100010111011101101110110000011110111110111111011110111010101011111011111101101
0100110010100110011001011001111111111001001111011111010101111010111111001011010110100011011111010111
0111110001100001001111010101010111011111001100111110101111010110100100010101100110111010110111110110
1010100001100100010010111111101111101111111111011101111101111101101101010111101100000001101101000001
0100110111001110111001001011111111011101101111111110100111001011010101110111111100111001101100010111
1101101001110111111110010101111111111101001110111001111011010111101110101010001111110101111001011111
1100111100101110111011101101010010011100111001111111101110001111110110111101111011011001100011010100
1001011101101011000011111111011111110100011011100011110001110010001011001110111110101011101010110010
0110101110101000111110111101111011101000110111111111110011111010110111100111110100100011111110110101
1011111110100100010111011111001110011001110100110111111111011001110110111111011100011101110001111111
1110111001011011111011010101110000101100001100101001011100100111111111111111010111111101111111110111
1000001111111100110000011110111101010100110111110110101001100111101110001100110011011111001111101101
1101011010111111010110110011100101111110111111010011001011100111011111101101111110111101110011101011
0111111111011111100110100000101110010111011011001011000010111111111111111111001111110111011110111001
1100011100010000111101001110101110111101111011010001011111111011100101111011101111111110011111111110
1111111110011101110111011000011111111110100100110011111000111010100110010110010010011011111010001001
1011101111100111110001111010100011100101101100001111110111000010001100111111010101010110111111011101
1101011111111111011010011001011111101101111011111101001110000101011101101101111110110101101011111100
1110011101111100000111100111010011111111110110110110001101111011100111011101101100111010101111110110
1111011101110011001110101011011011011011100101011101000001101011011011001011101010110011111011111101
1101011110011001101100111100010010110111000001001111001101111100101111111111111111111101010110111101
1111111010111111111010011110110101101001111000000011110101101111111101110101110111110111001011001101
1101111110011000110011111111000100011100111100111011111011110101011100111111011011100101001010000011
0111001110011110011101111111100100010101011010110000111110111111111101111110110001111110010100100110
1111101010011111000111101111111001101101101111100100000001001101111101111100001110100111111111110100
1110110001110001100101101011010011111111111111111001010111110111010111001011101001100110111011101111
1101001011101011010011111100111111110001101111111111010000110001101101110111111110001000111110110011
1011101100011101111100001100100111011010101111111111110110111101000101100110101110101111101001110111
1111010110110111111000101110101111101111100100111111010011100111101110111000011001100111101101111011
1101110001111100111110110101111111111011101110001011011000001111100011110001010111101010001100111111
1001110100101111010111111001101010101011111011110100111101111111100101101001101111001011011101010101
0111110011111100100110000111111111100111111011111101110110011010010101110011000001110111101101110011
1000011011011100101001100101111111100011111010000010111111110111111100001111101110010010110101101011
1101111000010110110100011111111011110111100110101111111111000110101111100011111111100011111001111111
