10011110011101111100011111111001100011101111101001110111001111001100111011010101010111011100111011101111111100000101011110111101111110000001101011110001111111111010101011111111111011111111100001111111010110000111001011001110010000111011011001011001111001101000010111101100001111111010101111111111100100101111111011101011011110101111011011011110110111111111110101111011111111111000100110010101100110010111111100110010100101100110110101011011111111101011111111111000100010101011111101010111001110100011
01111011011100001111111011001011111001011110101100111100111101101111001110110110110001001100101011101101100101111010111001011011110011100000001011101110101111110110110100101110111111110110101111111111011111101110111101011110011111111011111101110110110111110111111111101111101111100011100110011110111111111011111101011111011111011011010111110011010011011110011100111011111111110100111001111111100101000011101001010111100101000011010000111011111110011001110100011111011101110111011111111011111111001111
11110010111110011111111000110101111111011111111000101111110101110101100001011111101110101111111000111110011010100110111110110011011101000110111111100101001111010110011111011111111010101011110101101111010111110100101111101111101011111100101000100111111101001011111101111110110010101011111101111101111111110001110011011110111100000111000111111111110111111011111000100111011110111101111110111110010010101001001101111001111000011001110011100111110111111111101111010001111101111110011111011111101001110011
11011101011111011001011111001100100110101001010010011111101100011011011111110011111110111111100100111000100000111110101111110110101011011100011011001110011011100001110101110110011110101110011101110110111011011110101101111010100000101011100110111011100101100110001111100110010111011101100110111110001011110111010111010101111110001011011010110001101011111111101011001010011111111101011111111111111001001111111011111101001111110101111100111101001110110111101111010110110100111011101011111100011101101010
11011111011001111110111000101001111101101001101110011011110010111101100101100111111111000111001111111111001110110101111001011011010001001110111111110101110101010011101110111110101101111001111101011000011101111011010011111011100001111001101110011110101101111111111100111111011001101111101111110101011101111001001010101111110101011101100101110010111111010001111011001110110111100111100011101001011110111111101101101011101110111100011011101111001111111001001110101110100110011101110011101001110111010100
11011110110111011011011011101111001111111111101110010111010110101100011010101010101101110000110110101000111110110011101111001111111111110100101011111011111111101011011101111001101101111111010011101010111100101001011101101101111011010011011110111111101000101111111101111101011110011001110111011010110010011111110010111110111000010011011101101100001111101101101011100101011111111101111010101010111111011000111111110111101101110111111010111011100110010101011111110000101110111111101110001011011011100111
01011111101100111111111001110001011010111011001111101011001111101111011110101010111111101101011001111100110011100111001000111011100011100010001100111000101111110110111101010001101110010101010110111111011010101110111111111111011101110001101101001111000010111010010011111011101100110101011111100111001111000110011111000000111010101101110010110110011101100110110111001000100011100011101111100100101011010110101110111001100001000111001110110001110111001010010101101011011001001111001010000100010011111110
10110100110101001110101110111101110110001011111100001011111101000011101001101111110000001101100111101101101011110100110000101110001110100011100110010101100111010000110110111110110001111111011010010111000101111011110100011111111101101010001011101011110100110111101111110111100111011111001111110100001010111011111010101011010011011110011011100111100011011011011011110100101010110010111000100110111010111001101001101101101010011110111101110100100101001111101110100101111101101001111011111111101110111111
11011011111010111111110110011010101011011110110110111101111101110110100111111111111111101111111111000101101001111100100110100000101101100011101110111000111110110111001110011010011111010111111111111010001010011100111010101110001101101111101110111010110111100111010101111111101110101111010000111110000100111100010001101110110111111111100001010110001111101100011010111001001011001111110001011101110001111011101010011100111010110110111111001010101101111101111011001011100100111111101101101011110110101001
11101101001010001111111011101101000110011001011111100110011111011110111101110110010100001101110100000110000111111000100111001111010011010111001110111010011010011111111010101101011011111100000101101001011110111110000110101011001011111101011111111011101110110011000001001011010111000111010110010101001011111110101010111111110100011111011011100101110011111001110101011011011111100110101111101111111110100000001001101111001010000111110011100110111100000101101101101101101001001010101011000110100111011011
00101001111011010101100000011001100101011111011100001001110100010111000010101110110111111001110011101010111111011001111101110010100011011101100011101111111000111010010110011101001000011111011111110111110011110010010111011100010010010011011111111111111011100111000010011011111111110010111010100000110001110000110010110011101111111001101111100011010110110000001111100111000111111110010011101001011111010011010010110100001001101011010001111111101111010101110111101011110111001010011001111111111111110111
11111110110011011111110110001011101011011111111110111010101011111011010101101110011011111011111110110111000101011101101001101111111101011011110010010001001100101011111101010110001111110101100100000001110100101111101111101011111101110011010110111111100001100111101101100011111011111111001011111100011011101111111111001101101011011011000010111101111011011111111011101110001101001001111110001001101110010111110101111010111111010110100111111110011101011111111100000010111111110111010111110001110111111111
10101111111001111000001000111111011110111010011111110011001000101100111110111010101101001101111110111111010110100110101111110011111010011111111000100111110110111111001111001111101110100011111011100001110110100110001111000010011110011011010111011111100011100110011110110101011111011011111101111111100101110011011101100111111111111100011111000111111111101111101110101011010111110010110001001110001110110111111110001000100110001010110000010011010110011101011101101111011011100110001111110111101101111101
11101010111101111010000100111000011010001101110100111110111110111111110001101111000001111011011101111011000111110011111110110010111000111110100100001111100001100110101001110011111111011100111100100110011011101111110011100101100110010000011011011011110101101111101011001111110011101101101011110101101110101101110011100111111110111010110000100011111111011111101000011101101101001011111010110010111101010001111111001110100101110111011001111110110100110101001110101110011010010010110000110100011010001111
01101111011101101100101111111011101100101111111101110111110100101001100111000100110111110100111100111110001101011010011111110111001111111111101011101010100100111101111110110010110011001110110000110110001010100101110011100100000110110001111101110100111100100110110111101011110001111110100010100010010010000111101111101011001001111000111101010111010011001100111000101111011111010111110010101110110111111100100110101010100001101101011100000010110111110010111111011111100101110101010111011111100100010110
10101110101001111101101010110111000011111101101111000000000001110111000011110110011010111011110111101101011101110100001011110100000100110011011110111000111000101101110111100110100101011010001101011001111111010111111011111010110100111010001111011101011101111111010111111111111010110110101100010111011101111011101110000111101111110101001111111111011011100111111110000111111101111110111010101110011101111111100011010110100110111111101111111111110001110111111001000011111100101110110111000101111111000001
01100111101111111101110000000111111111111000111010101111101111111111110110111100101011111111101111011001101010101111110000110000111111001010010011001001111011011111100100111111011010011111111100001111101101111011101101101111011100001001011111110001101011111100110011111011011100101111110111011111110011001111111011111011111110111111111111101110111110010110111111111101011110101100000011110111111010111101101111111111110111111110011001010111101101011011111101000111011011111101110011010110101101101110
11101001110111110110011001011111011011101011110001011111011010101001101110111010001101010111011101111100011001101110111011110001010100111110111110111110110111110000101000111011110111010110101101101100101110111111110100111111111111101010111101111000111011101001110001001010010110111100010110011011111100111011111110111010101101111101011110010110001001001011010101100001111101011001000111001101101010101111101101001011100101111110101101100111111011110110001111001011101111111101011000100111101111101011
11000011111010000101001101010101010011111100110110101111011100010111110100011100101111001111101000110101011111110101001010111111010110100011010110000001011110111001011011111000011011110111110111100010001111001010100001010100001011101100011010001010111110111111101010110101111011100111111010001010111011001111110011101111110101000011001011010100010110110111011011101101101101100111110110110111000101111101110110110111000100011111001101011111111001001111010011011011101101100111111111000001110110101101
11011011111100101100010111111001111001111001011111000111101001011101111111011011100101111111111101010111000111111000100111001110111101111110111101111010111101011101011101010000101111111110111111110011111111111111111010010111111001111111011111100111100111100011111010111101111111111111111001110111001111111110100001111111000111011110011110111101011010011010111110000110000111011110010011011100101101011110111010010111000111110110011110101111111101011011000101110101111110110011111111110111010001110111
11110111110111011100011111011111111001011000010111000111111111001111101001110111101100100011001011110000111111111111011111010011111100111111101111011111111010001111011101110011000110100111111111101101101011111111111100110111100101110111000000101010110010100111011101011110101111111111110101010000011000010111101101001110011111111100000101111111101010111111111100111111110011001010000001101110000101100011010011001011011101011101011101110111100111111101111011111111101101111111111100111010110010101111
11010011110011001001101000111111110110111100100000111011010001111011100101110001100011011111111011011101111111011110110100100100011000110011011110110101111100011101101011011000101101110101010001100111100001111111111110111101111111111110000000100101001111010011010011001110010111101101110101100011011001000101111111100010010100101101110011111111111110111111101111101001010111011110111000010101110011011110000100110110101001101110010001111100011101110001101101000011111110011110110111000010001001010101
01110111011001101111111011111011111111100011110110011101110110011011100010001110100111101101101111101011111100011011011111100101011010000111011111010010111110111111111110101110101110110000111011101010011111110110111100101111001110001100111101011100111110011110111111000111111110101011111001011110111010001111000100111010001000111000111111011001011000001101010110111111101000100100100111001010111110111110111011111110101111010101101110111011110110111111111100101110111101100001111101011110101111111101
10111111110110011100010111101111011100000001010110111011111100111001111010011011101010100010101111010111101110100011110011101111110111111111101111010000010100011101111010101101101110110111111011000111111110101000000100110111110001111110010110010111001010011100101010010011110111011101010111101011111101010111111001011111111111111001101100000101111111011011100111111001010101100001110011111111100001100011011100010011011100010110101101101110001111110111011111100101100101010111100111111010101110010000
11110101110110011101101101111001101111111111101101101100111001111010111100010100000111011110110001111100110111100111111010101111111111000000111110110101111110011100110011111111101111101111110111010101110011111111101110110000001100111111110101011111110100011100001111111011011000011111101111011111101010000111011001110101111010000111011101011011001101000101011101100101111100110010110001110101111000111101111101010101011111010111000011000100111101111110111111111011110001111101100011111011111110011100
01101001111011011011010010011111011100011111111101110000011010011000101000010111001001001000111110111111011001111100111100000111110001101010001110101111111100001111010111001111001110110001111011111101001111110101110011111111111111110110101011011111111010111000000101011111110111011011111001011111000100010110011011010110111111111001111111110001110111100101001011100011100011111111110101011110101101011101010101110011110001101100100101101111110111000101101010001011001011001010101111011011100010100011
10101011101010110111100110001111111111101110011111111010010111110001011100011111110000111001101011101011010101010111100111101111011101111011111111010001111111010001011100101000101010001111111101111100111111101010111111010101100000111110000011111100111010001101111110110011110011011111011100011101011111010111111111110100011111101111001111001101011111101101111111011111110110011101100011011010101111101111000111110101111000101100000010000111111001010100100011110111100111101011101110111111011111001001
00111111110111011101111111101010010111011101111101110110111111111101110001111101111111000010111110111100101011011010110111000101111101110011101101011001111101110110100101101011011001110011111011110111101101111111110001111010111001110011011111111101010101110101101101111111101011011111110100111011011101101010111011011011100000111101001111111111000011111011010111111011110101110110000100010101101101101001111111000001111111011001111111011010110100001111110111111001111011010010101110100100110111111110
11110010010110000101011111001110111111011111001010011111111100010111001010100100010000010111001011001100111111111100011110111110110110011101001111110001100000101010111010110111111001100011101100010111110111111111110111101001010001110011001111001011111110111111001001001001101110010010111100111111101101001111101110111111111110011101111100101101000011110010010111011010100001100010111011111110000011111101101101000100110011000011111111110101100000000011100110100101111011101110100110000101110111110000
01111010111111101101111000111111111110001010101001010011111001111111101001111111011001111011101101110001110111010111010100101010110101110111100111110010010011111110110111111011101101110111111011110110111011110111110111110000011111010111111110110110111011011001100110011011111111001010000101010101101110111110010101101011000111111110101111100111101110101001100010101011001110101010010011000010110011000111001111110110101101101111110111110111101101101011010111111011101101011111111111000101111110111101
00010111011011101000011110100101100011010101111011000000111110010011000001010101111001111111111111111100101110111011110101011101000111111111111111111011001111011001111110111110101101100101100101111100111111111111010011100100011100000111111110011011001110110111100000010010000111111100010110110011111010110011110110011011011011010101110101101111011110011100111010101001100111101011001000111001111110001110001111111100001110011110100101001001011111111000111000000001011111011111010011011011101111111100
10001111011010001000110101110001111111011111111100001001111000111101111101100110010100110101110111101101111101111111100010110100001001010100111111101111110101111101011100101101010011001110111110111111101011111101010110101011000100110100100110111101111111110110111101010001010110011111101111111110101101111001111011110011011110111001011010010111000111111110111011101000111111010011101111110011111111110011000101110001101100111011001111110100100111111111101101111111010111011011110101111010100100101010
01111100110001100111100010111100111111101111000100111101111010011110011111111011011001000010010010111010101110111011000001010110101000111111011110111001100001110000101010101010111001110110111111101100101111111111010001001001011111010001111101011011101011111111110101001101011101111111101011110101010100010110011110110110111110111111101111001111110001110110011001101101110111011100110001010110110110111001001000011100110110010001111000110001101011101100110110101111100110011100110000011111111000010111
01111011110101110101111011101101100110110111011110101011100011001111001111001000111111111111111010110111111100110111011111110111101011000110101110010111101100101011001100001000110011011111011111010111101100100011011110110110011100011101101110011111101000110000110110101010111010010011011111111111111110010111101010111101110010110010100010110111101110111110001110111100111000010000011011110111011111111101010101011011011111111110000101001110011110010001110011011101011111111101100011001101110011111001
11011011101010110011101111010101110110100011110111100011110111111101001101011000010011010000111111000100100110001100110101110111001010010111100111011111111010111111001111111111110000110011010101011111010111101110010110101100101101100101011111011110111110011010110110011110110101110100010101111111000111011010010101110111100111110111011110010011100101111111001100101111111111010110111001111011111011110100001010000111111100100000000110101111011110011011100101110110111110110011101101000000011101111011
11010111100010000011010111111000100110110101010001011010010111000111101001100000101100000111010001110101101010001010110110110101111111011010011101110011010011110100101110011010010111100010111111111100110000001111101000111101101101111010011111001101110011101101111110001101011110111000111111011101111111110110101111000110000011111110110011011111011010011101001110011010011101111101110111111011010110110111111101100111101110111011111001111011011010010111000110110011100011101111001111111010111100111111
01111001111001101111111111011111011111111110001111111111100001111011001101010101011000110011011011110001010111111111011100111111111101101110010001100011101111111111110111101111111101111100011100011101011010010011101111110101111111110111001000001011011011111101011100010111101001101001111010101110001101111111000111101101111011110101111111111010100101110110111100101111110100111111111111111111000001110101101000010100111011001111011011100100111111111111110111111111001101010111010111110111111011111111
01000111011100101011011111111111110111111111011101110010010110100101011111100110110111010110001101111011111011111101111011101011101111100111110111101101110011111011100111111101100011110110111111011111101001111101010101011100101101111101111101101010011110110110111111100010110011011100101011100100110110101111101110111111110111001001111101001010001110001010110101011100111110110111111111111111001011010111101110101011101101101110000111110111001000110011110011000011111111011010111000111110011111101011
11111011111110101111111111011011101111011110101111110110111110010111011110000110110111011111011111111100101111001101111011110010111111110101010100110111111100110011111110101001111111001111011001111011101011111100010001111111110011010001111010101111101101110100110001110111111000111110110110100101111101111010111111011101011000111010111101010110110011111011001011101011101111001101111111100100111111011110111110011101111101100001111111010110011010111010111110111101110111001110011111111101011100001101
11100001111111001011111110111011110010100011110101010010111111000111101101010110001011110111001011101100110000101111001011011110001110010101011010111111111111111000110110001111011111111111100101110110011010010101111100101110011111100111101110011111011101011010101101011100011000101010111111111010011010000100111111010110100001001110001110010011110100001111001110010011111001101000110100001010011110100111101111101000001110010001111011011001111111111110011111010111111111001010111100101111010001100111
01111111111001101101111100111011111110111111111100110101111110100001101111010101110001011010000111111111000110010111110011011111001111010010111111110000111111010010111101011101010100010110111100111001110111111101111101110100111111110111101011110001111110101100000001110111110011110110011010111111011011011011110001011010111110111111101010101001110000001001111110111101101100110011011111110111111001111100110111111100110001101101100101011111011100111000010111111111111010110011111111110101111101100110
01111000100111011110000111111100011110100110011111101011011101011101000001011111110011001111100101110001011000110000000111110010101001101101000001110111100110011111111101100110111101110101110011111111010001111110101101011110101101110001110001000110100011010111111001110010001101111101111111101000011111100111000101101011110100111111110111000011101001101101001101001011101110110100110111101001011101101110011010011010010110110110101111110011100111110011101101111011011011110111000111000101001101111110
01111000111101111000110101111111011111101110101111111001011111011110110011111011111011010111111010011011011111010111110110101001101111011111111101001011101110110111110111111001111111011110111011110111100101011111111100010101101000111111110111111101010111110111111011000100111011101101000010101001111110110010101010101110101101101100001111011101101101010111011111000111111000110011111111101100111100111111101101011110111010111101110111110111111101101100110111100010111010100110010011101101111111011010
11101001001000101101100111010011110111111011111111101011111110110111111010011111110100110110011111111100111011110011101011111011111101111110110001110100111001011011111011011111110100011100111111111110111110000011110011001011110101111110011101000110110110101101110001011111001100111000010111011101100110011111110110100001110101110010111011000011111010011100111010001110111011110101000111011110111111011110110011011101111001111111110100101110111101101101111110101111110111111011110001111111111001011110
10111101001111111011111111010001011111101111010111111101001001111011100011110101001011111111100111100101110111011111010111001001111111111001010101011011011111111111111111111011110111101101101110011100011011111010001011101111101011010101011100111011001010110010000011111011011111111011101101011001100111101101111110111111110110111100011001100101101111100111010011011011111001010101101101101111110111111111110010111011011111100011101101111101110101101001110110111110100110101110111110000100111110011101
01111101011010011011110000101110001111110011111011111110011101001001101111111010010111011010110101100111011110111011001111100010010101111111010111010000111111111001000001111111110110111111011011100101001111010111010101111110110100100011110000000111010101110101110111111110101001011100111000111111001101100110100110011110110111110111111011111111101011001110111010001111000101101111111101110111011001101111011111110110011011011111101011101111110101101111111000111100100010111111111101011110111011010101
11000111111111111011111101101011101001101000111001000010011101110111110000110101010111001001100110111111010110011110100101101101010111011010011001110111111101011111011000111101010100001011110111010011000011110100011111111110101111011101111110011111011110000101011010110110010001011101100001101111111111001111110111111111111110111010111111011010110110111010101011101010111111001011110011001101111101101101010101111111010100011010111111100011011010111111110000110111111011111101100110000111010111110101
10100110110010011110000100101111011110101011111101101110110011111011101101111110010101100010111001110001001101111110101010101110001111111101011110111011110111111110111011011010111001011111101101110110010001110110111111111011010011011101101111011001011011100110100100011101001111111101110110010110001100000010111111100011101110110010110110010111001110111001111010111110110100100101011110101110111111101100010111101101110111111100100111110111101110110101011111110100111011110111110111111001110011111100
11101111100101101100011101111110111101101010010111100110110001101011111111111111011111100111010111111110111110111101111101111101111101111001111001010100000100111100011111111101011110001100110101001111101100101010101100010111111110011110001100101010010001111110111111011111011110110011101111110101100111111011101101011111111111110011111110101011100101011000111011011111011110010011111001011010011110110101111110110011000111010110101111111110111000100110011011101110001111111011101110111110101101001111
10010010011110111100111110111100100101110011110111001111110111010111111011111101010101111111111111101101111001011011110110100111110110111010111100101101111111001111111101011100011111001110111010000010011110100011101111111111010100011001010110100111101111101111110111011111111111010011110100010011111011010001101100011110110011011001111111000001110110101101000010101111010101011000001101101111110111011111010011111110110011111111011111000011111000101100011101000001000111110111010011100110100111100010
10101010111110111111011111111010100111110001010111110001100100011000101111110110111100011111011011011011000110011111011110110000111011101101110011111010110001111000111110011100111111011110110100110111001010110111101001001001111111111010000111000111111111111000110010111000111111111001110111111101111011111011101101111000101111110101111011001110010100001101101101111110111011111001010111111001010011010111011100111011011011111111100110111101011100010111001101111111011111000111101111011001101000010011
10011110001111111110110110001100111101111000010000001101001111111011111101100100111001111111101011011000101110111001101010011000111111100111100010010101000011101110100011111101110110010110111111000011011110101010011100111110111111110100011101011111111010010011101111111001111110111111100111110101010111101011101000001011110011101111111000111001011111011011101111100011111011011100010001100010101101111110111001110110111011000100111111011011101010100111101111110111011101101001101101011010111110001111
01111011010110111011110001100010101001100010100011010010001111010010001010111011001011101111111010111010111111011001010100100010111010100010110111111001111100010111110111111111110111101110110101100010110101100011100001100011010111111101111101101101111011101110011011011010111101111011111111111010111101010101110110011110111010111100101110111110110100101100001110111011100101111101111111111110111101101111000001110011000111100100010010011010111011001111000010101000001110101001001110110101000101101110
11111111111111001111110111110111110110100110000110111110010001110111011101111111000100101011110100111001111111110001010111111111100110111110100111000111001101111101111011101000001010011101111100100111111001011110101101110101111011100111101111111101111011111101011011110011010101111011111010100110111011110110111011101001111111111011110000101111110111110011110111111001101111101010110110100111111011110111110011001111011101111111100010111000011101110100101010111010111111011101011100101111011011110010
00111111100010111100101010001111110111010100111111101100010001001100111011011110101111110010100110111011011101010110000101111111110001110111110010001110101000010111111100111010100011001110101101011101100011011111001000011011001011000010111111111011011111100101100011110100100101011101100111010110100111011111111011110111111010111101011011011111110011110111011001011111100111100101011110111111101110001101111010111111011110110111110011001101111000110100111100100011110010010011001010111011000100001110
11001101111100011000111101100100010101010100111001110111110010110111000001011101111000011111010010111100111110101101010000110100110110010100110010101101000011110101111100101101110011011101001111001011101101111110111110100110110000110010110011110111111011011111011110100111110011000111101011001100111111100111001110111101100011001011101111111110011101010011000000101100111111100111000011100011010101001110110000011000110110000110111111011011011110110110111010110001101111111011100100011010111111101111
00001111101011111111111101111111011011111010110000111000011101110111111001011011010111100110111001010000010111010011101010111001111111110111100101111101101110010111111110111101111100011100111111010111111111001010111111101010000111011011111101001011101010110111011110011111100111110111011101111101100110000100111111011001100111111110111111011000111100001001101101111100110110101101111110101111110111110001011111101001000001111010101010011011111011110011111101010001011010111011001000010000011111111110
10101011111111110111111111100011100010101100011111001111101111101011001000100010111111111111110101110110011110001101001101001110111110101111111000101010010001110100011010111100010001101111100100001101011011111111001100011010110001100110111111111111001101101000010111010011101100111101101010011111101101111100110111101110011001111100101110010010110111110011011101100111110101001111011100111011011011111000111111110111010101111111111101111000010101011111100010111100111100011000001110111101111011001111
10010101101101010010010001001001011110101111111111101110111101111000101001110010011011111101100011001100011111110111100011111110010101010010111011101101101101111110111111000111101100111100010110111011101111111001101011011101101011110100111111101111011101110111011011111111000001011111011000111011010001100100101111010101111100010111011101001110110111110110111111000011101000100100110111111111001001101111101100101011111111111111010111101001011101111100011111111111101011011010001011111001011010110100
00110011001010111011111010110111100111100111111111111111100000011100010101011011111011101111011111110001111101001110010101011110011101101010010111111011011110111111101100101001101001111101011001101011001110001111111101000111010001110101111110011010010000111011010111100111001111110000000010011000110101111111111110011111100111101011111100010111001111110100111101001011011001011110111011111110101111111111111110000110101100111111011001100110100000010000001101111111111011111111001101111010010010101111
11101011001111111100110111001010100001110110111100010001011011011100111011111010110111101111101110011101010101011000001000101111010010001110011110101101110010110011101111011011110101010111110000111101101011110111010100001011000011111100011111010001100111101001010111111000111111110001001011111111110111000100101110001101111111111100111011100101001110011110111101000111001111111011010010011011010110100110100111101111101011111111101100000000111111011110110001111100010010100010100000101101111010011000
10010011011111001111011111111111111110011101001111101111111110110100100111011111111111101100000111111101011110111001011111111100011100111110101100011111101101111010001111110101110101010011111101111111111110010100111101110010101111110110101101011101001110011001110111101011110001111100111011101010101111111101111111000111111100111011110011011111011111111110110100111100110101111111000111111111111110010111011010100011110101011101110111101000111111111111110010111101000100111111010111010110010100111011
01101001000110001011011001010110000110101001110101001010010100100100001101110001110100011100000110011101100001101111001010101110101101110011010001110100111010011000111110111111101001011111110011111000111001110001110110111011111101111111110001111011011101100011110000111100011111101110010010111110100101110111001111010101010101100000111111010101011011110001010010100110001111011101010111111100110010111111110101011100111111100100110101101111111101110010111100010111011001111110110011101001101111111111
00110111111111110000111011000110101111001101011111110111110110111101100111010011010000111000100011010000111101100111100111111011011111110111100011100110111101110101111110110110111111010100111011011111111011111010010011101111110000100001111011011101011111110011100111011011111111100011101101011110101110101111110101111101111100100000101101111111011110110101111110000111011111001111100111110101111111110011111011111010011111000110001110001111111101111010010111110110111010101110011100100100100011011100
00011110011110111101101110101101100111100001000001110111011111111101111100111011111111110110110000111101101111111100111011100011101111100001110111110111010011111011110111011101110110001100111101101111101110101100000111111101111111111000101110011110011111001101110111110011010101111110011100011001110101101110101011111011111100010111110100111000011111101110111011101111111001110110101011111001111001110111110111111100101010101010000111111110110111111011101101111100011100110111011010011010111101110011
01111001100011100011101111101001001101111001111111011101101111101111101000011001011010100101000010111100110111111110000111000111011011101101111101010011101101011011010101110011110110111001111010110111111100111111110001011000110100111001000110101101011111111110111100110011111100001111111111101010010001110110100101111101110010100111010011111111111110011100010111100101101110111110101101111001101111101010111000110111110000010001000011110100101010111100100110001111100011011111110011011000111011000011
11111111101111110100101101111011111101100110110111111110110110111111000100111011101011111110110101110101101010101111101111111101110010101011101000111100010001010111110010111110100010101011001011111110101111011110011000011110011011100111101111100000111000111111001100010101111101101010000000110111101001011011111101111101111101110111111111110111110010111111110100110101011010110111100110110010011100001010110111111101101100011110111001110011010101110011111111111011101001001110010111010101110111110011
01111111111110111101110111100111101111001110110110110100111110011110110101001011011110101101110111011111010011111001110111000101010111111010000111101111110111001111001110111111100111100000100111011110101111111011001011111111011110111101011011110101111110111100111011111111111111111010000000011111111110101001010111111010111101101111111101000110110111111100111101110111000101101111011100101011101101111111101101101100010110101110111010101001011100011001111101010100111111111111101111111100001001110110
01101111100001100101110111111101000111110000111001001110000110111111001011111111110010111111000100001011110101010111010000001001111110111111100010011111010110001010111011101011111001011110111010110111000111001101110111100101110111010110011111101101000110101110101110110111011000001101010110111100111101101100101111110011011011111001101101101111011001000101010011011011100011001101111110001011111111010111101010100001000111111111001111011101110100111001101110011110111011011101110101011101110001011110
01101101111011111011101100110001110010001001001111011101111001101110011000001001111111111010010110001110010011111111111101101101101110111010111000011001010010100100100011010000110011001111001000111011111011011110100011111100110100100111001100110011111100100001011111011101000101010111101010001011100111001111101011001111100011011011101110110111001111010110111011011011111101110101010010001100011111110011111100010010111111011100111101101011110010101011010111111101111000100011011111110111111011000111
11101110011101110101100010101001011111110111001011001111101111111111001101110111011100010111111111010110011101000111011111001110111110100111111010111111011111100111111011100101100111001101011100111011001111010100010111011110011101111011111110100001001111011010110010111011011010100111111111100101111111111111110111111011011111111111110111101111100110011100011010111001101110110101010010101111011111101110111010110100110000001011100110101110111101110110011111001111000111010001011111101010010010001011
11111110110010110111011111001101110111111111111001010101100111111110110111001111100101111001101100000001111110110110110111111000011111111101010011011101100111111101011110011100110111010111101010001100000100101001000001101101111111111100110111011110110101101001111101101110100101100011101111101011100010011011011111111101100111111001111011111111010111001011111010111111111010011110101111010110101111110011111111001010000111001010110101110110011110111100111111101101100110111101100111111100101101111111
01111000010001000000110111101111001110110111011101100111011001111110001101000011110111110111010111000111010101111101110011001101111101010111001000010100001100001111111110100110111111110010011011101110000111011011111101100100111000011011011101101110011010111011101100010101000100011111101110110110010110110110011101111001110111001001111010011111111111001111011010110111110110110110100011000000111101011110001111110011010111101101110011111010111111011111100110111110110011001111111100111011010110110100
11110011011111110001010011010111101011111111111011101011111010101000001111111101101110100111111001010001110001011101100110111111110100001100111110111010111001111110011101100111000110110111011010111010111111101110111011110010001010111111111000011010001011111010100011010111110001101111001110111111010110100101111011100110110010110101101101111111100111101110111101110011000110100011111011011010011100001111110111001111111100111111011011011100111011101001111110110101111011111111111101110010011110101001
11011110010111011100000101111110111101000010000111001111110011111111001001101011100000011010011011111000011111111111100001110001111110101111111111100011010010110001011101001100110000111001101001101111111100111101100111101111100011110011111010010111111010111111111011101101010111010111100101001101010000011111010111100101111000011101111111010100111110101111010111110110011011110101010111011000011111010101111111111110111111111100110001101101111100100111010111000001100101110011101001111111011011100011
11111110110110111010110110101110101101101010110111010100110101110011010011011100101010111011111111100001111011011111100111111011111111011011111111010101011111111100101111110011110111010110011111001011110011110110101101011011001011101000111110010011000110110110011101011111101111111011001111111110001100111101110001110011101100111110011111011110110100100111101001011111001000001100011101111111111011101011101011110110111111111001111011110101001111011111111110101000110110110110011011110111111101110101
00010110011101000011111101100110100000101110111010101110000010001101011011110011111100101111101101010100111101111000001001110110001101000000111110101111111111101010000100111111110111110001111100111101011101010110110001011101010111111010110101101111100101110010100001111110111110101100000110110111111111111111111010001111110101110101101111011011101001110101111111110101000110110110101111010011001011000110010101011000001011101110111010111011101101011011000101110010101111011000011011110110111010111110
11010101010000100011011011101111100100110101110001011100001101011111000001100111101010010111111110010011111001111101110111111101010111101111111011111110110001000101110011110011111100101111010000101111111100001011111110010110111011111001001111111101111111101110001011010110011111010111100110000100100011110001101111101001011010111100111101101100111010111000101101111011011010111101101110111010011001001110011001111101101110011100111111110101111110100011011101101101101101101111001010111011011101110111
10010111101111111111011111111110111001011010110011111011111100110101111111111111111011001101111111011111101110111101011001111010011111111111100110110111111111110011100100111100011010001110010101111011111000100010111111111101010011110111001110101001001110011011110110100101010010001100101000010111110110100001010110111110010111111001111000100111011001110110111110011111101010111011110111011111111010010110101110111111011111111111011111010011111000100100111011001111010011100111110011010110101100011101
11111111000011110101101111111111011110110110111111111100101101101001011101011110110101011110111110011111111010110111001111100110111101110111010011100101101111100010111100111101001100100010101101000011111101101111011111011110011111101011001111011011111001111110100111111100110101111011010011011111011110111110010010110111111111001111101111010101111001010011001001011111101100101000101111111100111010111100111010011001011101110111100111011011100110011000011110111011001110100001011100110111010110010110
10100101111001111001111000011110111111111100111110101010011101111010110011101110011111101110111111111011100011100110111110111111010111010100111110011101010111111111011101110101101110011110010111110111101001001010111101110011010011110111111110001101101110100111001000111010111111000110100001110110000010011111011111111101011101110111100111111111111110011111111111111100101110111011110101100111010100010111101111110001111111110110111000111111100110101111100011101101111111111001010111010110101010111111
10111101000100010111001110001110110101010001110111011111111100111111010101101101111010111111101000110010110111101111111001100001011000110110110111111010101100111111111011110101101011011111011001111111110100110111110000111011001111110000001010011110111111100000101011111111101111111100001111010110011111110001010111001101110101111111100001101001011101000010101101011100101101111110101111111110101111111111001101010001110111000110111111110101011001001001101101101101101111011111111001000111111110011110
11111001011001011101001011111000011010100001110101111010000010111101111111111010101100110111111111110111000110011010100101111111011001010000011101010001101011110111111110000010111101001011011001011101110111000111010011101100000100111000010111011010010100111010010011101001010101101011110000001111111011110011111011111101000000111011011111011110011101111111111101100101101111110011101100110001110101100111101100101101011010111000110101110110011101111111110111111111111000000111101011111011011010111010
01110010110010011111001110111011101100011111011010111111010110111011111110101111111110111111111111110101111010100101011110111001111110001001111110110101101111111100001101011100010110101010111100111001011110001111101111111101111001110110011111101010011111110111111001010011101111000101111111110011110101010111011101101011110111010101110110111111011111101111110101010101110111111011111010111011001111111101111010111001010110011111010100100110000111100001001111101101001001011101011110111101001100000110
10011000111110011111111101101100011001011010011010100100001010000101001100110010110100111011010110001101001100001110000110111011101111101011111100101001000001111111001001100011011101111111111001111111111011110111111100101111001011110111000110011011111111111010111111111011110111101110111111101011011011111111010011111111110100000111011011100101001010111110001001110101010010111011011010111111101101010111111010101100001100100110011100100010111011100110010001110000001110011110010111101100110101111111
11010111100111011110101010001101110101111111010111000001011111111011111001010001011110100011111000000110110111111111011110111111110111110100100101101101101101010011011011111011100111010111011111110110001111111111011101110001100101011111011110111110111011110001110111011101101111100110111010101100111111101101111101111101111001111111111001111111001101011011111110110110001001111110010111110111001011010110111111111111011101110111110111111001111111100100110101111110110111111101010001111111011111100111
00001111011101001001010101110111100110101111101010100111101001110110011111001111010010100011111001110111001101011100011101011011100111111000011111001101101111110011010110111110011011011111001111101110111110101101011111111011011011010101110011101001111001101111100110111010110001111110001011001111110011100001100011111110111100001011011100110011100011000110111110000110011111111100001011101000111010101101010011011100110010111111001011101011001001111011001101110010111101100011011110111100110101011010
00001111110101011101010110101001101110101111011001100000110111111010110011011011101011100111111111101101111100111011111110100111111110010111111101101111101100111111111100001100111000000111011100001001100010111110110110011011100111010001110111011011010111010101110101111110111101011101000111111111001000110010111100111001001110010100111011111011011111111100000000011011011111110111110111001101101110010011111011100110010111111011001101111101101111111100111101110111111110001011111001010110111111100001
10011101111011100101001101110111111100100110100011100011110111111110011110111011111111111110111101101101111111010100101111100101111100001111100111111001110010001101111111111111011010110111010100111111101010111111011011111101011011100000111111110011000010111000101111110100110101111010011010011011001100100101111100101111111011010011101101101001110111111011101100101011111101001111011000110110101111111111011011101101111111111100111011100111001111100111001110001101001111010111111100111010101011111110
10100111111111010101111100111011110011001110110001110100111010100111100101110110110111100111110100001000110001011001010111111011100101101110101101010100110101000101011111001111011111111011011110011101011110010101000111100010011010010111111111110101000010011011111111111011001010010111010111111110000111111101001100101011111110001110011110111101101011111011110000100101011111110110011111110111010100111001101111111001111111101101110010000011000001011111011111110111101011011100001111110011101010001011
10111010011110011100011010101110111110111111010011011010011101111100111011101101001011110011101011111011110111101000101111101101001111101111110110111001111101111110101101101001110101010011101111100010111100101101111001001010111111101111111011101111011111001101100011111111011101110001100111001111110110100111001000110111110110110101110101101011110111011111111011111011110111011110111111101011111011101101110111001101111110111010111111101110010010111010011011110101001010011110111011111110111000110110
10001101100111100011010100111111111111010111110011000101111110101111101100000110011111111101101011111011111110101000111111110110111101101111111111001111110001111110001111011000110001110000011101100110111110011001110111101110010010110110110100111010111011110111001111111101100101110110111001111001111110101111011011001110110000111001001110111101110001111111001110000111100101100110111111101011011110011000010010001011101111001011111100010110111011011111001111011111111011101100110001110111011101111101
10101101101101110111000011100110111000000111001101010101100000000000001111111101011101101100111100101010001111110111011010101111111110111010011001111111011110000100110111110111011101101110011001001111100110011011000100110100110110110000111011111100011000111110111101111010101010000101001001100111111111001001000111011001111111100011001000010010110011111000100000010111111111110011100011111011111110100110111011011110111010000111000000011111110011101011111111101110111110010111010001111111101001111011
11001111110111000010010101111111000111001111111011101110110111001111100110110110100111110110101110111001111100001101110111010110111111111100110101011111101111111011110100000111100011110101110110110110100110111010101011101110010101111011100111111001011101100110010010111100100111111100011110111000111111101100011101111011010100111001000111111111011111110110100001011010101110110010110111110101111011000111111101111101001111011111010010110111101010111011011100011110101100011101100011101111101101111010
01001010110101111111101001101101111001111111111001001001111011001011110111011111001110011000111011111001101111111101100100000000111111101101111000110000110011110110101000001111010110001110110010110101010110101011111111110011011011110110011101010001010111110011011011111101001001011010110100111100000010110000100010110011111001011101011101101001101101111111110101010011011011000111111010001011011010111011110101011111110010011101100111000110100111010110001111000111100100110100111110110001111110000111
01111110111100111111111100101111100001010111111000101110001001100011110111110011110111001001101110111010111111001111101111111011110010111110111011111101111010001111100001010010011101011110110101010110110111110000110111100101111111100110110111111100100111111011011011000101110101100011110010111011101111011010000110001111110001101110100011110111110010101011010100000101100101111110101001101011101111011111000000011101100011001111111001101111011011110111101010111101111111001101010011110111111110011110
01101011001101110011100100111111010111011110001000110011100110001001001000110111011111000001111111111001011111101111011111111001111111111001111111111011111011110101100111001111111010111101100111001001011001001100100111101010100000110101011101001110010111111100110100110111101101111000101110110011010111110011110001101101111101000110101101101110111110111111011100001110000001111001011110100110100000111100011000100010001111001111101010111111100101010110011110010011011101111001011100111100101110110010
01101011111101101110110100101001110010001101101111110111010101111100111111011101100111111010101100101101101101000110011110000011000000110001111111000111110010000101111111011101110111111110011011001001101101000101011111111100111011110010111011001111111101011101000101110100001110011010011000111111111110010001101010101110010100101101001001111110011000001110010010111111001110011011111101011011010110111110010101000011110110101101110000110111011011000010111111010111011001101000101001110011111010100010
11011001010100110111100101111110011101110001110111001111111110110111100100111110011111111010010001111111101111011101101001001111111011110110101110111101101011100100110100010111111011001111011111011000101100110011111111111110010001110001101011111110001000110000011111111011111010110111100110110000111111110011101110011111111111011101111111111011101001110111111101111110011101010011001111111110010011010101110111011011111111111111011111111110110000111111110100011011010001111111111111100100010011111100
01101011111101111111010100000101101110111101111000101101101110100010000101011001100110110110001010110011101101111111110101101111011011111001101100100110100100010111101111110101100101100111011100111110101111101100110110001111001001011111001101100110111111100010101101011111111111100111100111111011111111110101000111111010011010000111110100111101100101001101100111111110111000001010101101111000011011101001111011000101111000101111100101010110101101011000100111000111011110011111011100111110100111101111
