11000100100110010100100010100000011000011001111100010001010011001010010001100000001010101000001011111100011000001100000101010010100000010100110000001010111001000000010111110000100000100010101001110001000110110010100100100101100110010000011011000000001010011010110000000110110010000010000110
00000000000110001000001100000000011000010010010011101100100000011100000110100110011000110000000001001101001001100011000001011011000000001000010000000001010000110011100000110001001001000100100001110000011111110000000000010010000111110000100000010100011000100000001100000010000000001010110000
10001111000110000110011010111101100100000011100111000001010001001000101001100010100000001001001100100010100001010000011010000000100011000010110100000001000000100110001101010000111001010011111011010001000100000000011111010000111010000011100001101000100101010001110000000011100000000001010111
10000001000100001000000000110011100100010111100101001010000010010000001000100011010001100110011001000100100110000010000110001000100100000000010100001000010110010101011100001100101010001111100011000000110000100001010001000010100100011110010010000100010000000010000000000001001011100011001000
01100010101100000001011011001000100100101000111001000001001000101100010011100100001001110100000000010111111001011100001000001110000111000010011100001001001001111001011000100010000000100000010000100101000000101001001000010000100011000000101000001001000100100000000001100101100000001000100000
01101000111011101101010100111010010000000100100110111100110000001001100100001100000000011000011010010100000110110101000000101100101001010100101100101001100101110010000011001000100001001100001000011101001001010101010100010000010101000001100001010011100100101001010000000100111000010001011100
10011010000001100000001000000010010001100110010010000010010000001101000010010000101001100000111000100010100000010001000000101101101001110000101100100010100000001100111010000100100000000000111001100000010011011011100011111000000010010001000011100100001001001001000000010100100100000100010001
10010100011110101101000100101000111011010100000010011000001010011010011110110000000011000001001000101000100011000101110010000100100000001101100010011111100011001101011010000010111101010011111000000001011100110110000010001000110101001000101101000100110011100000000010001000101011000100010100
11011000011001100000000011000000100010000011000001001000100000011101101000001101100000010111001001110100000000110101001010101000000000010010000101000101010001001101100011010010010010010000011011010010000000000000010010101001000010001010100000010000010001100011100001100000100101101001100001
01100010110011010010100001001001111010111100000000000100000010010001100110111011000000001110000000001110101000010001000110100100001000000011011011000000110111100011000010001001111111010110000001000001000001001000010010011011011001010101100000101010100011011001001111000100101111101000110110
00011110100110101110001100110001100000000010101000100011001110100000000010001010101101011100001100010010011010000010100100010000100000000010001100011111000000101100001000111000110101001101100101001000000101000001000001100000001000000000010100010101000101110000000111100000100010100000001010
01000100000101100100101001001000001010100110000101000000100101001001001100001010001000000000110001000000010011100010100010001001110110100000010100101001000101000101001100010010110111010000001000001110110100110110010000100010110001000000000100000011101000001010101001001000111010000111000100
01100010000000101000100010000110000000000001000001001100101000100100000000000010111010001001101100000100000010000011000010001001110000100001001011110000110110000100100010001000011011101101110000010000010110101011000000000001001010110101010010101010001000001100100000001000010101000001010001
11000000000100111001010000100100011001101000110001001111101000011000001101001001101100011000110010000000000110001010101010001010000001011000101000011000000001001000100010101010110110001000010010111110010111011100001010000000001011010100111100100010100011011001000000010000000010000101001011
10110011101100000110001110110000100001010011000011010000100001000011110110100000011101100000010000110100000111000101000100011100011101100101111010100111001010010010001000010100111001000100001010011000001000101110011110000110000010000010101001000000001000100100000000000001001000101001001000
00110111000110100001010100100001000100100010000110111111011000101011000111101011101100111111110000001100110111100001010001000100000000010100000010000000001111001000001000000000000010000100100001100000000111000000010100010110111010100010000001100100000010101101110001100000100001001010011101
10100001010101000011110111011011111101011001010100100010000000101000001000110011110000001001011111100011110010000100110100100101000110010100111111011000010000000100000100011000000010110001011110100101000000011010000110100100101000100000010001001000100100000100100000001001100110000000010010
10011000011010001001011001001101000100001010001111011000001100000101101011000000110110110000100100111100010001000101100000001000001101110000111000100100011101000100100001000010000001001000010001000000001000001001100100110001000011100000000110010010111001100001000001010010010010010011001101
01000100011000010000000011100000111000110001000000001000010001000101010010001000111001000000000011010100010010010101010101000101100110100010010000000111001001000000001100001001000110010011000001111100000000010000101110100000100010111000100010000111100001010101001001100010011100100000001000
00000001000001100000110000100110100001110010100010000001110110000100000010000110110101100000010000100000100101000101001100000011101001000110101000111010000000000001001000100000000001100110110101010100010010000001100110010010001011010000011001000100000101110000101000000011111000011101000111
10000001000001000100110011100111000000001010010000001001100000011011000001011100100001001011100000000000100001000100000111101010011100000001101100101100010001000000000000110101000011010001000111000000001110010010100100110010010010010001000000101001001100000101000010001001110001010001000110
01110110000011000000000101101001001000010100001110001100100000010110110010000011010000000101011000101000010001010111001110010100000000000101101010101110111101101001100000000000111010000000010011101111001101110010011000011000101000111100110010001100010010101001100001000100100011100000100010
01001110010111010010100110101000010010111010000100000110111100000101000010010110000000010000100100101001000000000001001000000000000000000000000000100000000000010011100110010001001101110000001000001100111010101010000101010010010100001010001011000101101101000000000110000001010100000000010010
00010000110000000110010000000000110100000000010001100110100000000001010000001011001010111111100100000000011100001100000000010010000101110000000011100000100000010100011001100001110010101100000111000001100101110110011010011001000000000010010000100010000001100001101101100000000010000010000000
01001010100000000000111001111000000011101001011001010000010001000100000000000011100001010101010000000000000010010010100000010101000101111010010000011010111011110001000011100001010110011011000010111001100110101100100101000110001001000001000001000000000111011110011000001100001000000001110100
00000100100011100110110011010011101110000011110000010011100010100001000110000000101000000001100101010001100010011010010110000010000101100100100110000001010000000000000000010100000000100000010100000010000101000010001000101100001011000100000000000100001001111110100000100001001010000000011010
01011100000000011010000100010000000000101011011110111001010001001010110100100001100100010000101010100110001010010000000100010010010000110010000100000101000001000001000010010110000010010000001001000001001011010111010000000111101000011000111010000001000111011010000000000100010110100001101000
00000000100001010000101000011110100000011110010111010001101000000101101100011100000000000010000000100011000110001011010010010011110000110010111010000100100101000100010101001000010000100011000001000000101000001011010010000000111010100010000000001001111000001010001101011001000100000011000110
11100011101100001001000010010101000101010110000000001000010000110011010011101110100100011010000000010110001101000010101000010000010000101010000101000010001001000110110000101000000100001100100111001000000011000111100011101101100000001101010110011000010101100101111110100000100111010111010101
10011110000100011101001001001100001010000001100011000000001001000011100001000001010000000000100010001111100011000100101101100000001100000110000011100000100010000100110111010010001010000101101001001111110010000000101000010010000010000100001010110010010010001100010101100101011010001010010000
00000110000001100101010011101011010110011101001100010000100110100010100111100011000001000000011000011100011100000011000110000000000110110000000000000010100101000010000000000110111001010001010010010001001011100111000101100010011000110111011000001011111001011001101011100100100001000000101110
00000000001001101011000000110110011000001101000000110100000100000111000100010001000100000100011000010000100100110100101011100011000110000101100011001011101001111100011100010001000111111101000100001100111000001000001100000000011000001000101101100100000111101011000110000111001000010000111110
00011100000000101000011000010000000100000100111101000000010101100110110100011001000000010101110110100110000001000110000000100000000100100000100001100011001000110001101000100011000000111001000110000100010000000111011011010001000100101011000110101100000011100000101110000000001001011010001000
01110110010101010100110000001001111010000011000010101010001000001110000100100000001110011001001000001101001100011101101110001000100010001000000011111000100010010101101011000001000100000011100110111100110010000001000010100000001101101100010001001000101001000101100000000000100000001101100010
01100100000000001000001000010001010011001101010100010010011010010011000010000001110001000100010010101000001101001010010001010000011100001000110001000000101000000000100000101111100001001001010010011001010000000100011000111011110000101010100001110011001100001000000000001100011110000001010001
11101111100100001100010110010100000100001001010010100101010000001101100100000001000000000011101100011101101011001100000000010001000101011010110100100010010000000000010100000001011000011101001100001001011001000101011000000101111000011010011100001011010011000111000011010011111000000001000000
01111010010100110001000010100101001001001000100001101101000010100011001101000101000000100000000000010000001010000110000111011010000011101000000000010100000110011100010000110010101111000001100101110011000110100100100010000110010010111110000000101101100000100000100110000110110100010100101010
00010010000000000000110110000001001000000000000100010000010001110000000000001110001100000010000111010000001011001111011010111011100001000101111111110000111100100110001101001001101001000111110000001111000011100001000011100000101010111100000000010011101000011010010010101010100010100000000000
10101000011100110011110100011010100101100001101100001011111000000100101001011000010100011010000000011001110010111000011101000100001000011000010100000000011011100000010101100110110001000000001000000010011001011110011000100100100000000001000101000010001001001000000000001001001100100101000000
00000000000010000000011011101001110110101000110100001000101000000001000000011111011000000000100000010100000000001100000001001101101100101110000011101000011000000001010001001000001111001100000100000100100000000000010001000000001000010101100111000011111100100000101101000001011010101011110110
00000110010011101010110010101010110000010001000000000001010101001100110110000010011000001000100100100000100000000000100110000000100101001000100001100010110000100011001000000010000110011100000111010011110000000000010110101001011000000001111000100010100100000010000000000001010011110000010110
10000100100110110100000101010111100010001010100011010011010110001110010001000000000010000101100011000100000001001111100000000000000010001101011000101001011100101001110000100101010100010001111100000000110010110000001100101000001111001110100100110010001101010000000010000000101101110110010100
10000010101001100100100100000000100110100101100001000100100100000010000000000000010101000000100000011001101001001011100000001011100000100000001110110000101100011101000000000110000100001010100011101000011100010100101010111000101000110001000001010100001010010010000011110000100100011000010100
10000001001001101110101010100000110101000000001000100100111010000101000010100100001000101101100011000000110101000000010101010101010010100010110000101100001000000000000010000110000000101010000110001000000001100001001010101110101101001000010011010110011111011010101110010000001101001111110001
01000010010000101001001100000001000000110011000000000000011101100100111100110101000001000011000011000000111001000000001000011001010000001010000001110001000100011010000101000000100010100101100000000010100000000111100111010010110000010010001000000001011000001001000011001000000001010001110010
11101110100011111000001010001110000101000000001100010000100100001010010010011010001100011001101011000100100010011000000111011000101110000111101110011010011000101000000011001101101000100110010010100100010011100001110001100010000001011100001101000001011000001100001101010010000010010000101011
00110100000100000000000001101000100100110000100111000100010111101000001100001110001100000110100000000000101000110010100001101001010001101000100100000111000001101000000100000000011000101010100011001000000001001100010010001101011000001100000100111100000010110110000101110100001000101011100011
00100000001010010100000000110000010101000010011001100010010101000001001010010100100001101110000000011000100011010001111000101010110000001100001100110011011001001000001000010001010110010100110100000100011011001000000011000000011110110011010000000100101111100101110000101101000001000110011100
11011000010100111100011001110000101100011111001100100000000001000100010001000001001100010100100001110011011000000000000110010010110100000101010000000111100001010000000000111001010010111100000000011101001011110010000110100000010010000111101000001000011111101001000010100010010110000111100110
00100000000010000010000010000000101100000100000001010000001110001111110001001111011001110000000100001011000001011000001110001011001000000101000011011010010000000011000000110000100001000000001100111011000100000001000000101010100010010110000010111000001011111100000001111011101110100100001000
00111001000111010011111101010000100100000000010010010000110000000000000001100010000000010100111001110100011010000001100100101111101101001000110000011010001000100000010110111000001110010000101110101101111011001100100100000100001011010010010010110010010010000010000011001000000010101000000001
10011110011000110000100000100111001100100100000000101000001001011110100100001000000101100100001001011000101001101010110001001100100001100111011000110101000001010101010100100100110000100100010110010010011010000100011000110000011010111011101010110001001000111100000010000000001000011010010101
10000010101100000100001000110011110000001001011011100111110010010100101111000100010000100110010000110010001000101100000000100000001010000011000010010100000000101100011010011101000000101101110100000001101110000001010010101001110000001100111001000100101001010101001110001000101010010000011100
10111101100011010010000011010000110000010010010100010111001100100000000011110000010101011000011000010010001010010110110000010000011100011110010010011100100011000100000100010100101000000110101010110010101000010000101000101000011100011000010001010111001110000100111101100100001011110001110100
00001010011010111010011100000111001100000000000011000100011011000000111100010101000001100000100101010001001000100001101000100010101000001000000110110110000001000001101001000011010000011001000010010100000010000110100101100110101101111000001100011001100000000001101100010001010000111010110100
00000000000000100010010010010101100110000000000000001001000000101010010100001110101110000000100011000000101000001010000010000001101001000001101010101111101000001001011000100100000110011000101000100010110001000011110011010100001100101000000000100000001011011001101110010111001000001100001001
10001010001000100111010111011101010010001001010000001100000010001010011110100100011110010000101000111000110000001100000010010110000100100100110100010101010001110011000001001010111100101101100011101101101101000000010000010010001101100000100101000100000000100101001101001011010100110000010111
01111000110001001110000001111000001000000110001000000010011000010001011100011101000110100101100101100100100000101010000000101111100000010000110010010011001100001100100110000110100111111110000000001100010001000011100011101110100000010000010010000011000100100010101010010000101000001110010001
00100000000111101011110110010100000000011011110001011010000111100011000001001011001000000010011111000001100001001100000100101000000110100101001010010010010001100010000010000000011101110000010011110101001010111000000110000101010100000000000000100011011000100010010000000001100010101101001000
00110111010010110000110000100011001011000101001100011010000100010000001100010001000100001001100010111000000100010101000000100111100000110010001010001110111001010010010101111101100001010000011000100000010000011000000001000101000100100100000101100001000000111011000000010100111100011110110001
10010100111100101000100000111000000000000010011111011101100110000100000001001101000011000000010010100001001001000000000010010000010101000011010100000100011111001000011001100000110000110001000100011111100000000000010100000000101000000100010000110010000000101101000101010010000001010101100100
00000000010000100000010011100110011000100011000101011001101100010010001000010010000001110011100000010000100000000010000100000000101011010010001000000000010011010000010000000010110010001001001110110001010000000110000000010100111010000000101000010000110011100001001100000000000001001010101110
00000011111100000001011010001000000010001101000000010000100000011101110010001100000000001000011000100100010110000111010100101000011001010110111010001000000010010000011111000000000100111000101010110100000101110000000010000001110001110010001000010000001001010000000010010010111000011000001000
10000001011000000101000001011000001001010000001001000000001100001010001000100100010101001000011010010001111110001010000010100011011000100100001100010000001100101000010001000011100001101010000100001010100000000001001000010000000001011001001111011001110000010000111001111100010000000100101010
00010100111000011000000010010101101011100100000000010010001001100010010001110010100000100010100001010000110000100000100111001000111000110111001101100110010111100010111000101010110001000100101100001000010100010000001100011010100000101110010001000010000000010011001001110000001010000101011101
10110100000110000100101000000000000001110001000000111101101110000000010001100011011001100100011000100001000000000000000100101010000100011000000100010011110111110010111010000001000000110010001001000000001100110010001010100110001000000100010110000101001000000011010010010001000010101000000000
10110000011000000001001011000101000100100010101011010100100000101000011101000111001111001110000000111100110100001000010000100010001111000010100100000000011000000100001110010001000000001010100001000010010000000001000010000011000101000011000000000100110010111111111000001110000011100001001111
00000100010010000101100000100000110000001101111000001011001011000001100001000110010011000000110000101000100000100100001001110000000000101010000100011000001101011001000000011001110000001000010100000000101000001000000011101000010000101110010000000001000011010010101011000100100000000110011000
11100111000100000101101100010010100000111000101011011100000010010111000101000100110000010110110110011001101001000001111000001101101001101000000000010000110110011000100000000001000000111001100100101101011101001110000011100110010101000100011000010111101100011000101000100000000000000010100101
10000010110000001010110110001110111000000100010010100001100001000000100100011010100000111001101000000010000011000001001001000000001000010000001000000000110000010011001111110000011011000101110001010010000001100110010100100001000110100001010011010010000101010000000000100110100000000111000000
01011000100100111010000100110100111010100000000011100001100001101010110001010110010100001111001010001111100001011001101011010110000000000001101100111001100011101101010100010000110000101100010010000010110011101000000010000010010001100000110010010110110000101100001100000101001010010100001001
10011001001000000001111010001000000000000011100000000010001000100000011000000001000001011111000000111000000000000000010100001010110010100001100010010011111000101101000101100011010011110011100000001100000011100001110010100000001110100000101000000000000011000011101010110000100101010100110000
00100000001010001100010010001000000010001111100001001010110100100010000010001000000011001011100010000111100000000011101001011000111101010010110001100010000000110000000101011001000001000011110101100011010000100010000001000001001010010000000000100001011001000100101000000111011010000011001010
00001000111000100000101000000000001000000010111010000011010001000110010000001001100000010001000100011011001000000110011011100010000110101000010010110011101111000100101000000001100010000110011010110000110000001100011101100010111011011000011010110110010100100111100011000110110100110000000000
00000110001011110100000111000111010001011100010000010000001001010100100000100101110001100001001000101100110100001010000000100001100010011010011110010010001000000100100010001000000101000100010110000000011100001011011000011001000100000101000110001010000000000010000001101011100010101100111000
01001010100000011000100000101001100000010000000001000000011010010101110000100000000101110111000110000101100100100000001011100010000111001000100011110110000101010000100000110111011100000000100011000110011000000000001011011000010100110001010111110000010011100001100110011110010100000001010111
00010000000100000100111110010001010001010010001011000100101000000010000010011101110110111100100100011000001011101000110011010100011000111100010100110010001101110011111101101001100110010000010000010000011000111010111101001111100001001010001010110100000100000100000000110000110100000000000000
01000010001000101000001001001100010000010011001101100001010111000000100011000100001111000110010000110010110111100000110001100100100010110010100111000010000100010001010001100001000100100101010010100100000000000100110000000100000010001110000011000001011110100100000000010110011000000111110000
10100001000001000110010011110000100100001000000011110000100100000100110011000100010011000011000100100011110001100000001111110101000011000101011000010001000101101101000001100101101001000011101110000100000000101000011010110100101110001011010101100000100000000101101010001100110101000001000100
00001110100000001100111000011101000011010000101101111000000000110000000111011001000000001111010001000010011000000000001000100000101100011001010010111010000000100000000110000000000000001101010010001000000000000100001000010011010100010100010111100000011000101100001000011100101001100000010000
00000000100000100001101110000010000100101011000000000110001110001100100011010010110100001000010001110001000101000001101100001111010011000000000000000000000001001111110101000000110000001001001001100001000100110111100001100011000110100100010100001010100000110010100000001110010110010001110000
01001010000000010110000000000110001000100100011101001100011010010001000000000001000000011001010010011000100000010000100101001010010001100110100010010000000000001001010100100010001000000111000110000000001110000101110111001101110011100111110000000001001100010001100000110100001010001001100110
10011110000000001010010101001000001110011010010000001110001001001011000000010101101000011010011010000011000100111001000010101101001100000011000010111001011010100000011101110000000101010000001000000101110100111111111111011000001001100001000000101010010111010000101110001011001110011000000010
00011000000100011000001010100000001001001000110010110010111001011010000010010100000001000000100000100010100111010001011010001001101100000101000000111111001000000011100000001101000001000101010000010000001101001101110000001111011101010000010100110101000010011010100100001000101111000000110101
00010011100000100100000111000000101001001000000001111001110110000001100101000110101011000010001100000100100100001000111010010100100110110010100100000101011010000011000000110000100000001000101100010001101000011101100000001101100111011110010101011000100100110011001000111000010001101011001111
10000000010010011001011101000111001000011000100100000100100010001000000100100101101100111100101001101001110001001101100111000100000000010100000001011000000001000000010111001000110101101000011100101100100000101000100111001000110010011011100100010001000010000100000110100011000000000011010111
01000011110100001000000011010000110110110000001011111010010010001001000001000000100000010000100000011010011000111010100000011000100101010100000010010111100101000011111001001001000010001000100110001000100000100101101000101001101010011001000010001110100111001100000111011010001111001101000001
10110100010100100001000001000110000000001000010011001100000110010011110001101101110010000000101000000100011101000011000000000010001010011000001001010110000000000000101000010001001111100110010110000100001100000000100011010010101100110100001010000001100110110001000000111000001001100110000010
10101100010010101010000011000000011110100100100011000001001010101001010000110100111100100001000001110110001100000001101001010000101101001101110000001111011100100001010100111000101001010000001001000110010000110000001100011101101100001000001110010000110001001100100101001010000111000010010000
10000000110010000110010000100100000010000111001000100001010000001000011010110010011100010100110010111101010100010000111000100000010101000001001001000100100001010001100011000010000010110001000100110100001111100000110100011000110010011100000101001010100000001110001000001001100010110000100000
10001010111100000000001000100100100000100101111001010000101100011010010000010111011000100000000101010101100110011000010001101000000001110101000001000010001001000000001011100110000111011000001111101000010111100010110000001010100001011101000100010101100001110001000001110001000000010100001111
10101101000001101011001001110011101001000011001001010010001110010001000010101001110000010000000011010100100111101010110011100011000001000110100111011110010001000110001000000100010010100100101000000100100001100100110010010101010001001010101001001100100010000101011011011101000000100000100110
01101001101100100100001101000010000110000100000000000011000101101001000001101101000011100011010000010100111010000000100000111001010100111101000010111000000100101011100000010110010000000101000000100100110100100100000000000101000001110101000010001100000000100000001001001010001111001010011110
10000100000001110011010100000001011100000010101000011001000000101000001000010100010110010000001111001001000001001100111010000011000000110110101011100011001111111000000000010110110011000010001000000110000000110110011001100100010000010000011000000010001100110000010101000001011100110000100000
10010000110010000010110000100001101000101101010100001001011110011101110111011011111100000110010000001110100100001101000001001010100000110101000001000110010110000010100110000000001010000110000000101010000100101011000111100100001001010000110000010001010100101011010100000101000010000101000000
00101100111100110000010010001000000100100100001010100000011101000001000010001001000000010101001000001111100011011100010000000010101000010010000100110001010000000000101000100000011000110010000100000010100001001001000110100000000100001000001010100100000010010100010000101010100001000000110011
00110010001110100001000100111001011110101111010110110110110001010001100101101000001010100100111001101101101000100000000100100001100001101010001001011001010000011110011110001111100100001011000100011000010001001000010111000000101011000000100001010110110000010000100100000100100001000001010001
00000010010111000111010011000100000000011101010001010100100010000001000100010101010011010000110001000010110000101000010100100000000100110100000001100010000001110000000100000011100100010100000000101000010101110100000010010011101110001100100000001000000000001100000101000111011101000111001001
11000100000000010000100010000000110010000000000000001110101101101000011100110000110001010000010100010010011010100011100111001000000101101100000001001010010100000101111111001000001001101001100001000000000001110011010001010000010100110100000000011011110000100000000000001000010000011000011011
00100000101000000000100100011111101100000000000010000011010000000100110001110001000100000000011010100000100001100010010000010100001011000000010010011011001001011010100011000100101100010110000101000101000101010000000000001010000000001110001010001101100101000001100001000001100001000110100000
