10000011100100011010000100000010101001000010100000001010111010000000001100100001000000110001001100001010110100001000000111010010010001011010000100010000011101111101000100100000001001010000000000101010000010010110000100001100110111
00000100100000001000010001011011111001000110101110100000001100011000010100000000000000000001111001111110001010000011000000100000000101000100000111100010101000100000010010110101100011010100100000011001011110000111010010010001000001
01000101110000000110010011001011100110000100001101010010000010000110010000010100100111010001001000001000110001011000010000000001000110001010001010101011101111101000010111100001000001100010100111010001111010000000101001001110000001
10001100000010000000010000100001001011000100111001100100000100001010010110110011001011110000100100000000010110000100101100100100010100110100001100101000100101100000000000000000101110111111010001001110100011001101100011010010000111
01000100101010000000000100011011000010011101101011010101000100100110110000000000110000101100010010100010010001000100111000010001100110101010101010000101001000000000001100000110001010010010010110000110001100000110000110010010011101
00110001010111100110001001001000110010100000010001000010000000011000010011010001011001011000010000101010001010101101001101011111000010000100010010101000110000000011100000001011011110010010111001110000010011100000000111000110011000
11110110000010111110001010000000100010110010000000000001011010100010000110110110101111000101011001010000101100100000011100001100010010000110000000000000010001100100010111011010000110101110110100101000110101011001001011010000101000
10010100010000000010011011010011000010000010100111000101000100010010000000001100100000001110001000000000110001100001101000111001000101011101010001001000110101111010000001100000110111000000011001010000000000111100100111111011100010
00100101000100010000110001001100010001011000001101010000001101000000000000101000001000000100110001110001101010000110001100000000000011000011001100010000010001001000100000000000001001011001110001010001111000011000101000101100100000
01000010000110101000001011100010101010000011010000111000110000010001000000011110000111100001100001000000101001000000111000110010010000000100000000100000010000110011000101000100000100101110000000101000101010000000100110100010001000
00100000011011010101100100100110101001010001011101100001011000011011000110010000001100000000000001000101001001100001000110110010100001000000010111101100000010010011101110000011010110111100100101000010100001111000000100000100000000
11111000000000111111001110000011000000110001001000000100100000000100000111100000010001110000110011100100000000010000001010011000110100100100000001000001110001000001100011000000000011001010001000000000010000001010000000010111001000
00000001000010100100100011010101111001101000011000110110011101001100001110010000110110110101111000000101101011010001000000001111101010100000010011000110011101010000110001000000101100100110000001010000100000101000011000111010000110
11000000001111000001010011101010000101001101100000000000011010000100100000101000110011011110001111010110011000100000101001110010010010000110000011000000000001001100001100010000111001010001111000011000100001100101010001100101000001
00000010000101111100001010010001101000010100001111000000101101100010000000101100001001110100101111010000001100000001000100110100010000000000111100011001000010101000010000001100000011110011111011010111101101110001001010000001111010
00110101000001110001001100100000000000011100000010000011100000101001110011100010100000000111001100111111101011010000000001001000010100000101000010011010000000000110100101000001111101100010001001001100010100100001010000000000010110
10000111110100000001011101000111101100011100101101000110010011001010000001000001110000110001111000010011110000000100000011001000000001100001010000011011110011000000010001010000011110000001010111000110001111000011000001011101101000
11001110010001100000000101100101010001000011000101110011100101000001010011100010000010100100000101000110001001001010000110010010100110101000000011000100000000110001010001100010010000100010010100001000110100010010110100110100000001
00001001001100100010010000111110010000100101110101110011101000010000001011110111011000111011010000101010010000010101001001111110000000100000001001000001101000100010001000100001001100011010001100100111100001011000100110111010000001
10101001010011100101100000010000000000001000110010100100001000000011101100100010000000000001010100011110101000100010001000000010010000100010001101000001010000010010001101000100001011001100000001000001000010110011010000010110000100
11001000001100010110001010010001010010010000100000000111100001100010000000000010111100000000010111000000000110000110011000011000010000000110000000100000010010011001101100000101001011010000100100000100001000010001010010010000111010
10101000001100000011010101100000010100000000001001010001010010100000000101100010001101111100010111011000001010000111000001110101110110101110100100010101010010001001010000000000010011110010110001000010110001000100010010110111000100
01100101001000001000001010000101010100101000100001001001001111110100000101000110101000010001100000111010000001000001000110000110000010001110100101101101100100001100001100101110000110000010001000010100110010001000000011011000100011
11001000010101100110000000100001000010100110001100000010100010001000000100011001010100000000001100000000001000000111011001100001100000110101110000001001111100010010000010011100101001100000010101110001100010010110001010100001010010
10101000110000000000100011101000011100011000000000000000010000101101010001000000001100001000100110101110000010000000000100010001001011100000100001011001001001011110000110100010001000010000011111011000001100001101001100110000000000
00010001101001001010110100000110010010001010110000000000011000100001001001001100010000000101010101010110100010000101000010001000000001100010000101110011100111000000101000101100100000101100000100100010000000100000011110010010010001
11010000001001000011011011001100100101100000100100100101100010101000010001000000000001010000111001101011110010100110001100011110001010000000101100011000000100110110000000000001010100011000000100101100101001111100000000010000001011
11000001100000000110010001101100110000100110000110000010000000101001100101110000000011001011100000010000101001000000011000000010000100100010100011111010001010100001101110000000100000111011000000010011111000100111000010001001000100
10000001110001000010010011101000010010011010010100000010000111000100001000100010100011000000000010110010000010000101110110000000010100101100001100110110010100010000000010000001000111110111100000111100101000110110101101110001001000
10000100000111011100110000000011001000001000101010110000001000101010111111010000011101011011000010010001010000001011111100000001011100011000000100000010110010101000001001011101000000011000110100011010010000100010011110100001010010
10001000110001011001000111011011100000011110100010010010000010000100111000000111001000000000001011001000000100010000010000000100011000000001011010000000000111000110000000010110011100011000100101010000101110010001001000111110110011
00000001001101010000010110100110000010001101000001011010010100101000011110000101100000000000100101001100111111000010110100000000010010001000001000101001101010001000000000100101011101100100100110010001101100000101001000000100001001
00000010000111110010111111011100000100111100000000110000001110000000100100110000000000110010000100001100000100011001000100101000000000100001111001000111101000011000001010100010010010101000000111010110011100010011101001011001001101
11000011000100100000010000100000001000000000101111010111111011010000000010000000000010010001010100010000010001101100100110011000000110010100100010010000010000100000101110101011000000101100001011001011000000100010100000001001101100
11100000010010010100000011100011011100001001010011100110100000100011011111010010110101010100000011010100000110001000100000010100010100011001000000001000010011010001010011110000001000000101001000011001011000010100000001110110111100
10100011011101001101010001001000110001110010101000001011011000100000001001100100000001000011001000100011010001100010000001110000010110001010001001000110100001110000101101111101010010000101000101101001101100001011001001001100000100
00110010110101000001100101110000000100001010100010000110010101011010001110110010100010111000110001110000000010111010111101000111100001100000000110011101100001000001100000000000001000000001111100001001001101100101001110110000001000
00001010101010010110001000110011000100010111001111100001001100001000001100000001101001010111000011000010000100000000100101100100000010001001100000001000000000100011001001001111000100100010000001100111001110011001100110011010011010
00011110001000011001000000001111000100000001100001010001101000110010000000101100100100110110100000010100100001010001011100000011101000001100001001001000101000001000100000011001010100101100101110001000010101000001011110000100010010
00010001100011101001000000101001001011101001000000000010001101010100100000100000011111001001101111000010000101110011010010000010000010011000010100100010000110010000101000010000000001100010010111110110010001000000011000100100100100
10100100100110000000010010001001000001000000001101101000000100001000100111001011000110000000000001001000010110011000010010010010110110010000000000001011101000001101000100100001001111001110000001000000101001000001110100001101100100
11101000010001000110000100110000010111010100001011100000001110101010011100110110000000011000001111000010100001010000001010010010001001001100001110110000000010001001011011011001100000000000011100101000100001100100001010101001000000
10010011110001110100100010010000000001010000010110000001111100100000000011110100101011111010000010000001111100001100111100110100000010000101010000000010000100100110010000100001100110111000011011011000000101010011001010000110010001
01011000000101110001000000011100101001101101011011100000010010010001010111100010000000110001001000000000010100001100100000100000110000000010000000000000001000101110000000011000000111000100000010000111010010001000000010100101010000
00101011000010000110001010000100100011110110100000010001010000000100000010101000010101110111010100100101100010101101001010100100110000100110100100100000101001000001100100000010000100100001000100001101010101100110000010011010000000
01101001000001000011101001011011000110111000101101001011101001011000001101100000001100010001001011100000110001100011011010001000100100101111101010001000010000111000010000111100110110010000000000100100100001010100011011000100000100
00010100010010010000000110101110100011010000100000101001000000000011011001010001000001100010011000000010011100111000100000001100101110110000111000100110100111100001110000000010001000101101000110010001001000100001110010100011000010
10100100010001000000101101000101000000100001011101010011110111000011000010100001000001110000100000000010010001000100111101000110000101010101010101010011100000101101111010101000010110000101001000010101011001001100000001001011110011
00001111000000000010000100010100001110100001000000100100000010101000000000101111001001010000000000010101000001001000010101010000111000011011001101110110000000110000101100100000000000011000000101110110000000001100000110001000000110
01000110100100010000011011010001000101010100010111010001100001100100000011000000000101010010100001100011000111001111000110001000100001001001010011000000000100000001000101100110000100001110101100101110001111000001001010110010100001
11101111000010010110111000011100001001010011000010001110000101101111101010000110100001011100100101110000000000001000011111000010100101001000011010000000100110010010001011100001010010000000110111100000101100010000101000110101010100
00100101010010011010011010100110110110101100000000100000100101000001111000011001100000001100100110001011011001101010100001010000100000010101010100010001100001001001000100000000000000011000110100001001001101010010110000000011100111
01010110100001010000000011000110101011101001110011000001111111001000100110100100000000000100000100000000100011001010011011100001001000100111100001110001001011000000001101101111100101001100001000100110101000000000010000101111100111
00010100010010010010100100001001001000011001000100111101011010100011000000100001000000001000110110010001010001010100010011101010000101110011001111100000111100110100010110010000000000000110000100101000000111111100110100110010011000
00111000110000100000101100001000001100001111001000100000000101010000100011010001101001000011101000000010101000000010010100010001000000100000000010100101000000000101010011100000110110010101011000101001110100001111011000001100110100
01010000000001000010000110110100100011010011010000100000100000010010111010110000000000010001101000100110100000100010000010011011000000000101000011010010111010011101010010100010000000101001101100010000111001001010001001000000111000
10000000010110010001001001011001000110100101100000100110100010010000001000000000100011101000001001000000000000000110010000000110100000001011100010000010110000000010011000010111100001000000100110001100000000000111010000010001010111
10010110000010010100001011010000111001101101010000010000001000010011000010111001011000001100110000110011001000010010011110000010110100011000100000010000000001100010001000010110101010000010010000001000110100010010000010100001111010
10110100000000111000100001010000011001000100100000011100010000100000110011111010110000000000101000011000000100110100110000100110000110010100010010010010100001010000101000000000011100001001011011000000000000111011101100010000000010
10110101000001110010100000011010101000100010010000000010000010110010001011001000001000011110100100100010000101101000010010110000011001010101010000111010001001111000010001001100100000000010110001011100011100010000110011011000000010
10001110010110011100011010000101000101100001101001000001011000011010000010100110000011101010010000100001010000000001110010110100000001010101111001000000100011001110000001000010000000000100001100010100000010111100101101000110110100
11010001010000000000001111110001100000000010011010011100001011000010000010110000010001011110111000000000100100001000110111000111100001100100100001011000000000110110000101010110100010010101000011110000000000100101000000111000111011
10000010000010000000001001000001011100000001100010000011000100001011100001000011100001001100010000100010011100001001010010100010011000000100100110010111000000000010100010000000000101011010010000000001010010101001110100000001000110
00010000100100000001010100100001000001000001000001010001111011000111000111000101111010100001000011110001000100000110001001101101110010010000000100001110001000110100011000101000110010001000101001001000000000000101001001101110110000
10100000001111010001111111110000011010101001000000000100100010000011010001001010010000110110110000111011010010000010101000010000100001010010000000001111000110001111000111011100001000011010100011101001100101000000101000011000011010
01101000001000000110000000010011010100010100000101010000010000000010000001110101110111010100100011110100000001110001001110001100111000010000001000001001100000000101000000100000100010110001001101100000000110000110001111010000000110
10000010110000100000001010010011100011110110010011010001010110110001010010001010100001001010010101101101000100010111010010001001110010110101010010100001101110000000010000000100000010101110000101000000010000010100011010101001011110
00001000000011000000000000111000000000001110000100100110001001110000011000101110100000000000110000100011000111000000010010100000000000111000100101010001100100110101000000000000100100110000110000010110001101010000010110000001010110
11001010001000000000100011010000000000000000001100000110100010000010010111000011000100001010000001101101100010100100000010011000000111000010001010010010001010010100001100111000000000001001100000011000101001000100111001010001100011
11010010111111000000011000001000000010111100100001000100100111000100001000010000001000101000100001000010010001010000010011100100000100011101000011000110111100001101000000000000100000000010000110000010000100010111100000000000100001
11111010001110100101111110100001010000010000110101011011100000011001000001000110100100000000101001001010010100010000000101000111010100010010010110110010100110001010100000100011000000001100010001000001101001000000000100100000101011
00000000000010000001000100000001010000101010000001100111000100100000100100011101001010110000000000001000111000011101000110100100000011100011000011001110001001000000001010011011010010011000010100000000100011001000110110100010011000
11001101100110000000000010001000000000010110000110100110001000101000001001000001100100100110101000111001110100010100000101010011000110100111000001100010010001001010000000001000100101001011010000010001001000000000001011100000110000
10000001100010100101101001010101010100100010100100111001000110111101100000100100000100001001110001000000001000000000101101000000100101000001101001001001111000110101100110100100001010111001011000010001000100101100000000101010001100
00001111000111001110011000010010010000010010000111110000011111000000110101101010000101100000010001111100000101100000000000010010000011101100000000000011001100000000100010010111000100110100000100001000001010010101001010101001011000
00001110001110000000100100000111000000001001000000110000010000100000000111010010000000010110010100000011010000000010110001110010010000001101000010100110000011110010100100000010000110101010001100001100010011000000001000001000010111
00101100100000001111001001011010101111111011101000010110001100001010110011011101010000000100000101000010001000100100101111000101010101000110010001001101001000011000000001110100100100000110000101000000001000001010010100100000101111
00100010010010001100001000000111100000010001111000000100010010000101000000011011111000101000001110010101000011000000010001000010110101111001000000100100011011000011010110001101111000001011001000000001010101110000001100111000001001
11111000000011100010000101001011010111010000101001110110100101010101001000001110000010000100100110000101000001000110010000010000000100110001000001001010111101010110101100101011001100000001100010000110001100000101110001111100001101
00010011001010011101001010100001010000000111001101100100001000001010011000110110001011000000001001100100001010101100001010110001001111001110001000010111000110000101000010000101000000101001001111110110010001000000100110011111100000
00011001100010011111000000100001010010100001011110011001000000001000000100101000101001110100101000010000010110010000100000000000100000010010011100100111010000010000010100100011001000000001100001100001001011000111010000000010001100
10000100100001100000001010000000100000000010100101001000010110000001010011010100000000100000010010100000011000001000011000000001110011010011011110001001010011110011010011101001010100001010000000111010100000110000010101100000111101
11100000101100000010000001010000100110110100010001101011000100010111001100101000010011010011001000100011000000000000100100001110001100000111100010101000000001001000000000010010000101000000000000011000001000010011010010000001000101
01000110111001110000110100001010000110000000010010011001000001110100000110000110101011101010010000011000110110010001101000101100001110100011011001100101001011011100101110000010101000100010010011010100001100001001000000100001001010
00010010001001011100100010011110001010100100011000001110000001100000010000000000100101110011000010010110101100000000100100000101010100011000100000011000011111101001001010000010011111011010010010000101010100000000100001001101100100
00000010000100010110001010011000111000011011010100100101100000001011010100000000000001010100100111000001100100010100111101000100100001001010000001100000010111010000000010100110111100001011001001011100000111011000101000110000010011
00101001001101100011110000000001000001111101001100010001000100101000111000110000100001100010001100101000001101111000011000010100000011100001000001010000010011101001001000000000001010101100010100000000010011111000000110010000100001
00110000100010000001111100110100000001001110101000000100110011000101100000011000100000000101000011000000011000001000000110001101010100010000000011001001001110000100000000000011000101000010010000001001110000000011001000110001010010
01110100101001001100000100000000000101000000001111000110000000101001110100010001000101001000100100110011000001000010111110000000000000100000100010101010010110110000111010100100000000000100010010010000000000100110000001001011000110
00110101001000010100000100001100100011000011000111101110110100000100011110000010111100000000001001010100101111000000000011000001100110010001100000010101001000001111000000011000010000101100001000000000110101000001000010000010001011
01000100110011001111101010011101000100101010110110001000000000011101001100010010101010011000000010000000011010010001000111000101000000000000000001001000000000001000010110010101001101000100100000101100100101001001000000011010100100
01000111000011011100101000000110001000100010010000001001010000100000010101010100001100000100000001001010111000100010100010110000110010011110001100000100010000111000100111000000000110001010100101100100010010000000110010011000000101
10110000001010110011100100010010001010001000001010011001001100000101010101010110111000000010100011000000001100100100001001001001100000010010010100100000000010110111001100001000000010110000000000010110010000010000001000000111100100
10110001100010000111000010010001110000000000011010000110000010001100100110010000011100010100010001010011000100001010000110001001100001000100000001010111000110010000000100110100110000000110010001101000000110001101000010000001011010
11011010000101101000100000010010010101000010011110000110001001000001010110000100011100101101000001101000100111100110111100010000100010100001000111000001010000001011100000100001011000100000000010000011111000011000000000000010000111
00101100000000001010001000010100011001100010101000001000101100000000000000000101000100000100110000010011100001110101100001100001010110001111100000011110000100000011001010001100110010011000000100001000000010011000010001010001001011
10000000000101001001000100101010001001001001000010001110100100100000000110000000000000011001101000100111010100000111001010000010000000101000000010000010001011000100110011001001001011001000001110000100000000110101000101100001001100
00000010000000011010100011000000110001000101000010011000101010100100000000000001001101011000000000100001010000010000100011101000000000010001001001000000111001001011011100101011001000101110010001111100000000001000000100100110000111
11001100110010000000100010000110000000000100110100110000000101000000001111100000000000010100001001000101001001100100101000000000001001100001011000110001000000111011000000100100010010010101000000011100100100011000101001011010010000
01001000000111001100101100100100010101011010100000000000100001010000010001000000000100100001000011010000001101010100111011000000000001010100001000100100011011101001101000001011110001010101000011101001110000010100100110000000000101
