011011010101000000101010000000111001000011010100100110100000
001001101000000000011001100000100101000101011001100110010010
011100100010111001001010110001010001100010000000001000100000
101000000001100010001100010000000100111101001010000010011100
010110110011000010000001001000101110100001000100010000011001
011010100100001011101001000100000101010000011110100001011100
000110011110011100000000100000000010001011101011010010001001
000010000011100100101100100001100001101000100010010110000000
010000000100001010011010000110011010100011000001000001011010
101001000001010001100010111000110000000100100011110101101100
011000001101101000000000000100011101000110000000010010010110
000111110001110000010100001000101010001100101001000101100110
100001111000100100000000100101001000000100010100010001111000
001100001000111101000100100010010000000101000100010011100110
000110000100101010001010011110100000000110010011000000000010
100010010101100101000110000000001100001101100010100100000100
000010011010100110001101100000111101001000000001001001101010
100001110100010000000000011001010111000001111000100100110010
111000000000010000101000001101110010000000001100110100001001
010110010010100000000110000100010100011010001000001001100100
010011100011110011000010011100000011001000110001011001001000
001111110000000010010010010000100000011010010001010101101001
000000010100011010101000011110110110011101000000100000000001
000010010001110001100000101101010001000101100001010100000111
010100001000010000101011011111010010000000011111001010001000
101001000010100011101000100010001001000100110110101000111010
111101001001000000000011000100111010000010110100100100000100
000010100101110100000101110000100111000000000101000010110011
010011010100101001100110001100110110011100000001100000000010
000110011100010001011011000000000001100000000010010011100001
110000000101001010010010001100000100100001100110100111000101
000011100000101100100001101010010110100000100000000100000010
000110010101000000001010000100010010110011010000010001110000
000100000111110010011001000111110100000110010011100000000100
101110000111100001110010010110000000011000010100001000100111
111110100100011010000001011100101000111100010000001100001000
111000001011100011010110000000000010000000010001010101000000
110001001000001100000110101000100011011001101000000001100010
100001110010000110000000011110100100000010010000010001000001
000010101101010110110000000101011000001000111001110000010000
000000110000000001011011011100110000000001010010011101100110
001110101100010011000100010000010110000001100011101110001100
000110110001110000100000000000001010100101010010111010010110
001100000110010001011110011010000001100001001010001100001001
001001000100100001000110001001111010001000110000000011011101
001110010010100000101100100001110110100100000010000000000001
001000101010010000110100100101010100000001001010110001100000
000100001100001111110000001100001010111101100100110000000110
001101101100010100110000000011001100101101101000001000100001
000001100001000110010000010100011100010101111000010010000000
000010010001001011001010010010010010010110110010100101100110
111000110010001000001110000001100100110100100001110101010010
000101101000010011000000100011011001111101000001001000110001
110001010011000000000001000111001000111101000111000100100000
100100101001101100101001001001101100000010000011000101110010
101100001000001100000010010001000011101000000001010100001100
000101011010010000000010101010100000111000100001100110000111
010101101001000001101100010000111000010000100000000000110111
001110010011100001001000010100000010100100010010001000110101
001001001000010100010001110101001101101110000001110000011010
101001001110001000000011001011001010000010000110010010000000
100000100000000110000000100110001010010011111000010010000100
000001000000011100010001010010100111100010000110001101010000
101000000110001000000001100000100111000011011100011000100001
001110110011100001100001000010110000000001100100010000110101
010100110010000101100001000010110001001110000000000011000000
100101001000010101000001010100110011000010000100110010110010
001110110001111000100010111110010010110010100001000000100000
010000111000101000110000100000101100110100001001100000101111
100000001101000010011010110000000101100011100010001000000100
011101000100010111000110000100001000001101000101000011001000
001111011110000001010000110001000110110100010001000100000001
000010100010001001101001001000001001010010100101000000010100
100101100010010100000010100001100010001001110011001101110000
000100000001010111010010100010100001010101110001111000110100
000000010101001000000010010010010000010001110010101100110000
110000100001001100011000001110001001110000000010010100100100
000000110001001100000001000010111000101010010011101100101001
000100110000001100100100010000110000110011101000000101000000
100101011100000011110000000000010001000001010110000100001000
001000010111000000110111000001011000110001000010000000110000
000000011101000001010101000100101101101010000001011000000000
000010001010111000100100010001100100000100000111101001010011
011000010100110100100000000001010100110010110100010111101001
001000100000000001010100000111100000110111011100000000010010
001010000000000001010110010100001100010010100110001001100000
110000010010000010000011000110011000110001010110010110010100
100000001001010100000000000011100001101011000101001000101001
100101101100001000110101110000001010010100100010001001000100
100000100100001000001011000101001000011100011010100001101101
101001000110100100101111001000000001011001000010100001000001
101101100100000111100101010010011000100000000000000100100101
010000110000001100001101010001000010100000010011001100011001
000011001000001000000001000111010011011000001101011111001100
100000000001101000010110010010011001000001110010001011110101
000110000101000011011100000110000101001100011110011011000000
000010100101000111000000011100110001100000000011000001110100
111100011011110000000000110000011010110001100001000000100010
000011101110110110111101000100000111000001010100000011000000
001001010000000010011111000001100011110111001100010100100000
