0000000110100101111001101010001001100000111011000011000101000000010111110010010001001010000011001110100111001000100011001010010010100010000000100011100011100011001110100001011010110100011000
1110010100000000010001000110001011101101010110000100010010000110001000000011010010001100000010111000111001010000000000100000000100000000011110101110110000010110011101101001011100000010110000
0101001011000101110001010010001001111110101010000011000111000000000110001100010000010100000100101010111110001001100001101000000101000001000100101000010010100011110100010010101000100000000100
1001001100100000100000100001000001100111010010000101110000110001101010000011101000110011100000001100000000000011100011010100000000100000000010010010100011010000001001011001010000000000000000
1010000010000100000100101001010001100110000001000000100011000011000100110000110010100000110010001011001101001100010010000110000010001001000000001101000101010001110000100110101000010100000100
0000011011000100000101001100111110000000000000010010101101000011001101000011010100010001000101101010101001001100100100010000110010010110011001000000010010000100000000100100001010011010010011
0001010101110010010001010001101111001000110010011010001100000100111100000110001011001110011000010110010110110011100000110011100000010000110100001000000001010010010000000100001100100011000010
0100010000001000001011011001010100111011100111010001101010001101000001100101011000001010001001010000010110010100010000001001010010011001011000110000001000010010011010001000100000100110000010
1100001000111000001001000001110000000000110001001000000011010000000000001000000011000010010110110101000010110100010001000110011100000000010100110010100000010011111000000010100001100110100000
1001000010000100111101100000110101100111010001101000100000000011100101000110001000100010100010010000001000010000100000000101111110100010101100100011010111001100000100010000100100111011100100
0100000010001000001100010000001100100000111000011010001100110011000101101000010000010110101100001000010010110011001100100110001010011100100100001100001001000000011000101000001001100000001111
0000000010101100100010000010100110101100100000000000010100010001100100000110111100100000100011010010011000101001010101001000101001110001111001011011101100000011101000100001010001111100000100
1101011001000000011110110100100011000011000000001000100011011111000000000000010000001000000110101011110111100101001000000000000010001000000110100011111001010010000010100010110001010000000001
0100011000101000100101001000101011000000000000110100010110000110001100010111000100001100000101001100101011010110100001000001101100000000000000100001010110001111000000000101011101101101010000
0001001111010000100001110100001101110111010100101001001001110000000000000110101000000001110000000111100011111000001000001000100000010110010001000100010110101100100111100000000100000100000000
0011000000000111011001000001011111001010001001011111001001011010000001001101101000011000100001110000001100000010100100110110000101000000010011111101101000010001001101000111010010010000010000
0010101001001110001011111110000001000011011011111101111000110100010000010001001000000000101101010110001001001010000011100110000100000100000001101101101101100011111010010100010100000000000010
0100001101011000100001110010000110000001001011100000011010100100010001000100010001000000110110101111100100000000101000011001000000000001000100100000000110101110100000000000000011010010011101
1001011000100000000011001001111011010000100100000010100001001101100000100000000000100001100111110011000000000100111010001101001000100100110100010111001000001001001101101100100000000010001000
0000100110001100000100000100011101111100010001000001100000100100100011010101000110010000000010000010110010100000000001111110010000001001101110000000010011100110001100000010000000001000001000
1100111001110001101010101010000010000100000000000010111110101011000001010000001001001000010111100101010000000010100000100000000011100001001101101001010001100101100100001110100001011010001011
0001010001110001011111011001000001100100000101001010100000011011000001110100100000000000000000000000111000010011100010001000010010000001001000100000101111000000000000000010010101110001000000
0100000001101101101000111010010000011010100101100000000111100001001001001000110010100011001000100100100100001000100110101011101100100001000000001011100000000000011000000100110011011001001100
1010011010100101001000000100011010101001100000001000000001101101010100000011110111001000010111001011010010101000000110000011010000110010010011010101100011010100100100011001111010011010000001
0111011010100010000000000001001001101001000010011110001010000111101100010000010101000000100101010000100010001010100000000100100101100000111011111011011100000001001100011100010001010110101110
0001111010010001001110001100100010010000101100010100100001010000001110110000000011011100000110011010000100101010000001010100101010101000101001110001110001000000011001010000010010010001001010
0100000001011010101101110010101001011100000110000101101100101000010000101011000001010110100000000101000000000000100001001001111111001101100011000101010000000010110010010000100000110101100100
1100100000011100110100100000100000001000011100001001000111000010010000000010100101000111000101000010001011010001001100100110101000001000011110000000010001001000000110000001100001000101001000
1101000000011100010001011001101001000110110011001000000101001001011110110000000001001010100001001000100001001011010011111000100110000011000100001001011011111010110011011001001000001010000100
0100010011001101000001110000100001110100100001010011000100000000000101010011111100000010010000000101110101010111111100110001001000010110001001000101000001000001110010000110000111000010110001
0000000101011010000000111010000101000100011110010101100010001000000010000100011001110011000001111000000100101010100110000101000110110101100000001010010100000101010000000000000000101001010001
1000000000010010001100000010010001000010010000101000100110010101010000101000001100100110010010110110000111100100110101000010011100011010010111000011000110000101110011111010001000000101010010
0011111100100001001001001000010010000001111100100110001101100000000010000000100010010100000000010100010010000000010010011100110011001011011000000001000001000100100101000000010101001000000000
0000001110001000101000010000001011000000100000100100001111110001011000100110001010011100010111010001000000100001010101111110000110010100100000100100101011011010000010000011011101001000000010
1101001010001101100000000000010001001011110000011000010010001011000000000100110100000000110101010100000001001010000000000110101000111110010100001010000010010000000011010100110101000010011101
0000011000010000011011000000101001010011010111111100001001000110110000011010000000001001001101000011101110010010110000100001011000110000100110000001000000101011000000100000000001101001001100
1001100100001010010000101000001010001111100100001111001011000000001010001010010100100010000110001001100010000110110110100100001000110010000100000001000010001011000000000101011001001111010001
1000100010000100100001011000000101100010000001100010011011000001000000001010000010100000100001001111100100000100000000100000000001010000100110010001000000111110011000101010010101000000110111
0001001001110110001001101100011101010110000000011100010110000010111010110100011010010010010010000000001110000000100100010001010000010000110000100100010101010100001110000101110100000011111011
0111100000000000000100000111100111000010010101001000001011000000101011010100100000000010100010001000000100000101100001110010110000110100100010111110001000000000100000011001100100000000010000
1000001001010111000000000000111000001100000110101100000101001110100000110000000101000100100100001101000010000101110010100010000110100110100000111111110001010111001100110010000000010010010100
1011010100001010111110100010111100000100000100110011000000000001100011000000000001001100011010010000100010110111010001001001000001100000100000011011110000000000001101000100000100010001011000
0000000010001001001000000010100000000001010001010000111010000100001111110010001001010101010010011000000001000000001010010000001100010000100000100110000111000001010100001001100000100110011110
0111011000000000000100010101010000101000010000000110000010100000001001101010000100101010000010111011110000010111011110011101100101000000010100111000111001000000011100010101000000000001000111
1010010101000001011000000001000001111001100100010001010111001000000100001000001001110111100000001111000110000011010011111000011010000000001110001001011110001000011010011000100011011100000000
0010000100001000010000000101100011001010000001001100001000010000011001000100101011100001000101100001001010100111011011000100010010100000110000000011100110101100011000001110011100100100101000
0010010010001110000110101010001000000111010001101000000000100101001100010100010000110010011011000001101001001010011011100100000101111000111111000010011001111110100010110000010001010100100000
0010101000010000100100111110000100110110000110010011010110000001010011011100000101101001011101100000001100101001000110001010010110011100000000110010001100000100001010011101001101000111010000
0000000010000110000110001100000000110000000001101100010010000100000100010010000110010011010000000011110010000110100000110110000010001100011100010011111000100101000000000111010010110001101010
0100101000010000010001000010000001000000110010011100000010100000100100000001000101100000000010100000011000100110100000000110011110101110011110100000000001110000100010001001100010010000101100
0001100000000100000000001000010000101110010000010001000000000001010111010010010010000101010010001011100001100010001011000101100010100010101000001000010101000101000000001000001001011101001001
0011110001001100000110000100110000000000001001110000000100000000101110000010001001001110010001101000101101001011000101110000000000010001001101010000111000101000011000110001010101001000110000
1101001011000100000000001111000000011000110110010000101000110101000100000000001101011011000010101001101011100001000110001011010010110101011100000001011111100000101000011000010010010010110000
0000000100111010110110111100101100000001100101101110010011001100000000000001100001000111000100001000100001100000001000000100110100010110110100000110001101000010010000100100100101000001001010
0001000100010000110110010101000100011001101100111010001100010110001010000000001001001000101100110001001001110000111011001100101101010110000011001100001000100000000101011000100000000011011101
0010011011000100100101010100011110010110110011000100010100000010010001011000100010100100001010011000111101110100100000010000011101010100010000001100110010110010011000000000011000110000101110
0001101000001001100110100000000010001100010000101001001000101000001000110000000011000000101000101111011011000100010010110100000100001000000110000010100001010011011010001001100000000000001010
1011101001010000000000110000100111110100111001000100110000011000100110100011010110011010001000000010110000000001001001001010001101001010001011010000110001010100011000110010101000110111101101
0000111001010000011001010101000010101100001000010000101001000100010010110001011101010100101001010001100000000011001010011110101001000001101010001110101011001100001110000000110011000110100001
1000100110001000001000110000000011011111000101000000000000101101100110011100110000010010001000010000111001100000111010111001011010100001001001110001010010011010001100010110000011100000100101
0111001000001001001110001010101100000001000010011011110001010100000101000000111000000101100001010011100001111101101100100101101000000001101100110110011110100100010000000110010001000011101001
0001000001000001110111010100000101001101010011010000101111000111111011010000100000000000100000000000100010010001101011000000000001010001011000000111000100000110110001000000000101100000001100
0101000010001001010000001000001000100100000010111000001010000100101010110001010100101010001101010000111010100000110000010100100010011101000000001000010100011010101111110100000010000000000000
1101110000110011100000001001011000010100001110001011100001010101000000001000001010000100100110011111110100110100100110100010000110010011010000100111100110011101000000001000101000100110011010
0011000000110000010010101100010110111100101100100100111001000101000100010000000010010001010100110101110100100111001010010000000001100101101010000001010101001110011000101011001000001110000000
0100001100010000000000100011101100010101010000011000000001000010000101111100011011000000011000000111000110101100001100100000000001010101110001101100001010100011001011101100000011000000100010
0110110000110011000000000000100010101010001010010010001001111001011111000001000100010000100110100000100101110010010110000000100110001001110000010100100100111110000011001101000111001010000001
0011010010001100110101111010000001000001001010000101000010000010011110111011010100001001000001100010001110000100001101100001000010010000010000011001111011000000110010000000001000010101100011
0000000100000111011011000101110011000011001010100010101000010100001000011000011100001110000011101001000100001000101101011011000010000100010010000100010100001011010010101010110101101000010000
1000100000000001111000010100000101000110010110000111100111110001010110111000010000100100001000000100000100010000010100100110000000010001110100000001000000110011101100000110010001000001000000
0000101000110101101000100010101100000001000101000010110101101110010001011010010001010000000010100100011100001111010010011100010100000011001001100010101010111110001100001010100000110100001000
0001000110010001001101011111100000011100010100000100001001110100110000110000010101000111011000000000001010110100001000101000111000001001111110000001010110000010011100001001011100001101010001
0101001101000101010001010101000000110110011101000111000000110001001101000100100010011010101000000010000000101100000000000000001011001000010001100001100000000010010010011011110010000100000000
1010000000010000011000000000000001001001001010110000110001001101110100001001111010000100110000100001001011001110010101101001001100000000010100111010001100000111000010011011000000000000111000
1010000101001000101001010101100011101001001001110000011001010100110011110110111100100001100100000000100000000000000001000000000110010001001001010001110111010110100100000100101111100000010001
0101000001101110101000000000000010000110001001101001101100000101000001100100001110000100101101000001000001110001111000100011110001000010001110001000111000110000000000100100000001000000010010
0111110001011010001000100100000110010001010010101000110010000000110011001000110100011000000101101001111011001011011000000001000111110010110000000100110010100011000000001010101011001111010001
1101000001000100110110010001100100000000110110101000110000101010110111001011000010100110110001100000001110010101110101100000001011100001100110000100000011000010111000010010010001000000100011
0110000011111001111001000100001110000000101001001000001011100010110000010000000101001011001100110101010100001000111100101001001100101111001000010010010111000111101001000010010000001010010010
0100010111010111000100010100011001011010000000110000010000001010111001100000010010100011010010000100110010111000010011010010000010000000100000001100000000011111111000111011101000111000111100
0011000110010010110000010100101001000011110011000110001110101000111011000100000100111110010011010000111100100000000000000110100010111100100100110010100010100010000011000000001010000100011000
1100000000100101000001111000000000010010011100100111110110000111000001100010100111000001110010000101100100001010001001000100001010000010011100111001000110000010001000101100100000111010001001
0000011000010000000100000000100100111000000101000010011010101101110101011000111101111110100010010000000001100000100111111010111000001010001101000101101000101101100000000010000100101010001011
1011100010001001011000000000100100000100100010010101000111000011010101110110010000001001100000100011101000011110001011101100000101101000011000010000011100011101100111000001110010000000011101
0100000000010001010110000000001001000100101011000010111010001000000010100001101111011000000100111010010010011011010111000101010110000001110010100000001010101000000100011000011100001010010111
0011111100011000001000100101001101001001000101000000100001001101010100101010100000000011100100000010000101000001000000100001000010110000001010000010010000001010110001001010000110111100011010
0010100100110100001001001010010000010000011101100100000100000100011101010101100100101010110110000000100110010000101000001101000011010000110000000011110000101101010000001000011111010010000000
0010001000010101010100100001111000100111010101011000001000010001010010000100001110110000100001001100100101010010000001101100010001101000011010100000010011111110100011000011111000100111011000
0010001000011100011001101000100001000010101001000111100110000010111110000000000010100110000011010000011011001010010000000001000010000000010010000000011001111100011000000000100100001011100001
0000101000001010000100100100000010001101000101010001101000010110000010000100000010100000010100000101100001110111101000001001010100100011101000001010110110000000001001000000001000000000010110
0000010011100000110000110100001001010100000000101110011101101000010101111110010100000001110001010100011000011100101000000101100010110001000101000000110010000001001001000110000001001010100111
0001110011101001000110000000010001100011011011000000000001010000000100001101100001010110100000010001000000101001010001011110011011000100000000000001100110010010100010001000100011010100001000
0000010000000110111000010000110000110100010110101100000000001001000010100110000000110000110001000000010001010011011011100100100100100100011100000010000000100000100001101100010111111010000000
0101000000000000101000000000100110001100000010101100101001000000000011001000010111111000101000001010000110010000000101110010100101011100010000000110000001010010000100011000110000001010110001
0001001100011100011000000101100101000000000100100010001000010000000110011100000000100000101011010010100000101011101011000100000000110011101100001110000010000010111110100000000110101010100011
0101001000010111011001110110011111101001010010010100111101010010000101001111010010110110110001000010000011100000010000011000000000010011110100000001001000000000111100011000000010010001001000
1010001000011000001001001010110001010010100000010000100000010001001001001000010000010000000111010101001100010100001101011001000010001001010000010001000101000001001010010111001001010010000000
1010001000010101001001110010001011000100101000100000001110000001011110001001000101010000000100100011000000101000100000011000010000100010000000001011010000101000100100001010010000000000101110
0000010000111100010100100010110001011101001011001000101011000000111001000100100111000001110001110100011111011001000000100010100000011100011000011101000000001000011010100000010000011000010000
1011000111000000000010000001000001111101000011001100000001011000101000110011100010100001100110101101100001101111000000010000010000001101011000101000010100000100101101000101110001000011011100
