00001010000010000111111000110010000000001000111000000010110100001000010011010000110110011000100010100000000001000001010000100000011001000111000101110000101000000100000000100010010111100111110100000101101000011010000000111011100010010000010011000110010000000000001010001001111000011010000110111000101001000000100100010000000001100001111010001010101100110100101110100100100011111011110000010000010101000010110001
01000101100000011010011010100010001001011110101001010000000110000100101000000010000100000110101100010001100000001000000000101110100100001000001101100100011001110110100000000010110100110000100010000000000000001001000000000011100000000100110001000000100000100101000000011100000011100001000101010000001100000100100001000100010101000100000011001100001011000110010001000000011000000010010101010100000100001110010000
00110010001011001000001000000000001001010000000010010001100100010000000100000100011010000001010000001100011010111100100000001001010101001011001010100111000110101000011010011100001000011111001011001010111000000000001001001000000011100000110000100000001101000001001010001011011001000001001000010010100001010010000000000000000001100000100100000101000001000010000100010000110000001000100001011001100100000001001001
01011100000000000011000010000011100101110010000011100001101011001001110000000110100000001001001001000101100000011111111011000010100011101010010111111000001001000010000000100001100000000001000110011000010010100000100100001000000010011010110000010001010100100011000000001000110000000000000001101100110010100000010000001001000100010011001100000000001001011010101011001000011110000010000001111001010001000101000100
11000011000101010011100000110001100000000010100110000010111111101101101010110010100100010010110100000011001001101000100001001011100000001000011100000001100011110011110001000001000100101101010000010000010000010011000001101011001101000010000111101100110100110110010000000010000000000000001000001000000111010000001101001010001111101010101011101001011010000100011000001010110100110001001001000000011001000110001110
01000000010100000101000010001010000011101000010110011101010000000000101100011100000001001000001101000010010100111010011000000000110000001011001100011100010111010111000100101001011110010000010101001001001101000101111000001000011111001101010000101010000100111001011011000101100100110011000001001010000000101000101010001100100000110000101000100100100111010000000110100000011000011001111100001101010100010110110000
10101100010110000110001001000110000000000100001101100000100100000010000101001010100010000100000110000100000010011000010010000100100010010000001001000001000000011100000010000000000100010011000001011011000110011100101101010001000101010011100010000010010001110010011000000000000000000000010111000100011110010011011100001001101100000000001110001100111100100000100011000101011100000000101001100001101000101100000000
11010000011100000111000000010001100110000101000010101100101000000000000000100000000010100001001011101100000100000000000100110001001000110100110001010110001000011000110010111000000001111011101000010100001000011000101100000000010011001001100110010001001000011010100000000100110000111000000000001000010010100000011000001000010101011010100001001010001010000001000100110100010000001101000011000100010010100110111000
10101000011001000001010011000000100101000100000000010001101101001001010010000100000000110010110000000000000011010000011111101001000000100101000110010010011100010000011111100000100000001001101010010100001110100110010110000000110000000000100011011110010000000000000010000100101100110001001001000111100001100110000000101000001010000010100000101000110000011001000011000100001101000000000000001100010011110010000010
00110100111100000111101110101000100000010101010000000000000010111110001000001011010000100101100001101000000101100111110010000010011011100101010010001000110100001011100000000001011110110010010010000100000010000001000000001000100010000111000100111001110001100000000001111000000001010111000000001010000000111001111010110000001100000011100100011000001010010000100001101000100000001100001110010010000011000000010010
10110010101100110001000100011100000000000000000100001111001001000001010010110101101100110000100111010010010000111100010000000010000000000111001000001000100110010000000101010001001000101001001100001000001001100011101010110001000000001010001011011010000000010001011010001101111011100010111101100000100000001110111100000010100001110101001100000000010101101101000000011101000011011000001100001001011100001001100010
00111000100001100100100100000011010110100100001110011000011000001101001001001000100101001010011001010000000100000000001110000000100000000100101111001100001110110000010010010101000011000001100011101000101000100100000011010000100110010010000111010111010000000011000010000001000010000100100100101011000000110011101010110000001100000100001100001010100000000010000011010000001010000000011110011001011010100110000001
00100111000000000110100101001000101101000010011100010000000000100010100110001001100000000000000101001100011010100000011111000000110001101000000110000000110100000010000010101101000101100010010011100000001000000000100100010110010110001010111001000000010110001010000000011000000001001001000000000010011100101100000000001001110000010001010001100110110100000100000000010000010000011110010000000110010010100100100010
00111000101110100011101010100000010011000000111001010000000000010010111111010100000111000000010110000100000010010000101100111111001100010000011010001101001101010100101100011101100111000101101000100001000101010010000100100000100110010000010001000101000100001101001000001000110101101100101101011000111000110001100000011000110100100010010100011010110010010000101001101000001010110100000111100101010101010001100001
11111001010000100000101001100001111000010000100110000110000101000000000001101010000100010010100000110110100011100000110000001111000111010111011000110010010010100001100001001001010110000000000000001010011100010001000010010000011100001010101100011101100001111000110010110000000100000001111010001001001100110001100011001110010010100100010010110100001111000000011000001001011010100001000111100000000001010010000000
00001101011101111001001000001001000001001100000100101000000111001000101010000001101010110110000101001000100100010000110000001111000110101010101001101100010101100000010000100101011111110010111010001011101101010010000110111000010000100000110010000011100000001000001011100100000010110000100000100011000101001000100101110001000010010010110101010100000100000010010101000100010010011001000000010000000000100111000011
00000100010000110110101000010100000000101111101000101110000011111101100110011001111100000010100001010110011000001110011010010001101001101110000000110100111011000011100000001000100111001010100010110110010010000000111000010101000101011100000000110000000111110000011101010000010000010010100000100000101100001000110011000010010011000111010010001100000001100010111001000000100010010101100011110101010000101001001000
01100000001100011111100000000000101000001101010000100010100100001011000001100000001100000001000001000000001000000010000000111101001001000000110001011000000010110001000001100110001010000001001100010000101001000000001010000000101011001001110010110000100011001001000000100101100000010111001100010000110100000101000000001010010010111011001010010010111010001001001001000000000010010000010100100001000010001010010000
01000010010101011100100001100000010001000000011000111000001100111011000011010010000010010000110010001111010000000110110000100011011000011000000011010011000000101011001000010110101001101011001011000100010001011001001000100110010001010101101000011011000111100001011011010000110000001100010010010000000000001011001000000110101001110000100000001000001100001001000101001000100100011001011010000001011110010011110010
00000011001000010100000101110010110010100000100000000111000100100010011000001011010100001000001000000101110001000010000101010001010001001001000011010010000000100001100101010100010000010111100000000001111010001101101000000100111110000001010100000010010101100001101100011000001001100101001001000000100101000000001100001101110110001001111000100001001100100001000011000000000000100101000110100011010010000010100000
00100001011011000100110000110001101000001100101100110001000111111010011000101000001000111000100000010100001111101001010000110000100100010010100101001001111010000101100011010111010010000110001101010110000000001011110001111001000111010100101100100000110111110001000000000010100000010100000000001101010000100100010000110011000110000001010010101111110001000011011011010100001010000000001101010110101000100000111010
01101000100010110011110111011100000001111000000001000000100000001010100001111010101011101010000010000111110001001100110000001011001011101100000110101001010110001010000001011010001101001000000000011100100101010010001110111010011001010001001001101100100100001000011100010010100100000000000101001110100010000100100000011001010000100011111001100001001001011111000100001100001000010110010011010110000100101001010000
00100000101010100001000011010000101000000000000010010000010011000110000000011010000001001000000100000100100001100000000010110101110010110010110001101000100101001000101000010101110011111011101100011111000011000100000000100010110000000000100010000111001000000110000100001000000101000001010111101000011110000000001010010000110000000001010100101000100100100001111000001010010001111000100100010001011000000110101011
00000111000010100000000100110001100001001110110000000100000011001011010101000111010000100101101100010010000010001100000110001000001000010110111010100000000001011111011100111110110110000100000101100010000110100011001100111010000000011001110100010001100001110010011000000010111000010000100010011001011010010110000000100110010000010010000101110110011000101100000001010001011000010010100101001100011101010101000100
01001000000110100011101010000011010001000011001100000100000000010110001001111101001000000110110001010000111000110101000011000010010000001000000000000101001000000101011001000011001101001000000000001100011010001101011100100010000001001010000111111101000110010100110000100000000000101001000000000110001110000110101000100001000000001010100010100100000010100100000001001100111000000001001011101011110001101000010000
00101100010000101001000100101001110101100000001000100010001101100000010000001101000001110101010001000001001111000010101110000111000000100101011000101101111010001001111000100000110000000001110000101100100000101010011000001110011010001001100010101000010000110010010001101011101111010001001011000101100101000000100001101000000010000001001100000001100000010011001100011010001011010001000010001011100011100011000111
10010011100011100000011000001001100010001000100000101110010100001000110100010100010000111010000100000110111100001000101010010010000010000000111110001010100110111010100000100110100001100000011010101011010000001111000110010000011010000000100001011001000111000110000111010011010000101111100011000111000010111000100000100111001110101100101000110100100010001110100111111001000010111001000100010001001100010100010010
00101110100000100101001100101110110110000000100010001011101001011000010001101100001001100000011100101010100000110100000011000000100000001001010010000000111001110010101010000010010000110000101101011000100001011110000000001000111000000110101100111001100000100100101000101111110001010010001001101011100001101000000010000100000000001001010010100001110001001000100010110010000001100011000101101000000010010000101100
01101000000001000110111010100001000000011111000000001011000100000101010010000010010011000000000010100000011010011000100111000001010100110001010000111010110001000000000011100110100100001100010101001010001110000000100110100001011100000011001000000000001101010010011001000100100101100000100011001101010000000000100001000010001011111000101100000000100110000001111000010000100000011100010000110000010110111100001011
10000000000001100011110010000100011000000000100010001011000010100000100100000011100000110011010101001011011000000001001110000001100001101001110010010100001001010001100100100010101011011101000010001000001000000000010000000110000000010100000101010101000010111101001100000101001101001110010000100100000111101000000001101010110000100101001010100001110110110001010100110010010101101011101000010010010000111010000011
01010000010001011001000001010000011000100100000010110110010010000000001001011100000100000000000100000001000000110100000010000011011010001000111101000000010000010000000000100000001011000001100000001001101110111100100100101010110000000100011001010001000001100001000001001001011010000011110000000000000011000011101000010010010001100101000100110010011110000111010000110010000010001111101110001010000000000111000000
00001011011000101000110001010100000001011010101000000000000101001000111100100000001001010000000010000000001010101100101000000110100000101000100010100000001100100100100100100101010011000010010000000101010101100101100000000000000001110000110000101100011011001100011000000100101000000010011101011011110101101001011100111010000001001000011100100100000111101100001001010010111001000100010000001010000011100100000011
00100100000000010010101001110000010000000010001000000001010100001010011011010001000000001100101001000001001111111101100011001000111010100000110001000000011001100010000000111100111010001010000100010000100110101010101000000010110000001001000110001111100000011000100000010001000001000000000000101100110000011100111110000000110010110000000010101100100111000010010111011000110110000101000100100000001001000001000100
00010100100110110010101011010100001100111001010111100100010010010101011010100010000100110100110000101001001110000010100100001000000001100010010001000111010111000000000001011111010111000011110111001000011001100010011000100101000000100100011000010000101000000000110010011110100101010110000101010100001001100001011110101000000010010101100000001000000000011001011100011100000111000010000000001111010011011000000001
10010001001000011101100110000000000101011000010101001100111000100100011011110000101110100110000001101110000100011000010000000000000010011000001001000000000000111110010101100110001000001000000000000010001010100101000000000000010010110000100001000001110011010000011001010000100000000000000000111011010100100000101010001000001111001000000000001101100100110000000010101011101001011001101000001100000000001000101000
10010010100100010110110000000000000011000100100001011010011001010011101000100010010000001001001010110001010101100001101011111000001100000010001010101010000000010000101000001001000000011000010110100000011101010100100110001101010100001010000101110101100101101010000011100001000000100000010000000001000101001001001100000100100010011000010111100010110000000000011111000000000000100000001101000011111100000001000101
00101000000000100000000001100010100010000100000101100100001010101000010100000000000000101010011101010011100010000100010110100111010000010010000001011000101101010000101110111010110100001000101011110110000101110011000001001100000000010000010000000100000000010000011000010110010000010001001011100000100001000010011001000101100000000000100110111111110100000011011001010011110000010000000000001010100000010000010010
01001100001001010000000000111100010011111000101011100111001000100110111000111101011001010100000101000001010011001111101010111101111001100000111001000011100110100101000001101000000001010000010101011100000100000010001010000010100001000000000010100111001110000000101101010000000001111000000000001000101110100110000101110110111100000000000000000010110010110011010001000001100110011100010000001101010111110110011000
00100111110100001000001001100010010100100110001000101010100011101100101100010111001011110000001000100111110001001010111001010011001101001010001111000000000111101000011001000010111000110011100010000001000000000111011000101010100001001011000111111000001001011101001000101011110010100010011101000001011001100100000010010001000001100000011100000010001101011010001000110010100010010100100000000111101111101000100000
01011100100010101010111100011010010011100000110001100100000100010001100010100000000010010000000110100111000110000001101110101010010000010100010110111100111100001100010010001110011001011100011110000000110100000000001000100000000000000001010001100011000000010000010000001000000010100000100000011000001101010001101001010011000101010010000101001000100000001001000000000010010000100100101000010000011010000000100110
01000011001000000001100000000100101000001110111010001101000000001111010000011011010100111010001100000110000010000000010100011100000100011001101000000011111010011101100001000011100001010000100101001010110010010000101101000000110000110000000010001001100100001100111100011110100001011010100001100011100101111000010001010110000000000001010000000000000100101001001000010100011000000100000000001000010110000000000100
00000000001000000001011000110010100000110000011100101000100000000010110010000110110100000000101000101110010000000100110110100010010100000111000011000000101101001000010001111010000101010100000111100010000000000001001001000001101011100000001000000001111110101101101000100001111000000000010110101001001011010000100010001001000000001000110000101000001000100000010011000011101001010001011111100100010000110000100101
00010100001011100101010010000100011001000100010000010000010001011000110010110010110100110111100010101000101011001111111100110011010000011011000100000000110111010011100011000101101100110000100100111100000001100011011100101001011011001110010100000000000101000100001000000001110000100110001100000100000010110000010100001111001010000010010000111001011000001001011101100110000000010001111011001100000000111000110011
10000110010000101100010001100100000010010011110111010010001001000101100000101011011000001100011010100101111001000100110000101000101000110110010000110000000000001110100100100000101111101011001000000010010000010010100101110000110101010110100110001000000000110010000010010110010001001001111010001100001000010001000100011001000011000100000100001101000000100000000000100000101111000001100110101010001001000010100010
11010000110011101000010111001001000000110100010001001101000010000000100100000100001010000011100100011011001001000000000000000010110000000110010011011110100000001000000111100011000000011100110000000010000011001000100010011110101001110100000110100000000000010001011000100111100001001100110100000000001101011011100000010000000001000100000000000000100000000001010100010001001000100010000011010001011011010100001001
00000010011110001100101010100101000000001001010000001100001000110000000011100000011011001110101010100110010111010000101000010001011110110010101100110001000000101000000001000001000011000000100000000100010010111011010110000000100001010000100000000010000100000000000001000001100010011100000010101010000001000100000010000110110001000101010001000000101000100110000010001011000100000001000111000000000010001100101000
01000010100010000110101000001000000000000100000000000010000011100000000000001011000100010110110100100000000111001100100001001011011000011000010010100110101000011000111001000011001010000001110000110000011100100011001101000001000110111010101001011001111101010000000000001000000101000000111100011010001010010000000011001001000100011000111100000100010000110010000000000010100010000010010110110010001001000000100001
10100001100010011100010000011110100101101011110001101000101100010001101011010101010111010000101001001100010000100000010101000110100100001101001011001101000000100000000000001100000001100010010100001000101100101000101101011100000011011010001011001110010001010000101111000010000000100011001000011011010100101000000010010011000101000010001001001001110001011010000101010010010010000010101000010100011001000000000011
01000100010001110010101111100101100101101101001000000100100000011001001001010001111001001011100010110111010011110000010101001010011101100000000100010100001010001001110001100010001011010000000100000000001001000010000000010100000001011111010001001001101000011011100000000000111000000001011000110110000100000001101001010010100001010100000010011000101001111100001000000100100000111011001111110001100001011100010100
10101000000000100010100000010011101000001011101101101011100000000000101100001000000000101000010101010000010011001000111000000000110001000011111001101001000001110100001000001101000000010000001000010011011001000000000011010100001000000010111000011101000001100100000100010000111000000100110101101001100010000010000001000000010111001010010000010010010010100001100101001100011000000000110101110010000100010010100111
10110000100010100001101000100100110000100101100000010000111000100000000010001011000010110000110010011001000011010100000100001000010100101001010000111110000010100110100000100000101000010010101100010000100000000000100001000101101000010001110100101000000100110000001011010000100101000001000011011000000001010000000000000111001111111000000010010000001100000011011100010010000000010001010100110111000000010000000010
00100110000001100110010101000000010100011111100011011001000000100000100001010001100010100010001010110001000011000011001100100100010100111000000010000000101001010101000001000001010000011100111101100100000101010110011101001001111000001001001110100101000001001010001010101010000110100000011011110101110010111001010110110010000110001000010110110010000100001000101111100000010000000000111000000101011111010000110000
11000000001000101100110010011011100000011000011000101100110010100000101101100100010000100011011010010100101011111000011101100100101001100010000100001000000000001010011100110000100110100010100100111100001110000100001000001000100001001010000101111001011011000001100100000001010111101000010011101100100010110100000011000010100101001001001101110010011110000011000110100100010000010110001101001000000100010010000001
01000110001101000000001001000100001010111100010010100001100100110000100011100001110011000010001110111000010011100001000100011100000101000010111110100100100011001001000011001001001010000001001000101000001100110101101001001010101001100001101000000011001001111000011100010000010000001011000010001011101100110000110010000011001101001010010000010110010000000100101101110110110011100100000100001010001100000110111000
11000000000100010100001010010001010000100010111000000011001100010010100111100101100101100000000101010100000100100010001000010000001000000100101000110110111011000101001101010100000100010010000110100111000110110100000110010010110110100101000110000101010000000000000000000011111000110101000110100000101001000010000000010010000000010000001100000000000001010101000001010110001010100110000010001101000000010000001010
00001001010000011000011001000000000000010000101110100000111000000100110000001111010001000101011100100100110111101000100101001110000010001010000010000011000101001000000000011001000101010000001010110001101001001000000100111100000000001001101001010001001000001000000000101110100101001100000000100100100100111010000011000010001011110001001000000000001000000011001000001000100000010000001000000001000001000000000011
00000011100100110011000010001110100010110000010010101101100000001000000010011100110100001110100000000000000001000111100101010000001011100011000010000010111101000100001000010010010011101010000100100101111001000000000101000000001100000100001100110110000001100010000011001000000110011000101100101101000011000010001000000110001011001001100010100111010110100010000000101000010000100100011100101000110000001000000000
10110100111010110011100001000000000010001100011011000001100000010100010000001111110011000001010000001100110000011000001011100001101010001100110100010001101110110000100101000100111000101100100001110111001010000100100100001010000101001001000010111011000100011001100000100000110100011110100110000000000000111001000000000001001011010000010000101110010110000011110010101010001111011000001101000000001010110000011100
01101100000001010000000001100011011000001011000000000001001001011111001001010001011110110000010000001011110100000100001000100010011011010111100101010000010000101110100001000000011110000010011010010110001101000010001101000101001111100000011011110100000110101011011001010001000000011110100010000001001010000000001010000000101101000010100000100001100000100011110000010100010000001010000010110000111100000100110000
00100110000001001100001100000000000000010111010000000010010100101010000000011000100001000100011000000000010110000011011000000001101000000000110001011000001001000100010101000001001001101010000101000100000000010001111100110000100111000100100010100110001100111001000010001101000001110100101000001100100001000101000001000001000110100000110111010100000110000101000010001011010101010000110000110000010011100100101010
10001000010100010100011011100000000111100001100101100000010110001111100101000111010001001101000100110100010101101000010001001010010001000000000001000110110100100100110001100010110101000111001111011010100101000101000000010000111000001000010001000100010000010101111000000011000000000010010010000000000110000110101100010010100110001001011011010100101010001010101100011111101110110001100100000110001010001001011100
00000011001001101110001000000000011100000110000100001010000000000001001010110000100000000010101000000011000100100100101000000110010000000100001000010010011100010100010000001001000111100100000000101000001100100000000100100100100010001001101100000000000011000010111010010000101110000100110101000100010000001100111001101110001110010010001000010000010000000111000011001000001010010010000010110100001010000110000000
10000001101100100000001001000010010100000100100001001110010000010000100001100111000101101011000100101001011110000010010001000001010000000000010010001000011010100000001000100000101001001110001111101100000110000100100000011000011001001011000001000111101110001001100101111000000000010000100000000000110000001001111001000000001110000011000000000100100100011100100000011010100010100100000000000000010000010000010101
00010111100100001000000001100010011001010000101001011000011000000010100011110001010010000110100110101110111000000010001000000000011101000010010110010000000011001000111010011110010000101000100110101010000110100110101100100000000000001001110010000111000010011110111100111011110100010001111000011011010001000010100001010001011101011000100000000100000000010101110111001111101110011010111010100000101010010100000000
00001100000010000001000000000111000000101000000010011000100100100100100001101011001010000000100001010101111000000100001000101001000100000100101001100001010000011100101000110001001110010001100011000000011100100000100000000000001100010011000001011011001001100000100010110010010000100000010000110001000000011011000110000011100011001110000000010100000000100100010110010000000101010001110100001101000011001000100011
00000100010101000101110101001010100110111100100000110001010101100001000000000001000110000010001000101000001110100000000001110001001001100100000100100100000100101000000100001001000110111101110100000100000000101010000000100000000110000101010000110010100010100110010001000010010000010000010000000000011000100000011000100001001100001001001100001101100010000100000100000000100001011101001000010110010110011000010001
01000011101100000011010100000001001000001110100010000011001100010000101001100101011010011010000001101000000000000100000000001001111110101110011101010010000101000000010100110000011011010000001001000100001000100010100101110100010100000010010000110000011010111100000000000010000101101100001001111001110001010010000101010100000011100110011111001000000100000100010001100000000010000010010001001101100000000100000000
11011001001011100011000010010000100000010110011001000110100101100000101000110000111011000100000000100000001000001001011111000110000010000010010000000100110000000010100010100010110000000101010001101100001101000001000001001000000010001001010000000101011010100110110110011000000111100101000000001001000100100100000010000000010010000011101000000001010000000001000000010100000010110100110100000010100000000000001111
00000100110000001000001001010000000011000000001110110100000000100100100001010100001001000000111001000000011010000011000000000011001001100001100100100000001010010110111001000000101000000101000001001001000100011011000001000111011100101010011011010010100100001000000101001000010010000000100110011001010110001011100000001000100010000011000010010000000111011001010100010011000110000000011101010010000010001000000000
10110110000010000110100001010010000110010011001110000000010000100000111000001001111000101000011000001000110000001110000010101010111000011011000011001010000010100001101001011100001000001100000101000001001110110101001101100101111100101000011100000011011000100100010111101001000000110011111010011111011000011000110101101000001000001010001100101100011000001111000000110010100001010100000000000110001000100100000111
11010100100000000010001010000100110100100000000000000100100101110100010100010100001010010001000001000001010011111000100001011010001100000110000000100010010000001000001000011001000011000000110000000001000010001110010001000000000100010001001011011100010110010110110000110001000001100000001111010101100000011001111100100001001011000010100101100101001100110100001000011001011100101100100110001000010000011110100000
00101100110000011010100101100011010001000000000000000010000111111010011000100010010100011010100100001100100100100001101010110010100000011000000001101011010000010100000000010100011001000100100010011001010000111100100110000110000111010000001000010111111001111100000010110000101000100110010001000000000001101010001000111000011000000000000101101100010000100010100001011010101111111001100101001000110101000011011100
01000000101000000001000111110000110100001000111110010001010101100010001010001100101100110001100100000000001000010000000011000000011010000010101001101001100110001011100001000001010010110001001110001110010000111000111001100110000111110000000100011010100010100000110001011000110111000101110101011010000101000011000011010010010000011000000000000000110000001001110000011111000100001010100010000001101100000000100001
10100001010011000100000100011011100000000101110000010001111100010001101111101010010011110100110000010100000001001000101101010001100101111000011000011111000111000001000101000010001101000000000011011111000111111011100011100001101000000000100100010101000100011000000110000100110011001100001000110010100000010101100000001101000001001100100001010100000000000000111000100000010000000000110000000000010100001010100011
01000001011100000111010110100101110010101011000111010011010111000101111100001010101000100001000001010011011001100000000100100110000000000011100100101100000001000010000011000010010000100111000000111000110001011000101000011010011001000100100101001000000101101010100000000000011010100100011001111000111011101000000100110101010001000110000001000110100000100011001001000101101010101011101011000110100000010001111000
00100001000100110000000000011001000000011100110101010100001010010010001101110010001000000000000000010100001110111000110101001100000101110010000010000010011010110111000001100011100000000010000010111001100011100010100011111110100000010001000000010001001000000000010111100001100000001000000101000111001000010000000011111010100101000100011001010010000001000011010000001010101101100110000001000010010100110010001100
00001000010101110100100100000000110001011010001000100000001011001001101101000000010100000100100000001101110011100000000010110000010100011110000000001100010110111101111001010001000011000110101101110010110100000001100000010011000111001001101011101000111010010100001110000001011110001101011011110110010100001001100101100111001000001000010100100010010110001100000100000100011001010111100001100110001100110001101100
10010000100101000010111101010001100111000000101110000000011000011100001011000111010111001000000111100101100101101000011101100000000011000000010010001101001001000100101100000110101001100000110001000110110000000000000001011111000000101110110001100100101010000011000011110001001110110000110010000111001000000011010011000000010111111000000100101001000000100111111100001101111110001000000110101101010000100010110001
00011000001100110000001000111010110111010010010100101000000000010001010100000101001001010101010100100100011010010001000101000000100111010100000010110000010010100010001001010010000000011110110001011001110000000000101001000001010000100011000110110011001000101000100100010101101000001110101000010101000010101000000000101010110000010000110111000001010000001010101101000100000100110011000001000010101001000100110110
01101010100101100000101000010000010000100010001100011010000110000110101000010001100010111011010000000000110010010100101100100101100000010010110110100010010001100001100000001101001011001001011001000101000000100100110010100000010100010100000010100000000001000110000000101001000110110000010010000001110000111110101001011001010010000000000000101111100000100100010011010010001010000100001100000000100000010000110000
01011111100001010001100100100010000101000011101000010010001001010010000101001001101011011010000001000000000000000011001000100100101110010001000011100000100000010100000100001011010000111001000000010110000000001001000000001100111100101010000011010000001010001001000010100000001010001010001101010010000001010000110000001000001000100000100100000001001100100000000011000001000100001001001100101000000110101100001000
10001110000010001010000100000000010010100000010101001100000110100011000000100000000100000100010111001010100010110100110100001000100011100000100100010100001011000100010001101100100000110000011100001010110000101100100000100000100000001000001011100110110000010000100100100000000110010000011111101100000010010100000110001010000101000000000000100011100010101001101100111001110000010001000000001000001000101111001011
00000111010000101001000100100010110100110111111000000000001100010100100001000110000001100010001000100101001000100000000010111001111010100000110000110101001100000100100110000100100001100000101001010100110011100000111010001110110000000000000010111000110111111011001110001100000000100100000011101100110000100000000000010001001000001000010010001000000010101011101001100101001000010100001001001100000010111001001010
11110000011100010001011000010101010011000100010000001101111100111100000001000000111001000100110001100111111110001010001010001111000100111101110110000111001110100001000001001011011000010000100000110011001011000101110000000110101000101001001010011000101101011001010000001110100010100001001100011111001001001010011001001001011000000100001000101100000000000010101101001000010110101000110000000000110010001100001100
10000011110101111111010000001000010000000000000111111100110000010010010001101001100010001100000000100001000101000000000010010100100000000011101001001001001001000100101001000001000010100000010100000000010000000100000000101010010010101000010010000010100011100001011011010100100100010000001000101010000110000100110011110101000001000110000000010100100001010000110100000100011100000100001000001010010000100111011000
10010000001000110011111100001001101000110011101101000100100001010100100010101010000001001010000010001000000110000110001001011110100001101100000001001111000110100110000010000001000000100101000000110011111000011001111110011000000000101010100010101011000111010000001101001000011001000101000000110011010001000001000010100100100010000001011000000111010100000111100000010000100010010110101010001001000110010000000011
00101001000100011000000001001010000111000100100110000111110000111000100000010011100011000000001001000101011000110011001110000101011100101100001001100011100001000100000000011011001000000100000010100001001111001100110011011100010101000110001010000001101001000000000100101000000000011110000000001010000111100001000010000010110001000000110001110000010011111110011000001011110100000001111000100001001100111011110110
00001110001001000000010100000000110010101001000100101110010100001001000011000001000100111010010100110011011000100111100100110011001000110011101001110000110010100000110010110001000010001001000111001010100101101110011100110000000011100010001000001101011000001100010011100111110110000010000100100100000000010000011100100011001100001101000000001000111010100001000001110010001101011001110101111001010100111110111001
00011000010111000101010000110110100010100100001110001110000000000100110000010000011000010001000000100111110110001001000010001100111010000001010000000000111001000000010010001111001000000100000000100100000101000010001010000000000001000010000111100100011100000010000101110000000010101010001010001100001100011110000010001010001000111110100100100000100010010100000101101001010111100110000011001000110000000110000010
01010100010010000100011000010100011001000001100100000100100000000011000000010000010100111001010101101010010100100010000011000100101010100001011111100001010000110100101100011100101010001000000001000010100011000000001100000100001010011110100010000010001100000011010001111001100110101000100010000010111000011011011000100101100001011010110010001001011110010100111010100100000101110110001111010001110101110000010001
00101100110011100101010000000100010001101101100000000110010000001101000000000000010000100100011000100100011101100100001000110000100010100001000010010000011000010000100010000000001101000110101101100000011000011110001100011010011100100000010100000101000100000001010100000100001100000000001010010011010000000001001101000110100000111100000010100101110100101100100000100100000001000100100000110111101011000100001010
01000000110000010000101101101010100001101001000010010010010110000001001110000001011000010100010000111100010010001010000000010000010100000100000010000000100010001110001110100100010100101011001100100000010011000001001000010000100010010010010011000000000000101000111001100011101001000010101010000000000011101000111000100110000001001001000011000100101100000101010000100001011000100100000001010011000000101100000001
01110000000000101010000010000110000010101110100000111110110110100111010011000010010100011100111000100000101011110100110001001000100111010010100111001000000110000111000011011001011000011110000010000000001011001000010001011011101000010111110001010011001110100001100000001000110100000000000000110000000001110110100010111000100010010110110001000100100100010100010101101110101000100000000000101101101001101000100000
10001010001010100010010101000010101100010100101010000000101000010001001100110000000100000010000100100000000000100000001000000010110100100001000001100000100001010001000000000000010000011110100000001010000010001101110100000000010111010000000001010100000100001000001110101000010011110010000100001010001101100011110000100100100101010111111011000100001000001100000010000100000000110101000000000100000000011001110010
00001100101110000001001000110011000010101000001111000111101111101010010000000101110010101100100010100111100100010001100010011100110110000001010101000001110000100110001001001100111000000100011001000000001100000000000011100001000110111001111011100000101100001110000100000111110010100110110101011000110010110001001000000010001110011110000001001000000001000010000000000010001110010000101010000011111110101100100111
10100100010010000110000100000010110000110000010000010101000000110100110011000000010010001110001010110010010011001010000100001000000100001000100000011000100001110011111100111101011011000001000000001110000000000010000001000111100100010010010111010000000011010111000000000110000100100110000000000000100010010000111001001010100000010010101101100100000001000010000000000001001100101100000011000001000001001000110100
11100001101100101110010001101010100000111110101010000010100000100001010010111110000001011000000110001101011100010100110000010010011101011101000010010100001000010001000100001010001000100000000001100000000001001001110000001000000000010001000001011010000000101000011010000001000100000111001010001000000100100001011010100000100010110000000100000000000000000101000011000100101000011011001000001110000100011100000000
00100101110011000101110100001110110011000000001001001100101100110010111000001000100000001010011001011000111101011011010101101011000001011000001101010000101000001100101100001000000100000001000000011001000101111011111101011100000011010101101011000100000100110001100101010110010010000011000100001110000000001010010100010000011110100001000111101010111001010001011000001011000001110101000100101100001110010100000001
10101100011000000111000101001100100110001001010110010001011000001101001110010000111001000011000000100011110100100010010000010110010110001001001011001100011010001000100001000100010001000110011010000011100100000111100000100011001011100110100010001100010100100001100111100001011000001001001001011001110000111010000001100110010001101101000110010100110010001001100111100000001011100110000101101001000110000101010110
01000100100000100000100000000011010000101000010010010000000000111000110011100000101100110000100000000000001000011100000000000001000011000110100001110001110100010111000000000001000100100000000000000001000000100010110010000001011101011101011000001000110010000000000001100100000001100110000001010001110101001000111100100001001011000000000100110101010000110000010010110011010000010001010000010010001000100100101101
