100101110100000010101100101001000110000010111101000110000010000100000000100001010101101001000100010111010111110000001001000111000010000000111000011000100000110000000000011100001011000010011000001001000010100110011101000101001100011000000000001000001100001110001011111100000001100000010101001100000010010010100000000000001010100000110000100010000010010010001000
000111000001110000110101110100010100000100101010100100110001101000001000000000000010010001000000111101000010110100000000000100011010010001000000100101001110001001110010000111010000010001000000101000001000001011001000001010010010000000100000011001001000010000000001100000101000000000000100101010000000000001110100000001101101001001000011011000001100001110001110
010001010100001001100011100010000101010000001111100100011101000000010001110001010100010111010011010000100000010111000011010000100000000110100000010001010110111100000001000011110001101011110000110000010110000001010100000000100000000010001011010000000100001100010101000000000011000010101000000010001100000010110111100001010111000100111101000000011000001010000101
111000000000000000001001010100001110010001000000010100100000010000001011010101000101110111001011011000001000001010000100100001000111100000010010000010001101110000100100100000100100110100110000001100000010101111000100001001001100001000010001100011100010010001100010100010000001001100110000000000100011001100011000001100100111100000110001111001100000000010110000
011000110010000000110110001000110010010010011001000000011000001100000010001100010110000100101100001001010000001010100000000000101011001100100000000010100000101011100100010011010100010000110000110000000000110011000010001001000011110001100000100100110001000010111010100000001010001010010001001011110000100110000010100100000100011011101011011000000010001111000000
011000010010001001100110101100100000000010010110100000000100001101000000111100110010100010000011001101101000011011010111101101101000010111111110000100000001011000000000000001110010100100100010000100010011010010010100000000101011100001010010000001000100000011000000000011010000000011000010001001110100010010010011101110100001001100000000011101000000110000110001
011100101000101011001100110001101101001010000010000111000000110000000101000010000010100100000011000000000001000100000000000101110000011111010011001000000000001101010110011001001111010001000000010110011011011111011010000110100101000000001000010100000000000100000011010010001001010110000101011110011010101110000101101001110011110010111000000100101011101000000010
101010000100001010111010100010000000000011110100101010110101001000000011010000100101000101100111100110010101000000010100110100000000011001000101100100111101001111000000011000110010100001100010101100101010100001000001110110110010010101001001100001000100100000010000000010101001100000100001001010111011010110101100101100000111101101100011110001010001100100001100
000110000000001000011100000000011100110001011100101010001000010010000000101101001111010100111001000011010000000111000000110000110011101000000001001001000010000110101011001110110001000010000101001000010000100000100000000000000000000100101000110010101000000011000000111011000001000000010001100010101011011100100000110110001011101101010100000101001010010001000000
100000000100101001111000010000110000010000010110010011011111010000001000100010011100001000000000101100011100010000100010100100100000000101001110001010000100010101111000000110110000011001100000010000010111000100010000000110000010011010000110001100100000000010010100000100100100010000101100110100000010000000011011000000100011011000001000011000011001101001010101
001000011111101011010000100111001100111000111010100100000001000010000101100011000010000000000011011001000110011100010111001000000111000000110000101100100001000010001000101001101100000010111000000001010010110001100110010000111011000110000010000101110010101101000010011001100000110000011100000010000110010001110000010001000000001100000101100101001101100001010011
100001001000001110000001001100100110001001010110001100001000100000111111000100000111100100000000100001011000010001101100110010001001111000001000001001001000110011110000010111101110000100100000011100100100100001100110000001010001000010011111000001110010001100000100000110011011010100000001000101110101010100000011010001100001000011111001100000000000110001010101
000010010111001100111000111001011101010011000001000000110001100010111001101000110100010010010100011101000001010001010100001000100000000011011100001001010010110010010000001001000010000010000001110110011010000010100010010100110100000000000010110110101000001010001101011001011101001111101000001010100110000000000010100111000111000111000010100000000000000101000110
000110010100010010111011000000000100110110111100110011010110110000110100101000110000011000011001001010010111100000000000101000010001000111111000000110110110010001000011101000000110010000001110100000010100100010010110100011110010000100100100100101000000011001000000100000000101000010110000001110101000000000110001011111000001001001001100110100111000011010001000
000010101000000000001010011101010100010010001011000100000000000000000001000101110100100001100111000010111101010110000100100011000011000000101101010011011000000100000000100011011000100000000000101010110100010000000001101000011100101100010111101011000000000101001000010000001110100000010010000000010010000000001100010011010010100000100011111101110000100001000001
110100010000010000001110000001110011101100010000101110000000001001011001001100001011000110001000011000001011101001011000001010001011010100101100101001100110111000101110100011010000110001110000010000100000110111000000100000001100001100010010000111001101011001000100010000000001010000000001110000010010001110001010010000000011011100111111001000101010100010111001
111001100101010100001101000001110101000100100010011010000000110011011000010100001100010100010111011000010110010000000110111010100010000101011011100000100010000000110011010010101000010101100001111000010010000001110000101010011110101010111101101000001001010100101000101000000010001000100101010101001111001000001100001001100010000001001101100000110000111010111100
001101010000000000010000000100101000100000100000001000000100101000100000000011010100000000010111101100100011001100000000001101011010110100010100101010010100010101010111000001000011110001101000110001000010110000110100100010000000010001000011011011011010011000100000000010100000100000110010110001010010001100001000001001110001011010010110000011000010000000000111
000010000100000100011001111001101000001100001000010010111110000100100000110100001101010011000100110001110001000000001000000100110000110011100010001000000000101100001000010000000001000001000001001010101000001100000000000010011000011001001001000010100110001100110000000100001000010010101000000000010101010000100111100000100000000110010100000010010101000011000111
100001010100011000111000101010000110100000110010010001000010000010101101001010000000100101100000110100000001000010001100111100010001011000100101101000000000000111010000000100000010010000001000010000010101001000001000001001000110001011010101000100000010000011000100000000010000111000000010011110100101100000011010100000000111001001100000000100111000000101001010
101000101000001101011100000000001010001010000010010010001101010100010010000111011001011000110100011111001110100010110110000100001010011010100110100100001000101001100100010010100000001100010100010000010000011010001000000010010001011010011001000000000011111001111010100101101100001000101001001110000100000000110100110100101111100000000110000010011001010000001000
110001011011000100010000011010010001000000100100000101000001100100000100000001011000101110000000000001011100010010010000111000100001100111000011000001001011000000010100000110000000000101000100110111000000001100001110001000111010000011011101100100010011011110001110100100010000000010010000111100010100000001000100100011000010001001101110010101010100010011010001
011000101000000010101001001010101100000010100111101000011010001111010101100100011101100100001000101100000000111110101101101010000110100010011001010001111000010111001111000111001100100111100000010010101000100000010100000011100010100100100000110000100000101001000110010011100001001110001101000110010101100101001000101000000011011010000100000100001100100100110110
000010000110000110001111101010010000011110001001010100101100000100100001001001001000110110001101011100001000100110000100110000001011010111000001000100000000111100101000011000101100000000100011100000010110101100111000011000011010000100000101100111010001100010100000110001000001000010111001000111001000001101010011000100000001111001010001010011011001101100101111
101001100010000000000111101101000001000010000000000000010000100101010001000010100101010010101110100110000000000000100010110000000110010011000001010100000110000100110100100000100010000001000000010011010010010000100001001110001000010011110010010110000110000000100000111000000010000001100100100001001001101111000001100111010011000010000100010001000000000100000011
001010011011010011000100010111110100110010000000000001000001011000100000001000111010011100001000000010010010110000000111000100000000000100110101000000000001000100000000111111000001000011100100001001100110010000001001100111101100000001110000010101000001000100011100010001000011001011000111101000010000000000100011000110001000010001010111000100110000011001000011
110011100010100000000000100110011001011001001100110000000001000100100010111100000011010001010110001100001101001011010011100001111000001101001000011001101100010100010000100001000000000100010001000110001101100000110010100110010000000110011000100000001010100001100011000011101100000111001001010000010100010001000000001000011000010110001010100000000100011010000000
000000010000101110001010001100100100000100000100110010010101000100101010000101000111011011101000000100101101010010010101000000000000001010010001000111000100101000000010010010101110001110100000000110000001001000110011100100000001011000001110000110000000101010010101001100110011100010000001000000101101001000000001100001000001100100000100000100100010000000111000
100101011000100001000000000010111101000000100110001011001000000101000000111100101001000000011000110100011000110010110101001001010011100101100100010101000011100100000001010100010010000000010100010000000001000001101000001000011001100000000000010100111000100010001010000000111110000011000101110100100110010100001000000001100100101000010100100000001100110000001001
000011011000101010101101000000000001000001000000010000001100100101000100001101000001000110001001100110001000001101000101100001101101110100110010010011000101000010110101101000110001100000000100000101001000001000100110101001000110001001000000000100110011010010011000111011001110000100010100111110110000000010100001000101001101001011010000000001000000100000111000
001001000011010001100101001100100100000100011000001010000000100100001110000010010010011010111001000011000000000111100000010110001110000001010101011000001001000010101011001101101101100011001010000011101000100100010001100001011110110000000100000110000000000010001101100000001010111000100010010100101110000000000000011000000000010000001001101111010000110010001100
010010000000000100100010100101001111100000001100000001010010011110111110100010100000010001000010110000010100000000100000000001100000000011110101001100000000110011010101010010000111001111100001000101000100100100001001000111010001000000001011000000000101010000110011100010010001100000100001000010001000010000100101000001000000010001000000000100100001100000111001
100010100000001000000100001101000010001100011000101100101001011110100001110100001101011010000000011100000001010000000100001000000010001001111001001101010011010010101100110000010000000110010100011001000111001100000001010000100101000101110000001101000010010011000100011010110010111001010010000100001110001010000010001000111011110100000100100000010010001101001001
001001100100000100101000101000000010110110110101100010000100100010001011110100101100100101010001101100011000000110110000110000010010110101110000011011100110000001010010100010000000101000010101000001000100100001001100100000010100011111000010000011010100101110100001000001110110010010000110100001011100100000000001010001010000010000000100100000000000000001100101
100111001110000010101000110000011110100001000000010010011010010010011010010000010110011111000000011110001111000111100101000100111000001011001110111010110100011010001000100111000101000110000000001010011000000101110001010101100110100100010100100000001010101000001000100000011001000000001101101100000000011011010001011100101000010001010110000000000101011010011011
000001010101000010101100000111000000000010110111000010100010000101101100011011000010000010001000010000010111111100110100010100000100000110010000000000110001001101010100000100011000100010110001101101011000001100000101110000000000000101000000000001010110010000101100111100001000001011000000010001010111011101000000000000000000001011000100100000000010101001010011
111011101000010110101010110000110111000100001011110000001001000101101001001001000010000111000001000010101010100001000010010010100001000100010111010010000110000000000100111000110101010010100100111010000011000010011000100001100000110000100110001000000000100111111000100110000100000111000100000010001010101000011011110011010111000001000010000011011011010110001100
100010110000011000101000000011101100001111000000001110010110100010010110001010000010011001001000000000010001010110001100110001010010100100000101000011000010100001000110000101000000110010110000010001011000100000001100000010001110011000011010110010000111000101000011001000011100101100000010000010001111011010010011101000000100100111100000101101000111011011000000
000010101001000000001000000000000000000101100111010000101010100011010110000010101000001010000100000010010000001100000010000010001011001000101011110100110110010000111110001110110001010000101100010000100000000000011101000001000101001011010010010000100100101110000010110110011000011000100001000010000010101100100110001100111110011100000010000010001001010011011001
110110010000010010110011001000000010111011000111010000000001100000100010100010110110011001001001100001010000001001001101000000010011000101000010010010000000110010111100010010000001011111000000101100001100110001101000010110000010000111001100100110001001101000010100100100101110000001100110100011000010000110010011110011000000000010101010011010001000101001000001
110001010110011000000101010001000000001100101011110100001001000001011010101101000100100010100100000010010000010100011100100110001110101000100110100010010000110101001010010000000111001100001100111011001000011000101100100110000000010000010011000010000010111100100001011010011011000101010110010001000000000001001001100000000000101101000010110011000110001000010101
010010000000100101010000000111101110000001110010000110010100011101101001010100010100111100111100110000001011110100101010010000110010000000100001001011000100101011111111000100110001000100001100010000101101011011001011010000000101000001010100110000000101100000101101100001100010100011000110001000000111101010000100001000111010000110000010101110100100000011000001
110010100101111000010111001110101001000110001011010110000000000010010011010110011100110000000110110011010010001010110001111000001000010111111110101000000101100001000000000110011011110010000101010101101010010101000010001010100000110000101000100000000010100000000111100111001001111011000010011001100101101101000000101000011000100010100000000010010000011001001110
011101011000000000001111011010010011000010111110111000000010000111001010110000001011101000000101100100111010001000101001011000001010001000001000010001100000000011010100001111011000000000001011100010111100001001111000000000101100010011101001100100010011001011110110000000000000100001110000000011010001100001011111000001101101100110010000010100001011000101011010
100000110100100100101110100000001111100000111010000000011010001001101100100010101001010110000000010011000000000001010000110110110001010000001110100011001000001001100100010101000100000000100001000111000001000000010011100100000000111000001000010010100110010000000000001001100001011000001101000010110100100110100000000000110010010100100000101000100011100000001000
001100001011000010000111011111000000000011000100011010011001010100101000010000110010010011000011101111100000100000000000011111000100100000110011101010011010011000101011110110001001101100100110100110110000100101011001110001100100100000010101011001010011100010000010100101011000000010100100010100001010000001110000100111010001100011101000010000000010101000010000
000001000111010010101000000101100000100010000000100001001000001001000000000000101010010000101000001000110011110010010101100101000101110000110100001001011010101100010111001001000010010000101010000001010000010101000100100000100000001100001001000001001000010011010001001010011000000100010101010111011010000000001010100000000100011000010010111011000010000000100000
011000000000101101111100100001100011000010000000010000101100000100110000010001100100010000100011000010110101001011010110100000010100101011101000000011100010000111110001000110110011101000101101010010110000101111110001000100000010101000010010100010000011000111010000001111101000001000000100001010001010001110000100001000111100000100110000010000100101000111010011
010010010001101001010010101110001010101100010001000000111110000101010010100011000100100100001001100000010101001100000000100001011100001100100100011000111001101000011100000011000100110100100000101000101010100100000101010100010110010000000000001111111000000001000100000000000000000100000101100011001011100100010010001101000010000000000100101100000100111000000011
010100110000000100001000100000010100100110111010001010011111011001010001111100101000100010100110100001111010010000010010010011100011011100000001011001100000001000101010110011110100110100000000100101110001010010000000110000010111000000000000001001000111001100000101110000010111001001000111000000000000001100111110010010100011110110011100011110100101110100000000
001000110010000100001100011001000000100010001100001100100001110010001101010000000100100000000010100110000001100000001000001010000001000011100110010010100100101011110000100010001000010101000011001000000111011000000001101000010001000111101001101000100000000100001010000100000010000000001000010000100010111111010011000100011000101010001100001101101111110000110001
101001001011001101000110000000110110110000001011000010000101000111010000101101110000010000110010000010011000001001100000111110110100110000000010101010100010000110000000000000101100000000101000001000010011000110000110011100101100010001100111110001000010000011000000000100011000010011100000000100000010010010000100100010010101000101111110100100101001000000100010
001010010010110010100010110001000011110111010100000000011101111001010010110110010100110101010000100000000010100100001100001000000101010111111010001000110001100000010000000000001101011100000011000000000100001100000111000001011100011010000001001000010101011100100100000101010110001000011010000011010011100000000000100010100000001101001000010000010101001010000001
100000000111010010010000011110000000010101000000001011110000101110011000001101010010000110000100000000010000100010101000100010000000000100101010000000000000010011000001100110110111001100010010110000001000001100011000000000000001111001010010011000000111110010010100101010001001000101100000111101010000011010000010011000000000001000100000001100000100001000000000
100010010110000110000001000000001000110010100011100011101100100000011000100100011100000101110011010010001000111000110100001100010000110000001011000101101001100110001101010000000101000110001011101000000001011110100010011001011000010000010011000000001001101011010001100001001100101011000100100000000001001100111000101110000100000110010011001000001001001001100000
000111110001110000011000010101111000000110010100010100100101100000000000011001100000001000000011000101100001000100110001001111010000000011000010001010000101001001010100000010011010100000000001010000000011000001010100001101010110001000100010000100010000000011100001001111010101001001000000100000011110111010001010010011000010100001000101001100110111111101000111
100010011010001001110110000011100000001000000100110000000000000001011100100000000000011010010010001011000010000001000110000100000010110100100100111010001001101000101000100000010010010001000000001000010110111000001001000001001010101101000010000010100110010100000000010000000101110000000000001001001000001100000010000010010000010000101001001110011100000110100011
000000010000010001000000001010011100011100100100001001010010100110110100001001000001001000100010000000110110000001110110111000100000000111111101000011110000001000011010000011011000011000100100010000011001010000101001000111111001100000110010010000101000010000111000100100001011000001000001100010100110100010100001001001110101101101001110101100000010001111100000
001001000010111001101000000000000000100001010100000110100111100000010101010000011100010110000011000100001001001000000000110101000000111110101000000000110100101101010100001000000000001110000111010111101000000111111000111101000111010001100010000010000000010010000101101111100001100010110000010100000000000100101000100011010000000000000100100100110100101001010101
000100010001111001000111010010000111010110010000001100101000111101101110000000000011001011000000010101000001111001000000011000111100110010001001011010011100001000001110100011010000100010000101100000100001010100100000110100100001011100111111010011001010001011010111100110000001000010110111000010000100010000001000100101110010110111100011100000010010100101010101
000000000000100100001010000011000100001110000001000101001011001001110001001111000010100010111010100000100100000111001110010011110001000101011011011000111011000001111100000101000010100101100100100000001010011100001110110000101001000001011001001101000010110001110101010000001000110000100001100100110101101001111010110000011001010100010100010000000001100100000000
101000010011110000010001111010010010010100001000000010100000011001000110011000000010010010000011010000001111010101000000011100011000010010001110001000000001010000010000000100000000000000101100000101001001000100011001010100010111011111011100010000000100010101010010000010001000000101100000100010010100100001010000100001000100011001001110011010011001111000001001
011101000010110101001001000100000111100100101100110100110010100010001010000101000011000101100001011001100000010000101111000100100000001010100010000101001110001000001101001101000100101000000001000000000000111010000000000000000010111000000101110110000001000010010010110001010001000010110100001101011011010010100010011111000101000001000001101010000011100110000100
111001110001101100001011001110001010100110100000010010010000000100001100110010010001110010000001100001100110110100000000000000011000000100001000000101011100001110001011001000101010010010001011000010000101100010111100000010100111000000010100000000001000000000111011011000011010000100010001010100001101001100100000100000010001010000100100000001010010100101000010
000001000000100011100000010000011001101101101001001100000000010101000100101001010010001010100000100010001100101000000010010101000011001100000101100100000100100111011001000100010100000011000101011000000010000110111001000010010000000000000110101000000011001010100100000100110000000001110011000001000101000101000111010000010001001011001001100000000001000111010001
000001100011000001001000110010010000000011101001101000110100101000100101011100101110011000101001001010001010110010001000000000000101011000101001001011111010010011000100101100011001000100010010010110001000100010000010001010011000001001000111001001100111000000010000000001000000001100000010111000001000000000000011010110010000000100000010000000110100001011000110
000001000010001110000001101000100100000000000110000100001111001011000010000001010000000000010000000100010000110000000000001001001000000000000010000101000100100010110110111001001100011110001111011100010100100000100100000000001111011000000100111000100111000000100011110000010100001010101011000100011000100000001111000100000001010100100101000111000111001001001110
011101000001001100000100100000000010010101001000001001001011111001000001100111000001100011000100110100000000010100001111000010101000000001010000001000000101000000000100100110010100000101000100101100111100000000000010101101001001000000000001001010001001001001101010101100010000000001001010100011000110101001000010000100000000010000000101000100010000101110101000
110001101010000011100010001010110101000010100111110000000001010001011000010000100101110001100001011011001101010110001111000001010010110110100010011000100000000101001001010001001101100101110000110000100110111001010010000001101010010111000000100101001110100100000100101010100011111010001001001001000101110000000000110101000111100100010000011100000100011010001001
000101000000000010110000000010100001001011101001110000000101001110101011111010000110100100111000010111110011000000010000011010100100100001100001100001000011011000010001000110110010010000000010010000000101001100100100000100000000000001000110001101011000000000001010101001101100010000011111010100011010100101001001100100001100001000000000100101000000100011100001
110000010001001000001000111010000010010100011001100100100000000101000111000000000000000000100101101000000100010001110000001010011010100110000000000100000110100001110000111000000111000001100001000010110000110001110000000011000101000010010000010000000010000010000011100011011011000000001000010110100101001100100101000010000000010000010011100010111000100010011100
110011111010111100000110011001100000110000111011010010111100001000100100001000010110101110001010101101000001000000110000010110001000010110000000001011000101110010010001010000000000110010000000000001100000101010100000010010000010010001001101000110110001000110110000000110011111000001100000010000100000110011010000111100000001100000101001101100010111100101000001
000000000010100000010000000010000100000100000110010100010001000000100000110110000000001001000101011001011000000010100010000101011111000000111000000000010110010000101110001011000010010000000000000100100000100000100110001101100000001101010000000101110011000001000010001001101010110001011010001000100011010000001100011111110010100100000100000110110100000000000001
100000010000000110010001011000011110000000000011001101001000100001010001010011011011001000101010000010001000001100000011000000001000000110100001000000000000001100110101000000001010011010100010011011011010100000000101001100001000000010001010000000010000011110000001101000011000011000000001001100000000100100100000111010000001100001100101011111100010011000000110
010010001001000100000001000001000111000011011011010010101110100101011000000100100110001001000010011000100001000100000000110010011000000010001010001011010101000001000000000100000000000000000000100011101000000010010101000000000011101100000011010100100000010111001001000000110100010100010000110101100010100101110000010100000110011001000000100001001000000011010000
101110111100011001000011000000010011000001010101000001100010010100011000000111001000101011000000100000001000010100000110010000000001101110101000000001001100011100010101110000011001001001101001000100000101000001001000000000001001100000100000010000000100100001100000010010100000001001001101010001001000011000101101101011100101101000000011111110001100001111101100
001000110100000010010000110000100100011000000101010011010000001011010100000100100100000011000010000101001000111100000000000001110000000000000011000000101011100001110001100110101100101000000010010010011011100001100010010110100100001000010001001000010001000001010100100011000100011001010010101001011100100001001011110100010000001100001010100101001100100110011010
000111101110001100111000100110110001001001100000010000100011000101010100010100010110010000000110100100000011110100100000010101001101101001000001011011011110011001000011100000101100111011001000010000100001110111101000001100001110011011100001110100101000010101000000001110011000010010100001000001000110001000100101101001100000010000100110001011000110100111001011
110111000000010100101100011101100110000101001000111000010100000000110101000010010001011101000010000000000101000110000110000001110110001010011000011101010100010001010111001111000100000000101001000110010111011011101001101100000000110111000011000000110111100000100100000010110010000010010010000000000100000010100000100010010000010100000110100100101010000100010000
100000000011000100000110000100100001100000000101000001110000100011011010101100100111110001100000010110111011000000100011000000010001011110100100001010000100000010011011000110101100000001010100011011100010001100110011100101101010001001101000010001101000100111010001001101001011100001100100110001011100111101000000000001000100001010000111000010000010010000001010
101100010000000110000001100000010100001011001010100011010111001001000101010011110001010000000100000000000010010000000001111000010100000100000000011011010110101000010100000000000010100000100000000000000100000000101011100101100100100100111001000010010000000110100100010011100001100110110010110000000110100001000000010000111110111000010001100111100000001000010110
100010000100001010011100111011100000100001000001000000010100001001001001000000000011001001001000100000100111000000000000000000010001010100011001110000010010011001000100110101111000000100110010000010010000100000000000111001010100000001001010010100111010110010100100111011110010000010100000010101101111011101100101100001001100101011111011000010110000010111110000
100001000000101100110101100010111010000000100011111110001000000111100000110100010110001000010101101000111000001101000000110010110110110001010000000111100001111000000011100010000000001010001001100110001001100100101000110010000001100101001000110010001000100000010000110101101101100000001010101100010000111011001001011000001110011000001000100001101100001101010101
001010100011001011010100100010000001100011000010000010000000001100011000011010010011110001000101001001000000101001100011101001101000110010000110010101010010100010000010000000010000011000000000000001000101110100011011000001101111010101001000000111100100001011100101100001000000110001000010100100000001011001100011000011001011011110000011000010010000001000100000
011010111100000100001010100001000010000000011001000000001111001110000101000001010000111100110111011001010011100001000100001000000101010001100001000010001101000010010001100000010000101010001000001100011001010001101000001111110000000001001100000010010011100100000010100001110000010100000101101011000010000000100010100000001001000010010001100101010000011101000010
101000000100000000000100010001001100110110101000010000010000000010101100010011000000000000000000010010000101000011100011000100111001000000010100101011001100000111011110100000001001010011111000111011100000000000000000101000000100010000010000111011001100001000011110000100101000000000001000101100100101000100100111000000001010100001100100001101000100000100011000
010011001110101110001000110000010100010110001101110110000011111000001000011010000101101000011010001000110010010010000000110100111110110000000000011011111001100000000100110001100000000010001000100110000110101100101001001000101000001000000000000110100100010101000000001001011000001001010110101010100011000110101010101001010101011000110000001010000000101010001010
011100010001111000011010110111011111001101100110011110000001000001111010010000000000101010111100110011111001100011100000011000001010001100001000000010111111010001110001001100000100101000100000000000011100100000100101111111001010101010111010010010100010000110001001001001010010101011110000110101010000110000000001110001100000000001100001101001011000100000010000
000011100100110111001000110000101001000000100001100010000010000010010001010010000000101010010100001101110000010011000001010010000000011011100001111001100110010011100100010000010000010110010101010100001000000000010010110010000000100001110010000010000110001000000110011000000010111011000111001001100010100100100011010100010011010101000000011111011000000100100000
001100000010100001000100100111011100001100111111010100000100001010010100100100001001000100011110111110100100110011011000100011000010100010100100100010001001111010001001000101001001101111001101000101010000000100000110011100011000011101000001000011000100101000100001010101100000011011000100100010111000110100100100011001000110100000010000000011000000010111101001
011001000000001100000010000100000110110001000110000001010100001011010110000001000110010000010101101000110000000000001000000100101011010011100000100000101010010000001000001100000011000001101001000101111100100001010011100000000000101100001000010000101001010111111000010110100100001110000000000010100001011011000110100000100100011100101001001000000110100100110100
111000010101000000001001110100000000001100010111011001000000100000000001000111111010101101010100100100001000000001110010010010011011101001011101011011000000010111001001010100001100100000000000001001101000000111011000100101110000011010001000000000100100100010001010010010010001110010010000011101100000010111110000001000000010011100001111101111001011011000100000
000000100011001010001010100100010000111000000011000011000101000101011010100110100100000011011010100000011011011110000000000101100000011101000100100000100100100001100100011100100001101000101111001001000110001000100001010100110100000010000001110100101000001000011001101101000001111101001110010110011001000000010001001111001000000000010110100100001000000001010000
000001110110010001000010000010000000001100111001000011001100010000110100100001000111010000110111001001010100110110110010010001010000000000100001010101000101110010000010000010001110001010010000111010010010011110101100000001000100000000000000000010000001101001000101011001000001000100000100001000100000110100000011001000000100000010100111000100000010000000010000
000000001111011010000000000111100000110001011101100000110101010001100001111111000000011111101001011000011011000001000000001010111100011010110001001010110010100111001010000011010000100001011010011000010100000110101010100000010100100010001111000010100110101101100001011000100110001010000101011010010100110101000000010010010010000000100110100111010101100101101000
000100000100001000000100010100101011011010000001010100111000010111011000001000100010010010110000101100100000100011101100000100000010010001100001111010010100001101100100010110000010110100000010101000010010011010110000000111000001110000010001000001000011100100010011001100100000010010010000100101100100100010001001101110001001001100010101101001011000001101001110
001000101100110010101000010100000001101001001100000000001110100000010010101011000101100001100011000001101110000010000111001000000010110001101000110110000100010000101001000000000010100101010110100100001000100001001010111001111001111010011110111001000011111001101010010000000011000110100011000100001100110010010001100011011001000100011011111001010100001000110000
010000100111000000101100000010110000011010001101110010111100111111110011110010001000000010001001000101000010000011000010111001000000110000101001111000000001001000100000011100011001010000100001000111011001110000001100101001000000011010000110100000000001011001100110101100001000001000010000000101000101000110001000010101000000010000010001001100000001000110101000
000000110101011001011101100000000011011000000010100010100010001000000001011011000011100011110000100000101001000000000010101010000000001000100010000010010010001101100100000101010100010001001010101101001001011000000101100011100000001000101010000100001101101110100010101001000010100000111010000011000001001010000000000000000001010100101101000010100100000000110000
001101010100100110001000100000000011000001001000000001100001100011000000100001010011101101011100100100100100100100000000010010000101001100000101011101010001000101001011000110000001111001001011010001100100010000000101010110100001010001000010111100000000000101000010010001001010100000000100000001100000010010101000101010001001010000100001000000010011010010001011
