001010000000100100000100010011001000100000010011000000001011001000110010100100010001101100011011100100010010100001001100011001011101001110111110001110010000010001001101111101100000000000100000010000000000001100001000000000001100000000000000100100100000000000111001000000101110000010110001000000001001100010011000101000001100000001011001010011001010001100010110000101110111000000100000000100
100110100010001001000011010001101001111100100010000000010010000100000010110000000001000000000000110010001101100000001110110001000000000000101000100010110111000100000000000001100001101001000000101011100100000011001000001100001000001100100100011111100100001100001100010000011000000110000000000001011000011101000110000101000000010110101000000000001111000100000000001001100100001100000111000010
110001110001000100101001110100001000001110011000010001010101100001100110100000000100101011010011100000000111110000010011001010001100000101111100000000100000100001011100010001000100011001010001100001000001001011000100011110101100000111010111101110011110000010000101000001100100111101101001101001000111010100001100010110010010101001000001000010000010000000010001000000001110101001000110100000
010000011000000111000100001000100011011000000111100100001000100100100000001101011100111101000001000001100110000001010001010000110101001101001000101110010000100100100001110011100011000011001100000001011010000011110010000011101010101001001011000100100100010100001000010101001001010000000101000010000000010000000010010010100010000001110000000101011110000101111100101000000001000010010100010001
000011011010010001110001100100110010010101100001001000001010011010110000000000010100010010001000001000001010000010101010110010000000100000000011010100101100000000001100001000100001111001000001101001010000000010011010000001001101010101000101010000001001100110001110000000000000000010100000000000111111011110000000111100100000001000110100100000011000011010010100001010000000110100000000001111
111000101010000000001100010011110000010000110001011011001010101010110000100011001001010100001010001010110110111111101001010011100100000011011000100001010111000000011000100011100001100010011101000100000100000010100011010001000100001001010001100101001011001011000000010000100000100000001111010011000001110100001010011000000011001000000000000001110011100011011001110100000011001100000000100000
100100011010000000001000001100100001000101011001011001000110101001011101101110001110000100001100101010100000011001100111111100000001101100010010101000010001111010000010001001100000010100001100010100000010000101000010100001000110001001001110100011101010010000000111100010000100010010111001000100100100001001000011110010000010110110001001011010110010001000011010010111001110001100101100100010
011000000000011100100010000101010100001001100110110000000100000001101111110111110101000000010001000110101010001011010110101110100000110001101010011011110101010000100000010100000001010100000101101001000000000101000001000010110010000000000000011001100110001000011100111000111000000101110011101101001000110011010010001100110111000100001001010010101100001010011101111010001000101000010100011101
000011101011000001100001001110000000000110001001011010000111111000100000110000101000001110110001000010111000011100010000010010000100000000101110010000000001000110000000010011011010101000000101100101000000001010010001101101000010110001110001011101011010101000010000000000000110011000000001000010100000100011001101111010100000010000000101101110101100110000010000000110001100000101001000110000
000110000101010100101110101100100100000100100001001001000101101000001110000001000010100000001010000001000011110010000000100100010110010000011010011101000000100010000010110100110110000100010010110010010000000011010000010000000100000101100110010100001011100011000000010100000001001001001110101000000000110111000010110000000010011000000000010101100001100000000001001000011000000011100000100011
000100011000100100000010110010001000010000000010000110000000001000000000001101101000000000110001000001000000000100011100100000101000001110111101101100110000010101001101000100001000001000100010100100000010000010001101100110000100011100001100011000100000000010100010001000000010010000000101001001000010010001100000001101001011000100010010001010110101110111110011010000100011010010001101101010
110100110100010000101001000100110000000000000001001010000100100100000000010010001001111100000011000011010100000110010010010001110111110100000010101000110100010000100010011000000000001100000010100100001000010001000101011000001111100101111110010100001111010000000100110110000001011101001010000000000100100000010100010011101111011100010100101000000000000000000000011000000010101001100010101000
100110001000010100000000000100001000000001100000101001110100010010011000111000000100001011010101111100100100000000101110000000000110001111011000001101010110101000100110000000001100000110010000001010000001000000010100000110000010000000010101110000110010110000101110110101000011100111111011000100100000100001000000010000000010110100000001101011110100100101101100000100110010110100011011000110
010101000000010111010011000111000000100101001001001010000101010110010000000000010000000100101001110100110110110010111101100000110001100101101011101000010001111100010110100000001011010011101000010100110010011001000010111000001110100100011001100011010011010001010010110011111000111000000011001000101001010000011000100001000010000100010000110001011101000100101010001111000101110111000001010001
111101001000000001100110010001000100000000000000010100000010000011000000110101000100001011000110101110001101010110000100011010000000001010100110101010100001000101001000100000011001011100010010010010011000101101111100000111011001000000101101100000000101101101010100001000011101011001011100100110000000010001110011110101001000110001100111110101000110000111100111011000001001110011001001110000
000100000010010111110100000000011010001101110000000010000000000010001000001010110000100000100100010011100100101101100000000000001010000000010011100000011000000000010101001110011000100001000100000011000010010001110101110001111101001010100000110100001000001001010111100110010100000000010100001100001001100001000110100101010111111101110000100100010100000110110000100010010100110011100010001101
000100100100111000100101000100100100000011100100000100001001100001000011010100001010000110000000010100010101001101110000001011000100101001000011000110010010001100000101001000101100000000010000011011001010000000010110001100110000010001110101111101001010011000010000000110011000000100100101010110000110100110100000000101001100000000001010010000110000100000001110001010110011100100100010010011
010010000100000100000000001011000000010110110101100000001100000000000000101000010001100101000101011000101001000000000010101010001100000001010000010101010001001110010101011100000000001001000000010000010010001000100000001011101011100001011000001000100000010110000001000011000101010100010010000100000000011000010101001000100001100100010110010110000011110100100000011001101000001001101010000110
100011000001100101000011001010000000010000001110110101001010001100000000110000000000010000110110111011001101010000111000001010110010000010110000010101010000000000111011100000000111001110110000100001000100001110010000001111001000000110110010100010100001110100000000000000001000000000010100100110101011011100011011000001011001111001010001000110000000000010000100100010101001100101001011110110
000000000011000101000010010110100000100000000001101000011111001100110100000001001000000000000110010001101000000010000010000100011010011010100100011011010101000000101100001111101001100100001100000111100000110100100010000010011000000111111001000100001100100100000110100011100000011100001010000011010111001010111111001011101000000000010000000000001000000011010000001011110110100001010110010101
110000010110101111001011100110101000100010000100010000110000100010100110100010000001000001000110001000001011001110111010101100100101001111100101010100100011110001000000000101000101001010011001010100100100011000100010010001000000100111001010000100011110100000000010000001111011000111111011000010010111100011000111000001010000000001101010010000001001011000000110000110100010010101011000000100
000001101010010000111011010110000000010000100000000011001101100000011011110011000000010010100100110000100000000111000001100111010000001110110111000000000000010010111001010000000000110100101001000000010011000010000110011001010010001000100000000000000000001000101001100101101100000100000000011010001000000100000000010111001000001000101010101100011110010010101101000100001000010011010010000001
101010101101100000101010110100000110001100010110001101100100111000000000100111010111000011100110010011010110000000010001001101010000001000100000000110100001111101000100000011100000000010010000000000011110010010011110010000110000001000010000110100100000000100101000110011010110100110010000001100100000110101101110101000000010000100000110000001110101100010111100000010001010101001101000100101
001001100000000011000000011101100010000000001000010010111000100100000000000000010000001001010001001000001100100000000111010001000011000110011000000100100101000010000110100111010000001110001100000010110100001111110011011100001000101000011000010011000000000100101001000100110110010010000011000011100110110010100010100000000011100000011100101000000000000111100101110000000010001000010000011000
000100100010010000101000000011100100001110011000100100110110100000001000100010100100100100011000100010100011010110110000100010000100011110000001001110000100110000001001111001001001100010000001011010000001101111000000000100110010100101011100001001110101000000001110001100010010111000010001110010100001000010001110111101100101000000000000101111001110110101010110111111101110110010010010001100
111001001100000010010000000000010101100000100000101100100011010001100001110110100100001111010101000000101000000101100010100001101100111000110011000011001000000000111010000001101100101100000010000111100100111010110010010100100000011110001001001001001001000000010101101010101110011111001000001010010100001000001001001010001101110111010110000010010100001010100110001001001011000010101111000100
101001000000010100010101100000000011001010010011110110011000110011000000100010001100110010010111111011000000000011101010011100001001100011110000100100000001011100110011101100100011000011000000000000000100010110010110100110001000000000100010100100101110011000100101010000001101100111111110000011101000000100110010010010000010011001000010010000010000000101000100000110010110001010111100001000
000000000010110000000000000110001010101101010000100001101101100000011001000001001110001110000000000000100000111000000001010110000001100101100010000001001001000100101011010000010011011011111010100100001010010000111111101010010001110100011100111010001000100111010100101000001100001110001110101001101010001100100010110000100001000000001010110000000010000111000110000000000000100010010001001111
000111111000010101010000011100000010010100000010111100000101001101000001100000000001000101110000110011110100000010100010000010100000000011100000000001000000110110100101010010101000000011010000010111010100011100001000000100000000001101000001100000010000100101010100100000110011000000000100110010100000110100000111101000110101010110000100111001110001010001000011001100100000000100000101010000
000100000001000000000000110110100010100001011101100001001010001000011100000000100100011010000010111011010001101000111000110101000101000000000000100110101010000000000001000100101100001000101110110001010101000100011000010000000010000000100010111011101010011110000001010100000000001000000111011001101000100000001011011110101000101101100100110010110100010011000111110000101101000000101000000011
000000010001101000010000000000111100110100101000001001100000000100010100100001100000000110100111000000010101010001010010000001000010010011110010001010010100011010101001011000001000010000101000000010000000010110110110001100000101011011110100001011001011100100001000100010010110000010011001001001100000000101000100100000000000110110000000000000001000000111100011000000100000101010000100100101
000111001011010110100001000110000101100000110111011110000010000000110011100101010100001010001110010000010100001011110010110000100000001101100101100000110011010101000000100000000010001011100100100010011110110100110010001010100111000100101100011111101001010000001101001101111100001000000010011110100000000001010000000001100000001100001001110100010011110010001000000010110111110000010100100100
100101000000010110010100011010100111000011000100101000100000100011101110100100001100011000001001001000010000000000001011110111001000101100110000110000000001110010010100010101100010001111100110011010101111100100100100110000010001000010110000001010000001011000000000001010100000101010000000000110011101000101101000010010000000010010001010101010000100000101000011001011111111100000000101011000
010110001001111000001100111010000111000001011000011010100010000100100110101000110000000010010001100001010000001000001001110110010000100100100100000001101101101000101100100010011000101101011000000011011101000001000010100010010000100100010011100000010100110111001010000110011001100001001101001010101000001100110000010000000101011101110110101010000010000011110000101100010011010010101101101110
000001001010000101101010000010111000010000010010101101111001110000110000111010010001001100010011000000011001001011000000001000000110010001011100101010100000000011100000001110010000000001000011011000111001011001111001010010100000000100110100110001101101110100100110000001000000000001000110101000000000000000111010001100010000100101101000100100000100001000101001001000010001000100001110001000
001101100010110011110100010000000110000100001000010000110001000111110100101010001100000110100000110000000100000001011000011010001100001000010110001000000010000000011001010000000100010000100101001000110011000011100000011001000101000010000110000000010001011010001011100000101000001011000110100110000010000001101011100110000000001010001100001011010000001010100101101101001000000101100000111000
100000011001011100001010001101101101010111100111110110010101111001000010100001011101100111000011000101000000111010111111100011111100100000000000000100100011010000110111111100010010001000101011000000100000010010010111100000011011001001000000000011000000001000100001011101011010000101010010010000100000011001001110000010010001100000000110110100001000011000111010101100011001100011000001000000
000010000000000000110000001000110110000010001100001100100000011110111000001000000110010000110101111101100000000000011110111000011110111111001011011111010010010111001101010000000101000110011000000001110000000111000111010110100110100100001010010000010100011100101000001001000001011010110000110101100100000011011101001000001100100001001110111001011101000001010000101101000000011001100100001001
010110110000001000101001100110010010100110001010111110100010010100100011100000101001010000011001000110100000000100001100100000000001001100100000101000001000010000011100000000000010000111001001100110000000000000000010010100000100100110010101100000000010000101100110001000110101110000010100001010001000011001000000101010010001011000100000010100000010000010100000100100001000001100000001100100
000100110000010101001010000101001111110100000110010101010110000000010000100001000001000101110000000111010001000001010010100011000010000010010000000110101010000001110100010000001001010100101001001000010000011001001010000101000001000011101011110000001110010100001100001010111100000000101101000010001010000001000100010010101111100100101101001110111001111101100011110101001101001010000001000000
010001010110000101101100000100100000010000001110000011011100100011011110000101001001101000010001001010000000111010011000100010011101010010000101001000000001000000000000001010100000010100101110011000110100000100010001011110100110010001110000100010000000001000101100010001001110001110100000010000101010110000101010000001001000110001001010000110110000000000111010110001000000101010110000100001
000100000001001110101000101001101000000000001011110000000111000101100000101110001001000000111001001000100110010010010011010001000001111100010010100000111001000100001000110000010100100100010100111001000100001110011011010010000010011110101000000001110111000000011101101001110000000101000111111000010000001010000011001001010001110000010100010100100001001100100100001101100001000111000010011000
000100111000000010000100000110000011000001100100001001000001010001110101101110001000011110111010001000011010110011000000110100010010110110000100100010010000100000101100001000000011001101001001010000100100111100100001010001001011110000010000000100100101010011001010000101010001110110111010110110101111011000000100010000001001000000011100001010010111010110010010101111011110010011110100100100
001111011000000011001001111010000000001000000101101111001000110001001010000110100011000010110010110001100000110000011101100100010011010110000001001010101001100010011000000001010010100100110110010101000010001101101010000001000111001100000100011011000000110010010010000011000110000001000110100100110000010011100011000101000110010101000000111010000011100100000110010000000011000011010101010001
100011000011111000000000100001000000000110010110010000100100000101101000000110001000100100000000010000011101011001000001000000000011000000011101100010100100100011101100101111000000000100010000000010010100101000000110100000101101101000011001110001100000000100000010110000010000100000010011010001000010011010000110111010000000000000000000000100000001101011000011111100101100011101110010000011
000101110001000011100000100110010000011100100001000101110100001000000011101101000110000010000000101011011010000000000010110010100001001001101111001111000000001010100000010001110100000100010000010000100010010001000000100101000101001000101110000001011000001011010010100010100000000011010110000000010111110000100000000000111000000001110000000101001000001000011000001000110010000000001000010100
101000000111100010100000011001001001111000100110010001010000110001010001000110001001110010001010100100000000011110000001000001000001000011000000100100100000110000000000000000010110010001100001000010000100010010000110001100001010101100010111001100001100000101100010111000000100000110010101110000000010010101000100110001000010000010111000110110010001011000110001000100000100000100010001010000
000001001101110000001001000001000010110001010000000101010000011000010110101000000010111001111110100110001111000100001001111101000001001111001111000000001001010111001100010011000100001101001100000001110100001001111011010101000000000110000110000010100110100101100000000000100110111000000000010001101100001011101001010000000100000100000001010110001011100000000001000000111010010101110101000000
000000000000100000010001001100100000100000001110000011010001100001000001100000100001000100001110100011000010100010001110000001000001011011000010100110100110110110010101001001010010011101110100001001000010000010001010000000010000000000010011100001110110000001000001110000101000000100011010010111000000001010010010000001001001111100100100011000100101010000100010100100011000000110101000000010
010011001000111110101000100110010000010110101111001000000110110010101110010011011001001000110100000100000010101000100101000100100110011100011101100001110000100100100000100011000000110001011100101001001001100110001101001000111000000010001001110001101100101000000000100110100000000001000110011001001001001101000010100011100000101010110000100111110100100001011100110100000000110000000010000100
010000000000101000010011000010001000110011100000001110100010000000000001000100110010001010010011000001101100000000000101000100000101001100000000000100000001001000010001000001100110111000100110010010000010000000001000011000101001000010110010001000001100010101111000001100000010101000010011000000100010010010001011100011000011101011100101110010010001010100100000100100101000010110101111010110
000010001000000000000011010111101110000101100011000000011110100101010111100101011001000000001001100011010110011011001111110111010011100001111000001000010000000000001010010110000000101010111000001110101010000100011000101111001101001110100001000100010100000000000100010011001110000100000000001101100100000000011000001111000101100001100111101001000000110001000000001100101000100010010100001010
101001100111010000011010100001010100101101100110001010001000000010111000100000000110000101011100001000000000000110001001001000010010101000000010101100000010010001110110001000000001010000000100010001000100000001010000001110000100010010111001000101000001000000000000000000011011000111110001010000001010011010010110100100100110000100000001010000100000011100000101010000010001000110101010010010
000000100000001010000010000001010110010000001111101001001001010111000000111000000001000010101011000100000000101010000010000010101000110101110000000111011100010000010011011011110000110001000100011001000001101000001010101011100010000011001101010000000011000010101000001101101001000001001001000001000011000000100110010110100100000100000100000100010000001100000100100101010100100001000010000110
000100010010010000011000101000000000010011100000010010101000001010000000100000101001101001001000000000110001010110000000001000101010011000010001001001010101001001111100011101001110011000100001000001000110000001100000011000101110110000000000100001011000000000101011010000100000101000100010000110001100010000010101000100100000100010000101000001000100001011000101101000000110001001101000011000
110011000100010001000000000100001010111000001000001000000110000100100001110100000001100100000110000010101000100000001001000010010001010100100000100100010010001010001001001000111001000100100010000000110000100000000000001000010011011000000100010011000111001000011011001011001010010001110001010001000000101010101100010110010000000101000100001010111001000100010111101100100010101000010101000001
101000000000000100001011100000010101000000111000010010101010000000110100101001010000010000001111100000000101101000001001000001000100001010000001100111001000100011001011001101100010000010011000001110111000000011100001111010100010101101000010000000001011000011000000000100010000001110100000100011001110011011001101100010111010001000101100010110010001000100000000000010110000001000100010010000
001101000110010000010000100000101000100001001010000000011000010000100010000100001100100001111000101110001000111000011110010011000000000100000010011100111100011100001100010101010000000000110000100100100001001100000000110100001010101000000010101110010000001000000010000100010100000001010101010000000001000101011001001100010101000101100001000000001001011001000011101100000000001010000111000000
010101110000101000000101001000000010000000000000000010101111001010000110110000000100010000010100011010000101100001000111000110101100100000101011000001001101110011110001100010000001011111001000100010100000001000101000010110010010100001100000100010000100010000010000000000000000100000000001011000011101000010110000000010000110000100000010100100011100110000100000010010100100100001000100001000
000101110011000000011100011110001101110011110100000010100010100001001001110000111000101110000010010100000100000110110000011000110100001100100100100001000010010000010010000000011010010111010000010110010010010000010111000010100000000110000100001011111011001100000000110011000110000000000000000100001011010111000010000001010011001110001001110000000010110001101000011010000000101000001100000100
011010000111010011100010001100110000001100010101100010010010001000011000110010111010000000100101101110010000000001010001001100010000001001001100100100001101010001000000000000010000111001010001100011000110000000110011100110010110000001000000001010000000000000000000100000100000100001101001000111000011010000000010000010100100111010000000000011101010101000001110010100110101010101000000000001
001011010000101000011011010000010111110100110000111110100111010000111010010000010101001100101101000010100000001010000010100001101000100001101010101000000101000111000011111010110000001000000100010010101000110001001100111111101100100010000001100011101101001001010101000000111101011010101101011001011001011100110110110001010001111001001100000000010000000001100110000000000010000000011000100110
000001100001100010111000010011011100000001110011001010010100000000100010100000000100110100001010100000101000111110000001000011000101011000101001001010001100101010000000111101010111000101100110101111000000010000111100010000110010111110000101101111110000100100100110000000100000100010110110001000100001000001110011100000100100001100000010110000111000110100001010000000000110100011010000000010
100011000010100100101001110010010010110101101110100100011100000001000000000101001111100000101000000100100101000110001001100001011110000100010100010001001100010010100010110011100110010001101000010000011000111001101000000001000010010110100010001001001001000000100000010110000001111000000000000101010001000000011011110111000110000000100111100000001011000000011000000001100010111000010100001100
010100110101011000000000110010100000011110100000000000001010001010010000010111101000010000100011000100010010001000010001111000000010110101001010001000011000000010000000100000101100000100110000000010010110010100000011000000000001000100001001000001001000001101000010000000001000001001000000011010010100000111010000010001010100011001001110110101010010010001010010000011001100010110000010010110
000100110011110000110011001000000010100111011111001101110100101101011010101011000010001100001110110101100100101000010001100011010101111000110110100010001000100010000010100111110001100001001000000111111000000001010000000000000110011100011101000010010001000000010100000110010001000001000011000101000111000000111000000110011001100100100100101001100011000000000111011100100001000000000110000000
101111100100101011110000001100001101101000001010001001000010010111100001110000100000000001000100000011011000000101100000100101000100101000000010000000101100101011101101100001011001101000100000001000000001000101000100100000010000000110011011001011101101000010100000010100010011100011111010010010011010101100101100000000000110101110011011010100001111010011101010100110000001000100110001100011
010010100011011110001000001011100010000110010001000010111101011001010000100101110001000100101010100110100100010001110000100000010101001000000110010101100100000110001111000100000011000001001000001110111000111000001111001011100010111101000000101011101100000110011100111100010000010100101010010010000000101000001010011001000101010111110110001100000011100011010000000001111000110000010111001011
010100000101001101000101001001000000000011000000101101000000001000100000000010011100000111100001101010001011111111100001010011111010011100000101011101000000001000100001000000011000001001000000100100001000000100011000101000001100000001001100100000011010000010001100010100100000100011000000000011000101010101000001100101001010001000010110110001010001001100101000000001000100100000000000001000
000101100010010000000001000100110100100000101010111001001001010011010010111100010000000000010111011110001011010110110000101000110010000100001000100111110001101000110000110001001000001101100110000001000010010001101000000000001110000000010000001010011100000011101100101010001011101101001000000001001001010011000011011100001001110000000001000000000101100100010101001010110011011001001110101010
000110101100100000011000110101000000000000011100010000011111000010100010101011000110001010000000000100011000000100000110001100011011000110000110101010110000000001110111010110000000011001010000000011111110010001000101100010000010010101001010000001001000000011110001001010000100000000100100111001010011001000010101000000001000100100000100001010001101000111000011000100010101011010000000010000
010100111000011010001000010001101000010010001100001011000001110100010001110011010001000001010010011000001011010000001000111000000100010111100011000010010011100001000101101000100010001101011000111100100000111101010011000110001110111001100001101100000001000000010100111000000111011110101010101100010110101010100100000000111001001011000011100010010000011100010000001011101000100111000000111000
110010100001010001001000010100101111000000010001010011110010100000111000101000011111000000010101000100000001111011001000000000101100100000100010000101000100000001000010001100011011101010001010000000010010100100100010010011100000111000001101001011001001000010110001111000010000001001100011001000000011000001001011010010001001011001001111000001001000001100110001110100011000110110010101000010
100100001110000000110000110000011011001000000000010010001001101000011101100000000110010010000010100101000010100001100001000010000001001000100000000010000000010000111011001111001010000000001110000001000001000001011010111100010001001111101010011110000010001000000011000010111000101000001101101000001111010100000100100000110010000000100010110001001010100100000010110100011010010100001101011000
000010001000000001111101100000111010000000101110000101100011001010101110000011100100001000101000011001000000100001110100101001010011111100100011000011001000101111111010011000001101100001010100000111011100000011000100000100001010100011001111000100010101100011111001000011000001010111100110001001111010001101100000000011010110111100010010010000011000111010100110000010100100000000001011001010
011010011010110010000110001000001000001000000000000000000100100000001000000001010000001000100000011001000101000010000001100011011000110011000001100010000100000111001100000001110011000100000000100111000010010101010000001010100000000010010000001000010000001000100011001100000110111010010100010011110111010001001010010001010101000110000000000100010000111100000000010100010101000001000100110100
100010000100110101000010010000000000001000001001000011101000011001001001010110100101000001001100000000000001010000001100010000000000100000101110000001000001000100000001101000010101010001010010000000000100100001101101101001101010000001010010001000011000000010000011100011001010101000001000000100000000100000001101010000000001001001001001110000100001010011100110100000111100101011101001111000
101001101101001010000110001000010001010101010100000010100010000000000000001100101110111101100010101100010010101101101001100001000101101000000110010001110011111000100000000110001101000010001100000010001001001000111000110001001001000110000001001010000010000010100000011110010001100010111001101010010011010011010000001110010010101010101110011101000000001001000001010011000000101101000001001010
100100010000000111001000000000011010001000010011000100001000000101000000010000101000001001000000010000011001001010000101000100000101000010011010010100000010100001000010000000101110000100011000000101010001000100000110111000001001000110010011101010111100101001101100001010100011110100010101100011000000000000000011000100101101100100110001100001111000000101000000000000011000000000000000001001
000000001000100110111011001010001111000011110000100010101010000011001100010010110011000000100101010000011010001101111100110000100101010100010100000110000100001101101100010001010000001010010011011001111111101111000010011010100010010010011111100100000101001010100001000001111011001000100000010000100100100010100000000010100000100000001000000110000110010010101100000111001101100100101000101001
011011001000101010000001101100011011111110010010001100100000000110010001010011100100100101000101100000111110101000001110011110010001100100000111010000000001010001000001111001110001101001000010100001100000100100101000101001011000101010010000010010111100000000001000010110010000011011000010010000111100000100110000000110111010010110111010111100100101010111001001000000011000110001110001001111
100110001000100101011010000000000100001110000011000011010110110001000001000000010110000100100010011000011001110101100101010000101011110110000110010001011101000000000010000110001000000010110000001001110111000101010000100110001010001010100100000000011100000010100001110100000000000001000001010001001110000011001100000010010000110101011101000010100001110010100010000010001000100010001111100110
000101001011001000100010000010010111110001010000110110000000100010000001001000111000010000101100000000001101100010000101000000010000000100000110011100001001010111111000001000101000100010000110101000000110100000000011000000000100001011000010000001000000000110000010010001000010001001001011000111001100101000001001000010010011100000101000100100000010000100100010011000110010010110010010000000
110011011000010000001010000110000001110100100010000001110100011000100001110000000001000000000000000001100111001000011100010000000000000000011001101011000001011111000000100001000011010011100011101010011000001111000100010110000000110110011010000000000010000001100011100010001010001010000011110100101011010110010100101011010001000000110100000000111011100010100011010000100000110001000110000100
000110110001000100000101100000000000100101101011011011110000001010001000011010010110000011101010000000100011110100010010101101000001101011010001000010111100000010000110100000111001001000001010010010110110110010011010000010000111011110100010010110000000110001000000000010000101100001001001000000100010100111000010001001100011000000100000000000010110100101100010000101010011010110011001110000
000101001001111000000110110101100110001100000000010001010100010010001000110100111000100000101010101011000100011000110001000100000000001001001010000011000010101011000110101101100101000000001110010011100000000000000001100000100011100100011010100110101100111101001101011110000001111111000000011001111110000000000110000011110010001001001001000001010000001010000000010010001101001000000011010000
100010101000001101011110001111001011011001000000010000000100011111010110100010111010000001000100010100010011100000101000101001100001110010000100000101110000010010011010100000010000000001100000001110011000000001101110011100000001010110010000100000010011001110001101000011100001000001001000001010010001001000000000001010000010001001010011000100001000111100001110000100000011010100100010010000
001100000000100011011000011110000001000001011010110000000101001000101001001110000000001110001100000011010100001001010101100000100100000111100100000000001111000010010010010100010010000100100100110100000100100101000010001001000111001010000000000011010101101001000010011001001010001100100000010000110011101110000101000010000000000101101100000010101100000000010000100100001001100010010001100000
010011101110001110010000110100001100000000010100011000011000001100111000000011010100110101001010011000101000010010001010101000000010000001010101100100001001100010100001010100000011010000001000100100010001010101000100111110100001000000100100100100000001000100100000000010001001101010101101000000010000100110000010100111001100001100111000100100111100100001000110010110011000011110000000000000
001010111000100101000001001000011000110100010001011101100001100001110100001010010100011101001100000001110110110110010110010000111001011000110101110111100001000010011000001110000000011100000111100001100000001100001000000000100100001101100000000000000000100100100000101010000110100000110100001110011011111001110001100010000001000101111111000010000100000011101000100010010100100011101100000001
111000001001001100000000000111100110000000000000010001110000000111100101000000111111010000100000000011110000011000000000101001010100110000000000000011000100001000000000100000110000000000011001010000010000100100001001011010000010101001000001011111010111000100001110000010000100010001010100000010010000000100110110100100111101001010000010100101000001100000110000000100000000010001000000011100
000100111001010010010000100010100000001000100000000011010000001001010110000000100000000110100100000010101101001010001001111000100010001100100000000000101110000000111011011000100001110101010100000000000010000110001000101011101001000001000000010010011001010101000000000000000010001101010101000000101010101111010000011000010000000000001010000100110010011000100100000010000001110000100011001000
000110100000100000101001001011001111100010000000000010000011000110101010100010111000000001000011000110101100100000110101000001111111101100110010111001010010110100101010011000100011010000010100001000001011100000110000111101111010100111000110001010100100000101000100000100100010000010101001001000100000000010010101010100110101001111010001100110010011001001000100100110000000011011100000010010
100100000100000001010001100010001100010000001100001000000000110010000000001100011000000000110110001001110100000011000010011011001011101001110100000101000010001100100001001101010000001010000011001011001100101100001010001100010000100010000110000011000000011001011001000000000000000010000100101001101001001001011010110111010010111000100000000001100101110010010001101001010001000010011110110111
100001101100011000001010110011100000010100001100110000000000010000011000101101000001100001100001011001000001011000010010000000110000000010100010000000010010001000001011000100010010010010011010000110010100011000010010000110000100000100001001011001110001101100110100011000010011000110001001110111001000000000000110000000110000001010001010011001100010001001000001100110100000000000001100110111
001010000000001000001110100111110001000100010001110000111010100100011100100001100101010011101101000000100111110011111011001111111110110001001011100010001000000110011001001010101001100010111100000000000101100011011100011000000100011100010010010100110100011100000010010010000010010100100001000100001101000101011000100101000000000101000101000111110001010010000111000111000111000010001011100010
100000100000000010000110000000011000001010010100011000100100000101010010000011000101000010010000000000001001010000010100011111000100000100100011010000000010000000000010010010000000100001010000000010110000011000101000011001100001100110000000010101110110001000000000000011000001101101100100110000001101100100010010001000010111000010001000000111100010101100010010101100001101100000001110000100
111000110000010000111000011100110110001001110001001010011000100111001000010110110000101010110001110101000100000010101100010100011000101010110001000010000100110100001100100000100010000001111100001011001000000000010011000110011101100101000000011001001001101000011110111111001101010001000001001111000001100110110010010110101101000000011001011011001101101000110110010000000000000001010100001001
010101110110001000111011001011001010011010000010001101000010010010010011011001100000101000000000001010010010011110000111001010110000000000000101000100110011000000110100000001010010000110011110110010011011010001101110000110000010001111010011010000101111000111000000101001111000010010001110110000001110000001001000010100011000010110000000000100111011000110010010001101001000000101100111010001
000001010010110000111100001011000000101010001110010100000000010000101000000000101010000111100110000110000110101010100000000000101101110110001000000100000010000000000100000000010001100100000010101001000100100010011010000000000100101110000011111010000001000010001100010000001000011011000110110000001011000001000100000000010000010010100000111001001101010100000011001000100010101011110100000100
