0011010011110000111010101001110000100101000010010100010001101000011100001100001010010100000100100110100010001110000000000000000000101100000110110011000000101100001000101011100110101101101011110100001100101000100000100000000000000000101010110100000100011000001000001011101011000101110000010000000000000100001100
0010000100001010110100000001000100010101000000001010010101100011110000000010000110010001101011011000000011100100000000001010011101110010010111001110010100000000111100000001000001100001101001001100011000100000011001000001000000000110000000000000000000100000101001000100100000000010000110011001010111000010101001
0100010000101000010100010001010010000001111000000000011001000001000000000000010000000100000000111110000101011100000011000000011010001110110000100101011100001000111011111000000000100001100000100100000010011000110001010100001000000101101000000100110000000000010011001111100010000011011001100001000110000000001000
0000111001000101000010000001011000110101001001110100000010000000010010011110000110000101101001011011010000100100010000101110010010000000000010010000110000100101010110010000110000000000110110000000011001100010110000111100000000110010000011100000110000110010011111010010001100000011001000000100010101000100110010
0110010010000001101101000100000000010010001001000000000001010010000010111000110001000001100110100111010101000100101000100001011101100001001101000010010010100000101101010110100010110110010010001010011011100111100000010101100010001001000110010001010010110000000000101010110100000000111001100110000001010010100101
1010010100101111000101010000010010000000010100000001100000010110000110001010100011000011001000100000101000010101100111010000001010100000001001010000000001001000110011101010000000001101100010000000110011111000000001000000100001000101101000000010100010111000100000010101001000011001000101000101000100001100100100
0001000000000000000010001000000100011101010000000000000101100000001000000010010000011011001000010001001000000000001010000100010001010010110010001110011111100100101010110110010000001001101001000010001011010000010000010000001101100100100000010110010100010101000000100110000001001100011001010001000001100110001100
0011101010000000110110101110011100011000000110000010101011001001000011010000001110110000010100000110010101001101001110000000000000000000001000000011001001100101000010010000111100110011101101001000110000001100001101000100000000100000000111001100000000111010000000100000000011000101000000011111100000000000100110
0110010101011010101110001010011000100001100001100101001001100100100001000100101001110001101000100000010101110000001000000110010100000001010000100000001010010000000000001011110100001011100011100000101100010100010001010010000110101101011001000101010001000011101110010000000100011100001000000000101000101011001000
0000001100100000100010001101111110000010011000011000001001001100110101000000111100000010100000000000000000001100001100000000100010010100000010101000100000000010110001110100000111111000101000010101110100111011000011010101000100010001101100100001100001110010100011101010000010000100011100000100110110001001100100
1000010111010111010000001011101011000011100010010100101000111101000001000000010111111001000111011000001010101001101010000000001111000111010010001001000100111000100100010010000000001010101010010010011001010010100100111000110010000011100100100010010100100001000111011000011000001000001101000101110001010111110001
0111101110101010111011011101110000000010101000000011010110010101000100000010100001110010010001010101000010011000110000001000101100000000000000010000100001100100001001111000111001010100001011110000100000000000000101000100010010101001100000000100000000000100000001000000000101100110111000100000000000100011000100
1010001010100000010100000101010010000000000100101011001100001100010111000010000110000010101011000010011001000000001110010101000000000001000010011000010110101000100000000011000100001000001101110100100010010011101010100011001000000001000100101000000110000010110010010000101001010000001001001000010001001010110110
0010001000101001001000100110010101000000101001000001000000110001001001001010100010000000101111000001000100101011100001011110001000000000000100011001101010010100100001110111000110011011100100110001101000100111001100010010001000011101010000000101010111010111000100010100101010111010111001010000000001100011000000
1110001001000101100001000010100110001001110000010001111100101010111010001000110010101110001000010101100010110011000100000001110100001000111100000100000010000001000000101001011011010000000000111010111010101100000000100100101101100111000001010100111100010000101000101110011110010000010001101000010000110000101110
0001000010000111001010010000010011110001100010010001001000100000010100000000100001101000101000101010000110111001101101001010011000100110101000001001101110001100010010010000010100001110000001001001100000010101100010001100001111100000110100110100010100100101000100001000010100000011100101000100001101000111101000
0011010110101001001000111100000010010001010001100100000110000110000100000000010001110100000100000000101110110001010101011100001011100010100001001001110011010000001010110110010001010110000110100000010001000000010000010100100000000100011010100010010010000101110001001000011011010010100100010010000111111010000000
1101101101000111001001001001101101000100100100000010100100000000111001000001000000100101000000001110111000101000100110010100010011000011000000000100001000000100000010010000100000000010000100001000100000110010100001010000000110100000001110100000100111000010100001000110101011010010000100001011000000000000100011
0000000100001001010001010110110000000010000000010101100101011010010101101100100000101110101111100100101000000001000110011011010000010001000110011011111110000001001010100001010100011000101011111100100001001010001000001100101000010000110110100010101001000000101001100100000101010110101101001011111010100001110001
0010000101000100000100010000011011000000000011000110011101001001000100011110000110010001100011100100011110001111010001000010001100001111000000000100000010110011000010000000100100000011001000010000101010111010110100010000100001001000000100100000000010001100101010010000010000001100000000011110110101100000001000
1101000000001100011000010111010111001101010000100000011111011001010000011010000100101000100000100100001000111000111001011111100000000011110100010011010011000110111001101010011010000100111100000010000000001100001000001100001000111001011000111000101001110000000100100100010011011111000100000010100011110100001000
0110101000000001001101000000001100100000010000110000101100001000000100001000000010100011001110000001000010001000101000100010100000010001000001001010100010010001011110100110000101111000100100100010000111001001001111100100101000000111000010010110010001011100100001100010000000000010001000000010100100011011001000
0100110010000001011100100000000000010000001100000001000110100001010110100011010100110101000010101000001101000000100100100110111101110010000001101100001110011000000111110000110101110100010100000001001100100110000101010000001100001001001010010001101010100001000110101100011010011011100000100011110000101111000101
1111111110100010000010011010000010011010111101000001110100110100010101111100001001100100011110010000000110010101101000001010110011110011101111100010000000010000000111000110110000101101011110101000010100111100011110010010000110001010000000000000001001000000110100000000101100000000100010000100111011000011001000
0111010000001100010111010001010011010000100011000111100111100010001100011111100011100100100000100001010000011111010111110001010010001011000000000000100011000000000101110000000000000100010001001010010010001100101001100011010110100000100100000000010101001101000000011100000000010001101100011010110010100110111010
0000001011101011101100011010000010001001000011010001101000100100000001101101000001111001000101001101000010011010010010001100001000000000100000001100011110000101001010100001001000000100110100110110001000100100110100001010001001011000010011010110110110001000001101011100110100011011100010001000000001000000100000
0101100000011001111001010000010000100010100001101000001011010000100001000100000100000000110000110000000001001000000111111100101000000110010011010100010101000110101010111100101001100111001000100001101110001100101111101000011000110101100110000111110010000100100010000000010100010100011100101100011010010110011010
1011000000010000000101000001001001010110100000010100000110110011011000000000100101010010111000110001000001010001110010000000001110110000011001010001101011001000000101010001000111000100011000001010000000001011010001110110100100000100001001100001111011000000011001010001101100000000001000101000011001100101000010
1110110100011101010101101111101001101010000001111100010000000000100110101001101000110110001100011000101010000111001110001000000000100100010100001000101100000110000000111000010000110001010101011111100000001100010001010001000000100100011110000000001010000100100010011010111010011000010001000010100100010101101010
0000010000101110000100100000001100101101000001010001010010111001001100111001000011011011010011011101110111000110100100000000000011001000000011101000000101010111111100000000000000001010000010001000101001110010010010000110101101100000100000010010101011000101101100000110010010011100010101000000001010100000000001
0001010100000101001101000000010111110000101001010110001010000000000011100110111100110000011001000101010000011110110100001100010110111000000101000100000010000000001000010000011100110000001001000011000000000000001000010000001000011011000100000011000010101010101000010010010010000000001001010111000000011010000100
0001011011010100100000001000001101000111000010011100010000001011000010010100000000111011001001001000010110000101001011000100000111010100010000010001110011100100011000010100000000000000010010000010100000001100000011000100000000100110101101100000000000001000000100000100010101001110001011110001100010100100010100
0000010000001000000001000001001000001011010000000101011001001001001101000000000010010010000000010000000011010011010001000100101000100111101011000000011101100001010000010000000100100001000000010001000101101000100000001010010001000100001100000010000010000110100101000000101100010001101001101001000001100110111011
1010001000111100100011100000010011100011100011000100000000100111001110110001001001010001110010001100110011111000110001000000001000001010011100101101100101100010011110010101010000001010100011001100010100010010101010110100000000000101110100010010001000000111001001100000100000100100001000100111011010100101100100
0010110010001111001100110011000010010100010101010010100110010101110001000000001111000101001010110000001010111100010100111110100100000001000100001010010100000001001010101001000100100101100000110100000011100101100101110011100000000000000100010010010110100101000010010011100001100001000001000110001010101011101001
1111101000000111101001100000001010011101011000000000010010111101011000110000000000010100100001000111010101010110000000000001000010101111010011010000100001011000011010010011010000000000000110101000101010100010110010101111000001010001001001110000000100001000111110001000010100001010000000000001001010111101111001
1111010101011111010000010000000001000101000001010011101001001111100111001011000010001000111100001010001001100001000001010010100100000001111010000010001000000000101100001101100000000101001111010000001010110001010110101000100110101100111001000000100010000010011001000001100000000100000000001011100000000101010000
0001000100001001110000000011010000000010011010000010001100010000001001100010111100000100000001000000000011000101000010010010100001101000001011000001000001000000110000100110100001000011000010011000110101110000100000100000100011000100100011011010011000000011011000001100110011000000000001100010011011011011000000
0100010011101101001010000100011100000000110000000000000010000010000001000001000110110110000000000000001000100010010011011010001110001111011000011011011000000001000000000011000101100101010000010000100010000011011000100010001101001000001011000111001100100000010100001011101011000111101001110101110100010000100111
1110100000010000110010100000100111101001111110000000000000100111010010011011100000000000000000010000000010010100000000000000000001101010000011000000100000000000000100101000010010100000111010001001010101110001011100001001000100110010000000010101100111110101010011000101001110001010000000000011011000000001101010
1101001000010010000000100100100010000000010001000100000000010000000010010000110001001100010000100111111101110001000100101001100000011110110010010000000100100010000110100001000010011000100000000100000010001100000010000000000100001011000010011000000110010100100010110011000010001110101100110111110010010001101101
1000001000001000000001000000000100100000000010010100010000001100110000001000010000101110000111000001000011011000011000011100001011010000100100011010001000100110100101010000000001110100101101100010000100000000110111000000000001011011101011001011010010000001101100001100110000000001001000100000110101000100110000
0011101101101010011000111000100100111000101000011000000000100010010001000010001001000100010001001001000010000101011000001010001001000100000100100011001011000000001101011000001110000110001010011111101011000000110100000010000110100011010000010100100110000011000100100010000100000101101110110110101100110100011101
0100100000101000011000000010000110001111111000110000001000011010000001010101011000001000000001110110010000011110110000000011000110000100001011000000001001000011001000010001011001100000001001001110001000100011010100000011000110000000010100000000100011001010000000100010001100010001000001100001010000011000000000
0101011001100100101000010000000110001000100000100101110001100000010011000101101000010000100001100000100100000111001000000010000001001011011000100000000001001011010001000000010100000000000000011000001110000000100011011110011001110000010010010011001010100000001001110000000001000010010010000000001100010010100110
0000000000110000110000010011010010100100111000001101101000000010000100001000011011011110000000100000010000000001000110000000000010010000100111000000001100000010001010000000101000001000110101010110001001010100000011101000010101000011111000100100110001110010011001000000000100000000010000010010010100110001000101
1101001000000100000101000000001010010110111010000000110101100000001101001000011100100111000101110110001100110001010000001000011100010000000001010001100000001110001010100110110001111000010000000100101111001100000111010110110001001111001001101001110000110011000000010100111001010000000001111000001001011011101110
0000001001101101001000000100010010000000110111000101100100010011001100111110110101101000000100001110010010000001100000000000100001010111010000110000110101111011010001000001100101001010000010000010011000110100010010000000100111000100000110101110000000101101011000100011101011101100000010011011000000001101111111
1000001010100100010010010100100010110001100000000000111000100010001000010101010001100001011000111100100100010101100001110101100100101010100000101110001110011001001110110011111100110000001110010011010101000001011000011000010000001101010000001000100100001010100000100100000100000000100001010000000011000000000000
1001001010001110010100100000001001100000010000010110001110100001011000110000000000011100010010001000110110000100001100000010000000010100011000001110010000001010100001101100100110100000110001010100101100011000010001110001100000011111010100000000110100111110011100111001110010110000010000010000100101111011000100
0000100000010111000010011000000001010101110000000010100000000010101010001000100100010101001111010001100100111010010111110001001001110010101010001000100000111101001001101011001010010101011001000011101111001011000011100001101100000110000100010000000110100111001000001111000000011010110100100010001011110111000101
0101101101001111010000100010000101100000001111100100100011110110101010010011010111001010001000110110000010010110100000100100001010100000010010100010000000000000000000010010111100000001100011000100100111101111110101000000010001111000101100000001000000010000110101001010001001100100010010000011001010000000010000
0110011010101010000010011001001010100010100011000100100000011010001001000011000001001000001110001000000111000110100000001000100010000000100001100110100010001101011001001001000000000000000010100000000010011010001101000101101100011110010101000110001011000111010110111000111000100000000101011011000000000110100100
1000010000000010101100011001000000010000100000000100000000100011101000100000000110000100010001010101001101000010010000000000100011000010010011010001000100100011101100010010100100000100000000001001110010000010001100001000110101010101011111000101011100011000001000000000100000101010100100001100000001000111000001
1000000110000111001000001011000011000000101100011000011110000010000000000010010100000111100001000000111000001000101100000100110110010111001100000000100001001000101000011010000000000000100110110000100100010010001001100111100011000001000001110100101000010010000000001001000111100000011001000000001001001101000101
1011110000100110000100000011000110000000100000000000101100100110010000101011000000100000011101010000000000001111100101010101000001011100000001001001001000000000000101101010000000100001010100000010000000000100010100110001110000100101100101001000111101011000010010111011011000000101010000011010011100001000110100
0000000000000101001100101110000110110110111000001010001000010001010100001000000110000010010100111111010110110000001000001100001000000100011111001011101110110000101101010110000100010100101100000100101000000010001000011011000010001000100100001100001100000011001110000000010111110001011111001000100101110011000010
0110001110110000011001000100000101101000010000100001010000000010000000010010100110001000000001101000010000000001000101110100000001100000010010000000110010100000100101001100011001100111100100001001011110010000000100010101011010100100100010001000010100101001000010001001101110100001100000101110000110010010010000
0100000010011110101010000000111111011000000000000101100010110000111001011010001000011000001001001100010101100010000000101010000010000010000000010010000000010010100111110001110011101100100010100000000101001010110000100010110000010001010110011010011010001000010000100000000010100001000001010110100101101100111011
0000000000110100000111100000011000111110011011101100111001111000010010010100110011110000111100001000000000100111000110001010000101000110010101100010010110110101000100101011010101001110000010011010011000010001111010011100000100011100101100101100010000001100100101001000000000000111000111000011000001100000000000
1000010100101010001000000000001000010010010100111100100101000100111100101000110111111010000000000001011110010000100101000000110110010111000101110000001010001001000000100101001010010111010101110000100110010010101000001011011101110110110001101100000101000110111000001010110000000100111010101000001011010010001110
0000000000001100001100000000001001101001010001111010100000100101101000011111000000010101100001001101110011001000011010100111011011001111100001010010000010001000101011001001100110010110000111010101011100111010000001100110000010110000010101001000001101010100110100010010110001000001000011100000001001001001010100
0000010000110001001101110000110100011000001100000000011000000010011100000000101000010100100000001010000001000010000000000001000100101000010100011001001100010010000010100000101000100001011101101000110001110110000000010110010100110100100010010100100010000010001000111000010000000101101100110001101100100100100010
0111010100010001000100010100101111000010101110110101010000010101101001100000010010000110111101111100000000100100000000111110000000010010010000001001000011001111100101001110001010100000100011001101000011000001000100101000101101101100001000010110010010101011000101000000011011010000101000101001100011000111100011
0011101000000001000011000001110110011001000001010010000011100100001010000011101001000100010000110001000101110111010011100100000001101110000100000110010000000100001000100000100000010001000000110010110000011001100100111001010000110100110000000001000010010010010111111100000100011000101010000001100000000001000000
0010001101000010001000001001010000001101100010000110010010011000001110100010010010000000000000001100010001000101011011001011010000001000111000001001000001000000000000100000000000101001001101101011011001011110001010110100100001000000100101000000010010010101100100010100000000101000010000001011001100011010001001
0110001101010100110100100011100101101011111100001010100010110010100110000001001110010100101010110000010100001100100000110111001100010001010010001100100010110000001000101011100001010011000101000000010001110010101001000110111000011000101001110000010001010100110010010010001010010000001100110000101100001011110000
0101000001000111001000010000001001001101000100001111001001011001010101000010100001000101100000000100100100000001110010101001100010001000001001010000000011010110010001100011110000010010010000011110010110101110000010011100011110011001100001000001000000001010000001001000100000100000111000000001001010000011100011
0000100011100100001010110000001010010100001001110001110010000110010110010101000000111000001011000011001010001101000100000001010001101001000100010100000111000000100000000000100000101000001001111110000001000000100001011000111000011101010011011010000000011000101101000000100011100100100110000001100100100000000010
1000001101100000000001000000001000100000000101000001001000001001000110111101000010011000100110001010000000111001000000011010000010001000010000100010000011101011101110000010110000000110100010011000011000000001011000010101000000001100000100110001000000000100001011001101000000000000110011101010000101000000110001
1110011010011110000100010001100110010100011101010101010111101001001101110000111110100010100101100010100011000111100110001100111100001010011010011110101001001000000000000000100010011001101100000110000000100001000011000100011010000001011000000001000001001101000001110000110101000000000010010010000001101101100110
0011010100101010111100000000100011001001000000110001011001010010000100000110110000101100110011110001010010101000001000100000000001101011110001110110000000101011000000010101100010011001110000111000011000110001000010100011111011100010001011000010000010000100100010000010011000100000000100000111010000001010010000
0000101101000010000000000000001111100100101001101010110101101000011000000001001001001101110000010010101011101001101100110001001011010010101000000000101000000001101110011110001010111010010000100001000101100100001110000000011001100100000000000000001111000101100000011101010000100011000101010111010000110010110000
0000100001011100111000010010000100000001110010010000001001111010100010001111010010000000001000010001010000111100000000000010100011001010101110000111110101010010001000001010110000000100111110110010010001000000000000001101000000000100110001000001100001111100001001000011100010101101100110010100000101001011100000
0010100101100100000000100111111110001101000101000111101100100000101000110010100111111001010100001001000010001011001010000010110010110001111000011001001111000001010000010000010001000010001000000010011010010001000110010110110000100100001001010000011000101000111001100000010000101000100011111000100001010111000011
0011000100110001010010010111011000100100000101001100010010110001001011000100011111000000010000100000011000000111101000000000001000110110000011000100100100010101000111100011010000011010010010111000101001100000010111101001100000001100011001011111000010110000100111100010011001101100110100100000001010011010000100
0100011010011010000000000101101000000011000000011111100000010001001100000001000000011111011110100010000001000110000100000001000000110001001101001000000000101000110000000110000000000101010010010100010000000001011000001010100011010000000010000010101010110000001000011101011100011000000110001100001100000101100100
1110111100000100001000100101001101000000100100000111000101100010111101001000100111010111010000010000010010001011101100000010100001100001100000110110010100001110000001010100100000100101100100100000000100100000000010001100111010001100000110111101011100000011110100100000001010101001000101100100110010001011001110
0000000100001101111000110000101001010101100001000101111000010110100000000000001000100001010001111000000011000100010001110001000001001100100000000000001110111001001000111010101100001010101000000100001100000001000010000000000011000011001000000000110001010110010100010100101000000000110000100100001111100001100000
1110101100001101100001001001101101101010011011001110110010000011000000110100001000010011111000000011000000010110001010000000010001101101111010000011110001100010001011001110000101010000101000101000101000001011000000011000000000001001000100011001000011010100110001010111011011010011010101010010010100100100111010
0011000110101110001101101000101000100101100101000000000011111010010000110110010100100100000000000000001000001000010001100000001000000001111110010010001000001010011001001001010000000110010011001000010001010000000000101100001010010010110000110000010001100001000000100010000001001101111010001110110001101110100000
1000101100011000100100101101010101000000010000000000001011001001010001000000110000100110011100100010110100101011111000101000000101000011001101001000100110001000001001100100000100011010010111101001010000001000001100110011000010111001010011100000111001000000000011100110101110000010101000001001101001000111110101
0100001101001000001001101000000010101100010011000100010001000000000001110100110010101001000001010011100001000011110000010110101000001000000001011110000011010011111000110011001010100000111011011100101001011000010010001000001100111000100011100100010100100011000010001100000011000110001110101100001000100101000001
0000000000101010100100001000100001010110100100010010000101000011011000101110110001101101001110010100100001100010001010001100011010010100001001000001101000000100100000000000010110000111001000000100010100000101010001110010100101010000100001000000011010111011110010110011100010011100011000000000100000010000010101
1011011100011011001100000000011101011001000001010000100011110000000100000000101100000100010010001000000001101000101000010010100100111001010100011000101110000100011010000011001001100100111101111100100011011000001111000100110100000110111001011101011010101111011101001000000100001101000001010010000000000010100001
0011000001000111001001111100001000000101000101011000010011011001101100100001100000000000110010001101100101110000101101001011000001011011010010010000000000111001011111100100101111001011001010000010101001001000110100100011010000000000001110011000000100001011000011001100001000111100100011110001000000101100001010
1101110100000000100010011010110101110011011001001000010010111000000000000000000100000000010101110000000010000110000010000001010000000000010000001101101000000111100000001100011010000100010011001011010100001001000011111101000010010101101000100001000001111110010001000100000111000100100000000100100001000110010010
0111010100000000100001000111001000101001001000100110010010110011110000000010000000110011000010111110001001100000000100000010000111000110000000111010011001000010010101000110011000110101100000010000010101001111100011000100111001011001110000001101110011000110010100010000000010110000000000000100001001011110000010
0010001010000100001011000110101010000001100000011010111011010110010000100101010000001000011101100011110110000100111010001010011100010000000101110000010111011110000101101000001001111000011001000110011100101100010100010010010111000000100100010100001000000110011010101001010110010010010010000000001111100101100001
1001110100010001110111101010000001111000010010100011011010101100100010101010110001011101001001000000111100110000000010010100101000010110110000000010101110010010000110110100000010110010100111010000101001011001100100010101001000100000110000110000001011001101100101000000100010000100000000110000001101000011010100
1000101001010000110000010000111001110010000111010101000000010100010000001100100101000000101010010010000110000001101011111000000001000000011011000000110100111010100000011000100001110100101010001001101000110000100010111001010000000100001100000010011111000010110111110001001111000000100001001000101010101110000000
0111001110000011000100001000000000001111001110010110010010010000010101100000101111000100011000000010001100001000010110000101011001000010010110001000100010000011011001000100000011100010010100010101010010100010000110000111100101000011001110000001100111001011010000011010110000101100001010111000101000010100010000
0100110000001010100001110010110010100101010010010001000101101011111100000101011011000000001000110010001011001000100100010000110010101001111110001010000101010010010010001000101111000110000000100011101000100000000011111010001101000000000100111001011101000111000000000011101000000101010111010000000110000010010101
0001000100110010000111000010011000010001010101000001101101100000000000001000010000000011000100001101000000010000001010101001101000010000101001011000100000001101001000010000010010110000100000110101101111001010110100000100001000000110001100001000000010010000010000001001010000010001101001101010010000010010100001
0001010010000010000000001010000000000100000000111100011001000010110011000100111010011010110001100000000100000000100001000101000000100101011101100110000100001010001000011100100000000010000111000111110000110001011001110100010111111111010010100100000000110011000111111000110011110010000000001010000001001001001001
0010010100001110000101000010001100001100000101001100001111010110000000001010100110001110011000000101000000000000001000001000101101110100010000010100100101000100000000000011001111110000100010010001000001001010010001000111000000000000101110000000000000001001000101110111100100001000101010000011000100000100100011
1100101100011000001000110001100010010100101000010010100000110100010000110000000101100000111100001010010011001010000111010001101110110000000011111000010101100100010100000000101000001110010001011001110000100001011101001001000011100000000001110110110011110001001000100110000000101000110000100000010011101101000000
1100000000111110111010000000000101011100010000010100111001101010110010000110101000000000001101011000000111000101000010010010000000010110110100001001000000000100000010101000100110101000101011000110100100001000010111011001001001000001011000010111110001010100100100000001001000101000001100001001100110111101000000
1101101100010100110000000000000000000000000001000101000000100110000011000000110000000010100011001000000111100100100001001001010110100100001001000001000111100010010100010010100011001000100010011101100100010110000100000001010100001001001001100010000100000111110011001110011001000100110001001001010000000101000010
1000100001101110011001001010100001011000010000010000111011000100000001000101010001100100100100001100000111000100010000111001110001100110100000001011010010010010100010110000111000100000100000000001011011101000111000101010111100001000110101010000000001110010010111001000110100010010100110100000000110001101011101
