000000100100000001100110011101001001001001000011100000000000000011111101100011010010100100111110000100110100000000011001100100000001000000000010111011000001110100111101001000010000010001010000100000111111000100000100000100110100000010010111000000000011001000000110001001011010100101100100000000001000000100100100011010010100110000
000001110110000001110000101100000001010110100011010000001101100000100000010100000001010110000001001100110001001000011011001011010001100001010011101100011010001001101110100000010000001010001101101011100000101001100100000000000101010001010000111001010100100011001000100010110000111001110001010100111000010000001111001100100100110110
000000110100100000010000010100000000100100010100001010110001000010010100111000001110110100101001001110001000100000101000010001011100000010100000010001000001011011001010001011000111001101010100100001000100110100100100100000100010001010000011010101011100010010000100001000010011111101100100001000010000100011101011000010011001100101
101000000001001110000000101010100001001010100100101000100110011000111010010101010001000101000000110101000101011010011100000100010011101001110001100110111110101010110101001001010110110000011000011101110001000011000101101000101010100111000110000001110101010000001011100011000001010000011000100111100110000100000000110010001100000100
011010010000001000100001100001000101000001011000101000010000000100110011110000100000000011010001000011000000010110111011001000100000000100011101001000100010010001001100100100000110001001010111100000001010000000100110011000001001010000101011001011010000100011010000000100011010100000011000000100001000000000100010000010110111000001
001000011101010001011000101010000010010000000010100010001010100111001000010011100100110111000001001101000011001011100001000001100000111010000011010101010000001100111111000100111000000100110010111000100001000010010100000110101110100011000011000000111000010101100010001001011000010010001011101111110111110001111000100110000000001110
100001001011100000101000100001001000101000000000100010100100100000010010011001100111000000000000101000001000000001000000000000001100001100001000101010110111001011110100010110010000100100100111100111000111001000101100011001010001000100110010100010101000001100000010000110010100100110101001010000110000000000000100000000010010100001
111001000110101000110010110011010000100000010000100000110001100000001100101111100101001011001110011010100000100011000100001000000000000100001001110100010000100110011110000100000000000110000101001101001101001000100001001110101110011110001001100010010101111111000001100001000000000000000100001001010001000110011110000010111000110000
101111100000000000000101000110111100000001010100000001010011001101101000011010101001000100000000111000011110001110000010000101001011001001010110011010000110111010000000000000101001011100000101001100000000110101111000011000101110001110010001110000100000101001100000011111101010010000010000001000111010000001100100101010111100100100
000100001001001111110001100010010110000001010111110000100100001001000000001010100010100000101001110001000101110001100111011011001101100100011000100000111100111010011100000000010000101100100001001000000010001000110001001111110000010010000000001011111100001000000000100001000001001110101010001000010001000010000000110111000000000000
100101000001001010000010000110000010010011000010100110110100000100100100000001010100001000011001010000100000000100010000000111100101001001010000000001100100000000110001000010101101000010100000001101000000001000010010100010101010000100001000100000001000000101000010000100000111001110100101101000000100110011010110100000010111011000
000000101000100100100001010010010111010010110000001000011101000011000000010001001001000101111110000010101011101100110000001100111011100000001000000001010000010001000001001001100000011000100000100000100100110000001110111101000110101000000101010000111001010000000000001010101100000110000110010101001101000110111011000011001010000001
000101100100110010000100000100000110001100100011000000110000001000000010110011101101000010001000110100110000010011010000100101000111000000000010100001000000000100101100011011100010000000110010001100101110110001011001100000100001000100001101010100100010000010110001001000001100100100001000000101110100110000010000011100010101000000
111000000000001010101001011101001111110100101000000111010110000100100100001010000110100001111000010001000010000001010001000101000100010011010111011000001110100001001000111111101101001100010101010010000000010000001100101001001010000100000000001000000000110100100100001000000000010011100010100111000010111100011011010010010110100110
000001001101000100111000111010001010110101000000000100000001010000000001111110001110000011100001000001101101001110110000101000100110010100010010000100110011100010111100010011000110100000011101110100011001000000110000010100000010000010010001111100100011011010010010000000110000000001101001000011001000000100001100001001001011000011
000001000010000010110000110011011010000110010001110100000001010001000011000010000000001100000000111010101010010010000001101001010000000000110001010010101111001011011010000010110101001011010000100001100001010000000110000000101000000100001010100110000100100000000000000001011111001010010000100110010010000101000100100011010101000100
100000101011111001010000101101101100100001100000000111011000110110101000001101000100100010000100111010010000010000110010000010000001000011101001010010100101000010000100000100000000001000111010000100010000101010101000010000000100111100110001101111100010000100101000000111001001001010000110011101101000100110001010011000000010000100
000011000001000010000110000010011010101100000110110001000100100010110101000100000010001110001000000001000000000100000111000100100000010000000000110001011010010010011000010010100110000000000010010011101010100000100100000010100110110110110001010000000111010110000011101101000111010010110000000011100101000000111000010001101000000000
000100101101000101010011110001011100000000101110100110000100110000000100110010011100011011100010000010100001101101111010000000100110011000010010100000000001101100101111001000001010000010100110000010110000011000101011100011000000011100000101000101000010000110110001010110001011010000110110000011010001000110000000000010000100011000
100110000101010000000000111010100101100100000000001111101000100001010101001000110010010000001111100101011011001001111010011000000001001100110001000101100010011100000000010001001010011111000101110010101001110010000000001000100100000001110100000111110101000000001010110000000000001010001011101100010100000001000100101010011010101101
000001100001100000110010000001010110110100100010100010000100011111100100010010101101100001000000000000100000000001001001001110000101000001000010010000100010010011011011000110000110000000000000000101010110100000100010000000101000111000000001011001100000000000000101100001000001011001001110011111110101100001000000011001010000101100
111100001110010011001011011001000011010110001001010101010110101001101101000010100000110000100000010011010101101100011000000010100101000100110100100000011011010000100010000001011101111100001000101111100111010001001001000110011100000100000001010100101011010000000110000100000000000010011000100000010000010010100000001001010010010011
100001100000000010001000101111000000000110111001011110101110101101100001000101001001000000100111111101001101001011001010001110001011010000011000001100010110111111000000011000111000000111011000000000011100000101001111001010000101101001000010001010010100011001100011000010100001100000011000101001110100101001111001000001000011001000
000000100010000101010101000010010000111010100011010011010000000000010110000101000010100001000001000100000001000011111111001110111010111101000000000000000001000000000001010101010000101101101000010110101011101101000000001011100000010001101101000000010100111011000010001001000010001100010000110100011000001010011101000011001001010010
001011101101110100000000110000100001000001000100011001000000000000101010111000010000010110001000011000010100010110100010001000010000001000100011000100110110000000110001010000001110010011000001000000011001010000011110001001000101000101101000111111000010101111000010101110110001100100101000011111000001010000101101000000101000101100
110011000000001001110000101110000110110100011010001000100111000001000111101000000101111111010001000010001100000001010011000000010100011000000101011001000101000001010110110000100101000100001000001010000100100011100100000111111000011001110011111111000010010001000101111001010100101011001000100000101100000000110010101000100011001011
000010000000000011100010101110000000011111101101000000010000011100000010101101010000110011000100111001110110100110001110101011001100100000100100100000111010000001011011101100100001001100000000110000100011111000100001101100000100000001110011001110001010000000000010010101000100100100101001010001001001001001110000101111001101001100
101011010000111101001100101010000001000111000000001010001100111000001100011001111101100111000000010000010110010011010001000010000000011101000001000010011001011100001001000010101000100100110000000010000100100101000110111111000001000100011110101100110011100111010001100010000000100010000001111100010101111000100101010100011010100100
101001000011000000001000100101000000000100000100010011001100000011011100001100101001011010110101010001000001001011000000001001100010010111000001101001000100011000000000000000000001000011011101110000000010001000001000010010110000101100000000000100110100000000011101000101000001000011100011010000110000001000000001000010101110001010
101001001101010000000000011110011001000010100000000110101100001100011100001010000001001100100110110000100010000011101000100000000000010100010100111000000011011010100001011001110010001000100001011011010010100000000000001100001101001000000110100010000101010100010101111000010110000110000010100000000110101100110110000110000010111100
011100010010010010010000100001010001000100100100000000000001001000000000000111010000001110000000000000101011011001000000100010110000000100011001010100101100111100000001000101010100000000011010010010000100010001000000001000100100110100000111001100010101000001111000101010100000001010100111111011110001001001000101001001000100010000
011011100000110000001001010100110000010000100111001010010101010001101100011001000111001011001010000010000100001100100010010000000001001011001101010100000010110001000111010011110101101101010010100001011011100101001111010000101001010000010000100100011010000010010001011100010010010000000001101010101110010000010100100000011110000000
110101111010001101101010111001000001001000001110100100000110111100110000101001000010001101001000101000101100100100011100110110001010110001000001110011111101100100000010000100010000111000001010000101001000001110001001101010110000001100100000000000000011001001010111010011000000010100001000111000100100000010001101001100000000000010
000001101011011110001011011101101011010000000000100010001000000111001001011000000010111101000111000100000001010100001111001001110000000110000111001001001000000011100100010000100110000010010100000100111100011000100010100000011000000100001100000001000100001110011011100101001110010100011000110000000000011001101001001001100000101001
000001000000100101000000100000000000011110011011000100000100000001010110010000100010001000010000111100000010000101001100000000011010100010000101001100000010100001000000110100011011101000001000000011000111000001000000000000001010100101010011000001011000011101100000101011100000000000001010000000111000001011100000110010001110010010
000001101100100100000100000100110001011001111111010000111011010011010101011000000001100000010111000000001000111101000000000100001110010110000001000001000101100110101001100001011000001000000001010001010000010001100100000000001000110100111000010101000000111001110110100110000000000101110001000000001000000011101010100000100010100101
000000100100100100011000101010010111000011110000000100100000000001000001000000001010001011010000000011010000011001000011001100011001000100001000110000100100111011000100010100100101100110000010000010001001000000010110100011010001000000010110101100000010000000001000100100000100111010101010000110100001011101000000000000000011000000
001001000010100100010010110110011010000010110010000000101001000001001000010001101001000000000011010111011110000001000010000010000110100111010000000001001001000010001100011000010100000000001100000000000100001100010011100000001001010100110000010010000001110010001011010000100010100001110101000100100110010010001010000111001010000100
010110000000110010010000100000000110100100111000110010001111110001101010001101000000101100010100111010100010100101000000001011000000000001010010000000000100011100000000010000010101000000000000000100110110010000111000000000101010101101101000000100001101000000000000111110000000000101001010001110100010100000110110001111010001100000
110010101011011100100101001000100011011100010100010101100110000000111001100000001100010001100110110010010000111010100001000011100000110000100100011001000000000100100000011001110100001100000101110000100000110011010001000001010001100101011000010001000100000011001010010110000100011000001000000011100100011011001011000110111010001011
110110000001010000000110100011001101100100001001110101000000010010000000001010000011000010001000110000011010110000100010000100011100001010011000110011000010000111100000100010010110000010011001100000100101001110111010100000011011001000000010101000001010001011110000001011010000001101001010000001111100001010001110010010001111000010
001000101011000001000100100000010001010011101001000000011100111000010000101000000101110101110110100000101001101000100000010010001001010000000101101000000000000000001010000010001001010001011011011100001000100001100010101100001100001000010010111011000000011001000000100001100110011001000000011011110000000110000000001101111000011001
001110001010000110011000000110001110101011100000101110000010000101001111001000000000001110100100000011010100001110100010100110110111011100000001000010101011001111010011101010101001001100110000101100000000010000001000101000000001001101000101110001000000001000100111001001011110010001000101100100010111100100011000010101001100001010
001100100110001100010100000110000001010010100000000011000000010011110101000110000000110000100010100001001001011001111000011000000010000101110001010100111000101000110000101011000011011011000100000000001010010101000011010101100110000000010001011000110000000101110000000000000000100000100110000010101011011011001000010011111100101100
110001101010010000100011010000001001000001100011000111101010000000000010110000010000000101000001000010000000101000011001001100000101001000100000000000010111011000100001101011000000100010011000000011001000100100000100001011000101000101000100000101000001110010001010001011000000000000001111011001000000001110110100011001000001000001
000100000001101010001010010000100000101011000100111101101100100001010000101001001110110100001000000000100100001000001100000000000110000001100000101101000110010001001001000101000111111000000001100100001101100010011011000000010000000100110000001001000000110000001001100100100000001001100011000101100101000010001110100010110001001000
001011010101110001001100110001000100111001000010000100001000000010100100011100000010100100010100100000100000010010001111011000010000000110100000000000000111001000000100011000111000011110010000110010000000010001100010100000010011011001011010000100000110000000000001001010100110110000100000000011110111111100100000100000001101011010
011101100000101110101111001101000100000011000010110010000010000000011001000011101000100101111110001101000110010111111101100100001010000010000000111110010010000010000000001001110000001100001100001100100011001100001000001101111110010100001010000000011011010000011111110000110000111000000110110100010111100010010000001001001100010001
101111001101001100100000001010110000011101000010010000010000010010000010101101111000000001111011010100010100100010100010100010110001001011010000111010100000000001011000010001010001110010000000001011010001000110000111001001010011100000111010000100011100110010100001000010100110001010001100010000101001101100001100000111010010101101
110001010001010100100010000010000100000011001001000110001000110010000100001101100000010001001000010010100000000000000100000100000000000001011010111110000010000000001011000110100100111000000011000000101001010100111100001101101001000101001000000001001010010000001110000110110010100101010110001101010100100000000101110100010100101100
010000100100000111000001011010101101011000101100000000111001101100110000100000100101110100001010001101001110000011011001001000000000110000000000101110010000001011001010000000100110000000000000100000110101011100000010000001100110000100100001000100010001100111100001000110010010011000010100011010000000001000000001000000001010001001
110100001101000000110111100010011000001010010000110000011011010000000000000000000010000000101000011001010001100000110000101110100001101110010011010010100100100001000110000111100000000010000011101000000001101010010000010111010010000000010010000100100000001010011010010001000000100000100101010000000001010100100101000010001100010000
001010001000010000001110110100100111011000001100110100101111000001010000011000101010110101110001100001000001000000000001100010001000000001000111101001100011010011010100110000000000010000111000011000100100100101000100001100111010001001001001000010010000011000000001100001010100011000011100100001000100010010000100011100001110100000
000000111000000101010000000100000111001000101000010011000000000000100001100100100110011000001000000101000000011011010000001010000100011101010010000001100001000100101001100111000000000000010010001000110100010100110010011011110000000000011100011011011001000110001101010001001010000111100010000100001000001001001000100010010001111000
000001010001100001100100000011001011011000100000010011000101100111000110100010111000101110000011110000100011010001011000111010101000101110101111000000010100100001010101101110110000110001010000101101000101000100110000010100110100110000000001011010001101000000001000000000010101000110100101110110001100110100100010010000101010101000
111000001010010010010010000000010010100000110101010011110011111010000001000001000001001011010100110000000011011000001101000100000100010110001001100000110000101000110101101100110000010000000000111101000110010010001111100000101011100110100001001110100011101101100010011000001001010001000100110011100010001000110000010010100000010000
001000011110100100000000010000100001110011010010000111101001111001110000100010001100011000001111001000010000000000000100000111000010000110000101001011110101101100100101101011000010100110100101001010000010110110010000101000010001000001000110011110110000100000000100000000010010010000000100010000110010101100111100011101011000010101
001110010010111110110001100110011000001001011010101011110100011010001101111000001000001011100001101110010001000110011100010001011001001110000011011010011110000000000101000001001001010010101100000110101000100000000000100010011100100100001011110100101000000000100100011111000000110010000001000010001110110001001010101000101010000000
101001110101100010001100100000110000010001100010010011110100011010001100011000001100011101110100100011000100000000100000000011100111010000011100101100011000100000010000000101111000001101001010100110000011000000100100100111000011000001001010001000000010010000010001110001100001000010001001010110101001010111001000101000000101000010
011010001101110000100011100010000001000100101110010100010101000110010000011110011001000010100000010101011101000000001110000001101010110011000010010001001000100100010000010100100001001100010100100010001001011001001100011000110100101100000110100001011011011100000000100000001101110100001100000110011100110001100010011010100011000011
100000000001110000110000011010000010100100000001000001000010100111001010001100000111010100001100100000100101000100001100100010001000110010110100100000010000001000000000010101001110100001000001101111010000001010111000001000101000000000000010000000100001010000100001000100001110010000000000010100000001011000011100010101111101000110
000000000000001011110110000001010010100000011100000100000010010000010011100100011011101100010100010011000100010001001011001110110101000000110010000000111000111010000001101001001100100011001011001100110001100110100000001010100000010000000011010110011000000100000001001010000000011001110100100101010101001000000010101000011100001001
110100000000001011001001111000010101110100111001111100100000100110010100011000101101000000110110010001000001000011011010100000000100100001001001000110000010100100000010001101101110100010000110100010110101100001100001100100001000111010000010000011010000111111001110001110011100110010001000010000000101000110001011100111010001100110
000010101010010001000000010100000010000110011001000001010101010011000001000001010101000001001000000000000111010000010010111000000101000100010000000000011010000100010000100010100010110000001001100000000001011000100101100101101010101011110000100010001100110110110100001110000001001000000001000101011000101010010100011000011011010100
000100001001000001001011100001000000100010010000000000111010010101000101110000010101100011000000000111000001100001001110101111000011010100100000000001111010010000111100101011101000001111100101101100001110101010001001010010000101010001100100000110010011000010000000101000000111111001000001000110011100000110011011000000010011010010
001111011110001000001000000000000010010011000101000000010000001011101001100000011001010000111110101100011000000110100100000000101010000001000000010011001000010110100100000010000000110000000000000000000101010000001000100000010100110110000011000010000001010010101000100101000000100010001100100110100001111000001001010100000000010111
100100110000000000001010010010001111110100101011001000110101001101110110001000111000111011100001000101000010010100101011001000111000000011011100001000000011101010010010000111111011011000110000000010000000000000001100000000010000100001101000000111111001101011101011100100000010100010010101010001010010000000010011011001100010010101
111000100100100010001100110010000000100011100100101100100100110010000001101100010000110001100100110000111100010101110000101000001011011011101100011001000100110000000110100101101001010000100000000001001011000101100001000111101000001111100110111100100011100001101011011000100111111000101000010100011011100000011000100110000010001000
001000001000001000010110000100101101100000000001000101000001000010000001000110010111110010010000000110110000011000000001010001001110101001001110101001000100010100011001100000001100010100000100100011000000000100100000001000001000101100000010000101101111011010000100100100000000100000110101000100001011000100100010011001011010000001
100010010001010010100001001000100110000000000000000000100000010001100010011100010000010110110100000100010001100000001000100001010110100000010000001000101010010011000001111100001000001101000001000011100000110001101001100000010010011001010101100000110100110001010100111000000110010000000011100101010011001101010010100001000110010000
001000101001100001000000100000001111010101110010000000100011011000010010000000010010100110100000101000100101000000101000011000011100001000111010010001001010001100101001010100110110110111011001100011000101100010010000110000110111100100010010101011000010011110110010101011100010010000001110011000000001100001100110001000011011010010
101000011000100000100001000000101000100010010011000000010001010100101010001000010001000000001010100000001011100000100001101010001001000010000000011000010001010010000100001000100001101010010100000001011010100010000000000000100010101001100001110010001000100100100001000010010010011100110101100000110000101000010000101001010010011010
111010000010100000101111000011001000000010100000000001000000000000010000001000000010110000000000011101000100100100000101010101010100000101100101000000100000000010110001110101010011101110110000001111010000110001100101001000101100010010010101010100010010000010111011001100010101010100011101000000000010100010110000100111000000010010
001101001000100100100000101011001011001101001111111100001000000101100010111000000011110101000111001101000001000110000000000000000101000000100001010010101010100110101000010001010000110001000110101100101000010000000000000011000001100110000000000011000010010110000001001100001101000001010010100010001110100011000001000011101100000110
100000100010000000000010000000010000010011000001100111000000000110001100001000100000010001100100011001000000010010100001100001010001101000110000101110001000100011100001110111101000110111010111011110111001000010010100011000100000010111101001000010100101100100010000010000000000000010101001000001001001000001010111010010000000000100
001001101010000000110010000000100000000100001000001001100000000100000101110001011000000000000100000100011001101101110001100100111011001100010001011001001011000110110000000010110001011100000100000100100110110000010100100000110001000100010000100000101000000100000001001000110000010011000000010001001000010010000110011101100001100111
110111010010000010101001100110000110100111001000100001000001110100000100010011001010011000000001010001100100100110000101001001011001010100001001000010001100001000011000111110000011100010010110000000100011010111001010100001101010001001010000000101001010110000000000110110000110100011111001110110100110110000001001010100010011010000
010101010001110010000001010000110001011011001100100000011100100010000100110100100010000101001110001101010011000100000000101001011001000000001000001010000000000000010000001110001000000010000111010000000110010100000011000000000001101000010000000110001001000011100011000100111000110001110010000000010100100111000000100000010001000000
110100101000011001101000000010110001100001001010011011000110011100010000000101000000001101101001101001010000010000001000001100000000001000000001000111001110110000100000011000000011000100001000010000000001010000000000100000000000001100000000011110000000100010100010010010010000001100000000001010100100011000011110111101011000011001
011000010110000000110000001101000011010001101001100000010100000000001100000001001100100110010011011001110001001000000101001010000101001011000110100010000000001001000010000010010100010000111100001010000010010000100110100001000100100010010110000010000000011010001001000100110010000100101011001000011001100101010001010000000000101000
101000001000000000101011000000100000000110001000101110001001111001001101000000101000000100001100001111000101010000000101100000000100000011011101000100010111110010010000000100000001001100000001010100001101000000011000011000010010110000000110101001100011100100000111110001100000100100010000010001011000010000010100000010000111000000
000100001010001110101000100111100111001000001110010101100100101100001010111000100010001100101111000010100000001000111011110011010001010000100010010001000110101100011001000101000100110010001011001001000001101000100001010101000000011100100100010010100000011110010110000100100010000101000000000100010110010000100010000000001001000100
011110010110000010111010100100000011010010001001101001101110010000011010011111000001100100100001100010111000010001000000101100111101000001001000001010100000001001110110000001010110011100011000010110100100100100000001011000000111000101011111100001001101011000000001010010100101001001001110111010000010100111010001000000010110000011
100000100000110001000011000101111000001001101010000000000100100000000001100000011100111010000011000100001010100000101111110010010000001000001011000001000110100001011000100010000000011101111000011010010101000000010000001101100100000011000100101000010010110101000000101000011011100010000001100101110010101000010100101000000100010000
001001101101011000000010001000001000010101100100000001001001100101000000101000100000111100110000100000111100010101001011000000100100000011010001000000010010000001100000001000000111010010010100111010010110000000110000010001010001100110100101100010000000000111010100000001010010110110100000000000100000000000101000110101000000010011
010010000100011001001101111001000110110001101000111001100110000000000110010000010110101111000010110011010010000011100010000110011010010001011100001100011011000001101100000000000000000010000011011000010110001110000011001000111110000100000110000001000000000001001000101000000001000010010100010000000100010001000000010000001011100000
000011100000000100101010100010101000001000001001100010000010100000000000000000110000000111000001000000010111000010100110001100000110111001010101010010101010100111110001101010111010001100001110110010001010001000010100010000001000110000100101001000100010110100000110000100000010100000100101001101011001000000010101100010001000011001
000001101110001010000100001010001001101001000000000000001011100110001000100100011000100110110110011110100010000101111001100000011001111000010000001110110001010111101010001101010001001011001001100000000100100000000001100100100100111001000101000101100010010000000000010000000010100001000001100000010000011111100101000111001100010000
100000111000111000000001111100011011100000000001101001101100100000000001001100001010100110111000001000110000100000000010000000000110011100000001010110100111101110000001110101001010001000101010100000010000010110000000110001011110000110111110000001011101000001100100110000011000011010000100001001010001111111010000101000110000101011
000000000100011000000111100101000111101011110100011000010100010010110000000100001001000000001000001011000000000100000010111111101011001100010011111001010100100010001010110000110000000100001010001001100101000011111110001010111001000011001000011001000010010000000110100000001001001000000010101000100001000100000110100001011000110110
001100101100000000010100110010111111101000100000101010010001100100101101000100011111100001111010001000110001000001110001110001000101000000000100001000000000100101000110000000001100001100011010100001000000011011111110100000101001000000010001000000001000000000000101001010000010001001000101110110010100100110010100100000111100110100
110110011110000100100010000110010000010001011001001101101101110001000111000000100001100111000001001010010110101000001001100010110000001110000110000000011001001000001000000000100011000000000010000101000010100001101110110001000000001100000010100001100010000100111111101000101100000100010111010000001000010101100100110111000000100101
010010100001001000010010000000011001011011001001000110010100100001001010001111101001010010100000100010001100100100011010000000000001100010110000001100000000100001000110001000110100010000100100010100111000000001000000011000101101001100000000000000010010000101101100110000100011100011000000100000000010100000101000010100000000100011
000010110100100011000000110000100001101100010101110111000010001000001011001001110000010001110110000100100001000110101001101000011100010110010000010010011000110101000100000010010000011100111000010001010000000010100011100001001000001000100000000000101101111010100100100001110110000001001000111010000001011000000011000011010011000000
100100001010010111000010010011001100000001110000100000001011000000111011100010101100101010000100011000101010000101001100000000010100100100000000100010000011010000001101111011010000011001111110001010101010010000000010001000000101000001110010011000100100110000111110010001001010110010011110010111100111010010000111100100101010100010
011000101100110000001101101100111001001100001000001000001000010010110101111001000000001100100000000000000000010101100000001010001000011000110110000010110010010000000011000110100011100000000000000000100001000101100010100100111010110011001000010100101001000110010110010010011000001100011111100010111100111001100001100110010000001100
000011000110111010011000000001100000000100101100110110110000010010001001101010100000011100101000001001100001000000000100001000011011000000011011010010000001011000000110000001100010110000010000101110010100100000001001001000000000000000101010010001001111000001111000001010000010000110100000000000001010001100011000000000000010001001
000110100000001100110001110100001011010010001011001110000100000001010110100000101001011101000011001110001010100010001001000101110101001000111000010001010000100100100001100110111000011100010000000101011110000000110101000001100001111011001010000101000011010010011001100000001100000010000110000110000001110000101101000101110101100000
010110100101101000000010100000000110010000001111000000010100101000000100000110011000000011010010100000010100111011010100000000101011011010010010110000000000100100000000000100010100001010100001001100000010010101010010000100001100010000000000101101110010001100001101001001010111000100000010001000100001100000011000100000000010001000
110001010000000100110001001101000001011101001111010110000100110000000000110001011000111100000000010000001000011000011110010100001100000011000110100011001000010110001000100000011000001010010001010000010100101101010100101110001011010000010010001010000000000000011000100010000000100000111000001111010010000000011001101011000000011010
