01100010001101100000010000011100010000001100100010111100101110001000111000111100100111000001011010100000100100001010000111101011110010001011010011010001001010010100100100000000101010001100001000000100100001110001000110010011100011101010000011111111101001000000101101001000010000110111111000011101010100000000010100011010
01000000000000001100100000000101100001110000110111100010101000000110000010100110111010110100001100010100000111010101001010010000101001001100001000010000011000000010001010000001010010000111000101000110000100001100001010000101011010000001011010110000110001111001011001000000110011001001010000100000101111101101010100101000
11011000110011000110000111110010010000000001010111110110101000000000111110010000000011011000100000000100000001000011000000000000010000001000110011100111000011000100011110001110110100001001100100000101000101100001110100101010111010100111110001000111000010011010001000000000000100100100000000011010000001001111111110000010
11000100000001001100010000100011011000001001000000011010101010001000100101010001001100111100111000000110001110010101000000000001000010100110000000010000000101001000110000100100010010000100000110100110000011000011000000001001000100110010111001100000101110110001001110011000000001010111101000000000001101101000001001000001
00010100011110100110000000101000101110110001001010100100001101101000011001000000010100100101010110100001101000000011111110011001101101001111011000000101000010000010000100100100001010000000001011000100001100011010011011000000101111000110000110011011000100000000111000001010010100110000010100111111110000000010000000010111
11100111010001000110100000000101110010110110000010010010010110011010011100010100101001100101111100010000011001010100101000111101000101011011100001010000000100100100100100101001110000101101011100001010001000100011011100110101010110101100100010001000001011001010101000000011101110100000000000001001110000100110000000000100
00001110100011010000100100000000011000000100000011101001001110101110000010100010010001000001110001101111110000010000100110010110010111001100111000101100010001100001101011011010010110101010110000101000000001010010010001000001111000011101000110110110110100110000101010010110011111010101000000100000000011001000010110000010
10000100001000100000000011110001000100000101110101001001000001000000000000000000100010001010000000100011100001000001110000011110100000111000000000000100000001011001111101000000001111010000111100100001000000001101001000100110100110000101000000100000101011100111000001111000010010000100000100010101000000010100101110101001
00010001001011100101010001110110111110000100100100101101011100100010000100000010011111101011110010100110000000010010010001110100000000001000110001000001000010110101100001100111111000001000001110011000100110010000000010010110000011001010000100010000000010100100000101011100100100001000000010100100001001101001000000001011
10010111000110010101010000010000010110000100001010011111101001011000001010000001100001011010100100101111001000000010010010100100110000000101100111000011000100010000001101000000010000001000000010100010000001011110001010011100111100010000001110111110111010100000010011111000110010001110000000011010000000010001000000011110
10100001010100110000000000010100110001000010000111001100101110010101101010010101000100000001000111000100010010100010001111110001001000010000101001011111001100001101011000010111111100100010100000101000011000000001000000001000000010010001110101000001101001010010001100110001000110110110000001010001101010001000101000110100
01100000101101001011000000000110011110100000101010000000110100110010100000100000111100010111010111100011000011001100110010000011000001001000000000000010000011001010000100110010000001000000011110100011001010000000110101010011110100001110101000110000001100100110001100010100111100111010011001100010000010000101100000000101
00101010000001000101100110010101010100000000011110110011101010100001010001000000110001000101011010100001110000010010111000100101000111101001100101101000000110010100001101000000000110000001000011010000000010101010011100101000001000001100001010001011000001000000010000100111000000001001001010001100001000110000101100011110
00000111100010100101101000001101111010001010001000110100100010100001101100011110000011001110000100101010000010001100110010100001100011001010010110101100011101001001100000111001001100110000100000000011010101010010101000001000100100001001000010001000000000101000010010100001011001000100110100010000000100010100111000001001
10010101101100011011100100011010010100011110000101101000100001010001100010010010011000001001101010000100000000110011010000010101011101110100000000010111000010010101010000000000100100000000001001000100001100010110010100111001000010001001010000000000100101010010010100000010000000110000110001000010001100100000100010100100
11000000010101000000000010010001000010111110011100000100000001100100000000101000000100011001111100001011000001100100010000110001001010001110111100100010100000010001100000011110101000001001101001100001001000000000010000011001010100100100000110000000010101000011100000001000010100000101000000001001111110111001000000000100
01001010000010100001010000001100100011011010101001010000101101001101000000001000000000000101000000100000010000010000000000000100100000001101001010010100000011111000010111000010010001011000010100000001101101000010000000010100001100010011000000011101110100101111100110000000100000000101001010011001010110000010000000010111
11010001001001001100100000100000110000000010010101100001000110010110101000100000000111111000110101011001110010010100000000011011101000010000100100010000101000000001000001100010100100000000110101100101100001001001011100001010100010001110000000000100000101100110000010000100001001010100000001001000101000001100100100011001
10001001100001110011001010000110001000000101010111000000010000000001010001001100001010110011010000000111001010000011001000001101000000000001000000001101000010000000000000011100100100101000100000011100000000101110001000100000011010000100100000010000110000001000110001010100000000101110101010001001000010000011100001000011
01001010100101001001101101000000110000000000000010010000000010100110001001110001000000001000010000010000000000001100101001001010010100010010001110100000000011000001111100111000001000000001001010000110001101001001101110000000000000001101101000010100000100110000011000000101000010000101001000001000100101100001110000001100
00011110111010001010000010010110000010000010101100010000000000011111000011000000000001010010011111000010001111001000000001100011000110100100000111111001010001100010000000011100000011001110000001000010010010010010000001111000001000000000010000100001000010010110000000001000100000000001001111000000101110001100111000000011
11001001000110110101000010000101100100000010110000010111001001010111010011000011010100111010110000001010000010101110000010011010100001000100010101101100000010100010010110000011000000010110000111010010100011000011010101000010010011000010000011001010000001011001111010010110000111110011001000011100100010110000010100000000
00010001101100111010001110011000010000000111001011000110100001001000000111010000110000101111010000011010010000000000000001000001000000100110010110100001000101000100000000100000010000100000011010000101011011011010111100000001101110010010010111000101100111000100110000110001010010011010010010000010000010000011000011110010
00110001001001100101001101100110100001000110000000000000001110000110010010010100100000001000010010000011000000000000110001100001101010101011010010000001000010101010111010011000000101000000000000101010010110110010110100111000000110101111100001010010100001110100001000000010100110101100010001110101110110000101001100010001
00100001010100110011000001111001000010001010000000000000100001010010101011000011001010000000000100011100000101101000010000000100110001010011011001000000010100100010000010000000010001110100111011101100011011000000100010000001000101011010101000010000011000100010000010011001100000100010000110001001110001001001001011000000
00100000101001110010111110011100100111100001000101011001000000000011100010110000001000100001001000011000000011010010000000000011001101000110001001000101011110100000011001010000011010001000000110100010010000100100000000010100100000110011011000100111100000000001000001100010101100110000000000000000110000101010110000001000
10111010011110000011001101001010001100001000000101000100100001000011011000000111111000000011001010110000000010000001000000100100001100101000100000110100001010010000100101011010110010011100011010001000101011100001011001000110110000000001001011010010101001010000001000001100011010101011111100011111011001011001111010000101
00000010000010100000101000101100001100100010011011111000000001101000101100101010000110100000001111001001010010010110100100000000101110101111010101101100110000000101010000100011000001010101100100000100100101000000010010100110001000011010000100001100110000000100001010000010011001000000100010101011010000011101000001000001
01000000001000110110101101011001100001010011001000100001000110000000000011000010001010000110100111010000000100001000110011010110110100000010000110011001000011000011100000010010000000101000100110100010110111010000010101001100001011000001000000000010000100011001100110000111000010000101010000100100001101000100000000000000
10110000000111010101110010111000001110111000100000010001001101000000000001100101110100010101101111001110000000001110111000100010000011011011000010000000010100000100101000000110101110000100000010001000010100000110010110100000000011110100000000100101000111011100011110011000110101110010001010010000010101110000000111111100
00001010000010000110011000000011010011000001011010010001000011100100010110100001010101101110001110000011111010110110100001001100000011110101101001001100010101110110000000010100010100001010010001110100001010000010001010100110100110100000100110011100101100100000001000010110011000001010101110001011011000100101001001100100
00010010110000001110000100000110000001001000100100110011011000101001100000010000000000000010000010111000100001110010001000000100000010010001010010000000000100000010100101001000101110100010010001001000000101100001101100101101100001010000011111000000000000000111111100000000000100010000010001100011010110110000000111111100
00110000001000000000110011000111100100001010000000000000000000001111000000010000000001001110000000101110110010010100000100011100010000110010010001101011111011101001001000010000100000000000000000110000001000011011000100011001000001000100001100101011010000001011101001001011110111100011100010101010000000001001001010001000
11000010010011000101101010111011001010100000100110000111100000100001001001000011000100100110000100011101100010001100000010000000000000000011110010000010010100101010110101101011101100010000100001010001010000100100001001010111000000110000100011110100000110011000110101100010000101100100100100110110000010010010000111111001
01110000000000010000000011010000001001001000100100001010100100101001101110010101000001000001000000000000000101011010100001011000010010010011100010011001000101010000000000000000100100000100011011001001100000010010101001010101011000010101001011001000000000011001001011011000000110100010000010000111001000000111001110110101
01001011001101000001010011000110001001000100010000001000000101011000000110001100101100000000001101100100010101011101001000001010001011000101110001011011011001101001011010110110000000011001000011111111101100100100100101000110000010000000000001001010010010110000001001010000101100110100010000000000000010101000101001110011
11001001100010101000000000000100010111000110001111000001101001101000100111000010000001101010000000000010001001110000000110100100010110010001110010100010101000111000001000000111000100011010000000010011010110010001011010010110010000100000000011000010011001001110101010100000110110010010000000100000000011000000001010000010
11000100000010001000010000000010100111000101000000110101010100111000000110000000001000001001011110011101100000000100000010010000100011010010000000100010010100110001000100001011001110000010010100000010111000010111100010001111000100000011101000101111010010000101000000011001100001011000110001110001010101000000001000110000
00111101001111010110010010000100000010010010010000000011100010110110001100000000000000010000000100000101011001001000101010110001001111110000001000000000100110001111001001101000011001100001000100010010110100000000011010000100000000110110010000000100100011001010000101000010001000000010100000000101000010010000000011101000
01001100000001011001110000110000000011010000101011001001100001011010101000000010010000100100011000101100100001011100000111101000001110010001100001010000111110010000101010110010100110100000111110000001010000100100100100000111111010000100110100010100010100101100000100011000010110011100000000010000010010000000010001010000
01010000001110100100110000001011100010111011000001100000011100101000000000100001000000011000001000010000000100101011100001000001000110000101101000100010000001000000001000000010001001010101110110000100001010011000001000000100000011000010001111001010011110001011100000010010000010100010000110011000000000100010010011010000
00010101101100100111101011110100010010000101001100010001011000000000000000010000010111110000000000101101001101011100011001100101110001001100010011100010100100000010001100011110001010010111001001000101101100010100111100101000010101010101000100000100100010010010100011011000101000100000001101101100111000000110000000101000
10001011001010000100001011000001000000111100010000001010000000011001110101100000010001000000100100000000001010101000110101000010101100011011000100011110000100010100101001001100010101100110001100011101100001100101010110101001111010010010001000011101001001110011001010001100010010001010100000101000100010100000000011010110
11000010000000111110010001001101010100100000101000000000010000101001100100000000100000000100100110000000000000010000101001100000000000101000001000101000011000000010110010110100001010011110110110000101111100101110110000000101110101001100000101000001000101000000001010101001100101000011101111010111000001001010111000010000
10000100010010100010000000010110100101001110000010011100100000001000001001001001011100000001000000000100000001000100110000010000111100000000111000000110000001100010000100110000001110011000001110001010001010010010001111110010010000001000001100110000011111011100001000000000001001000000011000001100000001010101001011000100
00111000000110011101011111111010000110010110100011001100001001000101001000010111000000000000010100010001001101100100000100011100000001011000000100101101011000110011011000101000001101001101101101100110010000100000001111010010100110000000101000000110000100100110100000000001100111000010000110111110001000001101011001001010
01000001110001010100100000001101100110101001100000001001010100111011010110010001000000100000000001000100101000001111001001000000101001001111000010100010001000100000010000011100000000000011000000001100001100101111001011010100000000000010010000110010000011000100001100000001001000110110100011001000000000111110100110101100
00100001100110010001000000000011000001111101000110101010110010100100011001100011000010101110011001011110110000100010010010010000100001100000000110000000101111000110101010000010000010100101100000110010100101011010101100001110001100100000110010000010101010000110110000100010111110000100000000011011010000100100101101111001
00000100110100100100100010100000000000011000001010010100010110100000000000001111100100000100000110000010010000001111001010100100110110111010010110100110000000000011100000100000110100010001000101000111100000000010100100000000000001000000101000101100100000011000110000111000010100111000110000000010000010011001000110010100
00001100110001100001000000101111010111111000111100000101011000101000101010101100001001010001001000111111000111010000100110011001110001001101110000010101000010000000000010100000010101100100000001001111100001001001000011000001011001000100001000000100010000000100000000100001100010010111101010100111000001011100000011001010
10100001100101010000000000110111000111100100001001100010101100111101000000000110010000001100010100000011000101000000100111010011000011010111100000100110010000101000000000010001000000000010001110111000000001101101100000101110000100000010110100001001000101011001100110100000001100011100010001000010110110000100010110101000
00000011100010101101100010000011000111100101010000011111000100010000100011001000111100000001100000011000000011000100001100001001100010000100000100001100000100010010001000100010101000111000000000110100100100110010100000010011000010000000100111001011000010100000101000000110001011011100011100000100010100000100101010010111
00000000001011010110100110110000101000110001000000000011010000011101101101001100010100001110000000110000000110000010100000010000001101010111111010111000000011000000101100010101000001001110001000000000101100111000100101000111100000101010010011101000000100001010000110010100010100000001001101100100000101011100101111001000
00000101101010010000000000010011101000110100100110011001000110100000001011010111001000001010000101010011001001000001011001001010000011001011000011000100101110000001010000001110001010000000011010010100110001000011001110001101000101000000100011100011011101010000101011100000011000110010110101101010100011100110010000100010
10001011000000000000101001101011010011010000110100000111100001001000001100011101011100001100011100010100000000110000100100000000100011000001000100000000110100000011110101001000100111110001010011000101010000101111010111000101110000000101001100101000000011101001000010000001000000101000001110001000010000001111100011000110
10111000000101101010110110111110111001101000101110101111000101010100000000100010101111101000000100100110010000001010110011100001000000110010110000100111001101001011000010000000000010000010000000010010110110101000000000000100100101101100000011000010011110011111010100000001101101101011011000001101000000100111001001000010
01011011100011111100010110000000011111011000110101110110100000000000010100110111011101011110000000100001101011000011010000100010001101011010001100100100000100001000001010001100010111011000010001001010011100011001100110000101010010110100100100000001011001001001101111001001010000011100100000000001100010000100001001000110
00101001010110000000100111101110100001000101000000011010111000000101000100001101011000001101010101001101010010010010010010000011100100100001000110000011100000000000010000000011010010110010001011001100110010011011001001000000010010000100001101110010000000011101100001010000010101100000000010000000010000101000101111001101
10000000000000000010000100000001000000000101111111000100000101001101110100111000010100100000110100010110111110000001000111100100000000010011100000010001000000000000100000010000000100000110100001011000110101100000000011111100101101000111000011100110010010000001011000100010111110101000101100110010000101110000010001100000
00001001110100111010111000010000011100100011010111001001101000100100110000010001010010100111101000010100001010011000011100011000000001110010001000000100000100000100100000110010111000010100101000001000100011000001110100011011011000101011111000100100000110010010000011001100000000000100101000110100101010001110000000101100
00001101100000001010000000001010101010010010001011110010101000000111010011000111101000000010100011000001000101010100000001011110011000100100100101011001101001000000101000100011110100110111011000000111011101001011100000000110101011100000001100100000100111111000000100000100001101010010001001011011010111001010110000000011
00100110010100001000110000100110101101111000000010011000111000000000100001010011000010000100000010000101100000000000000001000111101100010100100011010100100101010111010110100111111011100001001010001111000001010000101100011010000011100001010110110100000101100000010100010110100100100001011000011111011100000001001000001000
11000000011000000010011110100000000101100111011001110101010010100000000101100010110011110000000010011110001011101100010010001001000001000001000010001010000001001100000000101001000010000000000000001010100000000011000110001010100111000110100101000110000000100010001000000010000111100110001111000010000001100000011000011000
01011010110000001010001110000101000001010000000100100100111000100010000000111001000110011110100001110001011000100100100010000000100100100000010110001010001010110001100000000000010000000110010010001100111101011001010100111111010000110110001001000000100000011011001010000011000000001000010100000000110000100000000000101011
01000100010000101101100110111000111101100000110010101010100101000111000001101111110011001001110100010101100010111100000000011001000000001010001010100001000110100101111100001101000100110111000001000101000001010011111110001000000000000101010000011100001010010000000001101010001010100010001110001001000100000011110000110001
00001111100101100000001110000010100100100101100001100000101010101000000010001010000001101010001001011000011110100100010000000101000001101000100011010110011000000110101110101001100011100101001100011011100001110001000101110010001000001100011000101110010001000100000000000101001001000010100001000100011001100100100010101110
10000110110011001010011010001010001110010110001110010010100001000001010000111101111111000011001000000011001000110111001001010000001100100110000000101101110000101111010110000001000000000101010101001011000000110000010100000000100000110111011001001001010001000101000010011000100100010110000100000000011101001101000010001100
00010101000100100000110100010011100001000011000011000010001011100000000000110011000100111000110011011001001011101000111100000000100010100001000000001111010101100100100110010000110110001101011100000100001000100110010010000000010000000111001000000001010100000001110000100010000110001001111000010101100000110000100000110100
00000000100110001101000000001111101100011001111000110001110101010011001110010010000110100000001010010000000010010000001101101010000000110011111100000100000110000101100101111010000010000011000100100010001100000001100001111010000101010001000110111001101000101100001001011101001001001010110000010101111000000010101100000110
10000000000011000011010000110001100011010011100001100100010011000000000001000010000010000100011001000000010001001101100001000000000000100011000001100110000010001011110000001000011110000110010000000000100101010000000110100110001101010011000000001110010000010101000111000101000000110001101010000001010010000000110000110000
01000101000110110000101010001000010010011101011110100011101001000100001010100100010100110100001100001010000101110011000010000001001001100100000101011010010001010110001011010010110000001001001101101010010011111001101100001000000000000000000101101101010000001001000101100000100000101011011110000001101001010011101100010101
00011100011000000000111010100000101000000000000000000001001101010001000100001001000011001010010111000001100110010001001100001000101001111000111010010010000011100011010100010100001111001001010011011111111001100000010101001000011000010001100011000111000001101010100000000000010001001010010011000101100001000010010010001100
00101001001100100011110010001000101011010000101010011000001100100101001100001100010000110001011010100001001010100101011000110110000010000001101100011001101101010001000110110000000010101010000010100000000110000011111100100110110100101110000000100011001001000010000000111100000001101010110001000001110010001001001000000010
00010110110011000000000001110000111010000000101101000100000010010000001000100100010000000010010110000111010001101101000100111000101100100000100111000000010001000001011000100001010001001100101000001000000110000011100001100100000001110100100110001000010010011000000010101011001010101001100001110110000100010000000010000010
00001100001111001001100000000010101000000000000011010010000001001010010100100011011110000101010000100000110001100010100000011001000000010111000001010011110000100000000111001001000000010100011010000001000001001001100011000111100000100001001010100000110000000000001010110000011000100111010010110000000000110001000001001000
10011100001000000100110000000010110011000000000011000011000101000101010000000001101010010010000100100100001011000100101011000010110010101011001000100000111000000101100001100010001110011010110000001010111111001100000101010000000000100000101101001000111101001010011000110010001001000111000011000111100010010100000100101110
01000011001001110000011110001000010100000000000010100110010000111101001000000110000110001001100000010001011000111010000111100110000000011100101100000001111110001000000000110101011100011110111100100000000101000100000111000010001000001010001111001010001000110000001000000011110000001100001010101010000000000000001010111011
10111001110000111101001100101000000100000100100100000000100010000000110010010000100010001000001110010001101000001000000100001001100000001011001001110101110000001010111110101010000000101000101000100000000110110001010000001101100011000010100011001000100000110000100101000000110010111110100000000010000010110100010101001011
00000110110001110100011001000001011000001000100010001100000010101001000000010001100000101000000000000000000100000101011000001010100000101010000011001000000010011100011000001101100000000010010100100010101000101010010000010100010000000100010001011110001000000100100100100000110001101100001110101101010001001000010010000000
00000100010100011000100000000110110100000000101000011101000010010010100100000000011100000100001110110100000000000101110011010110010001100110001000000010000010000001001010110000111110001011000001011100100101000000001001100000001100000101100000000000010011100011000010010011010001011100011011100001110001100100100000101011
01000011100101000000001001110100010001000001000010010001001010110010001100000000010000101101010010000001010001100010111100101100001001001010011011001010001111000001011011111100100011100000001000000000101011100110011001111000100011001101111010000000110001000000100100000000000000110101011000001010001000001000000110111010
01100010110101001001011100101000000000110101001100100000000000000100000000000100000000000100101010100000001111010111010001011010000010000101011001010010010100011001000000010000001101010001010000101001101001000010000011000100000000000000100011001001010010010010010000010100010010010110000011111010101011000110010100101011
00010000000001101110001010011011001001000011000001100001011001010100101010100101011100000000010110001010111011001010000010000000001001011001010110110100001000100000101011000110000111001000101110001100000110000000000010100010001000110101010000000001001111011101001000010011101001100011000000100100101010011101111100111010
11001110010000110010010001000001011100101001101001000001010000000001000001000000011001010101100111001000001001010010101000010000000111111101100001010110101010000001001000010010000001000001000001100010101010101100000000000000101000001100000000101000110010000100000100000001000100100101001000001011100111010001111010111001
00000000111001001011100000101011010000001100001100000100011100101100001000001001001001001000000001001100001100000101110000000000010000100001001101100011011100010001000010000101100111001000010001010001101000110100000100000111111001001000000000001000001000000000000010001010000000001001101000010000010000000010100100101011
11000100011001000100001100101100100000001100000110111000100111001000010011110010001100001000000001001100001111010001000101110101101000011101000010101100000001010000000011000100010000100001000100001011010101000000000001000011001000010010010000100010000010000100100000010000000000111000010000100111101010000001000010000110
01000111111110000001110100000110001001000010010010100001000000000001001110100000000000010110100100000010011010000010000000011110001000100001010011000101000000000000000010011001000100010001100011000000000001001101000100100010101001000000101100000100000110001100000001100101001000001100110001101000010100000011100101000011
00010011001111100010101010001001100111000010001000101000101000100010101000100010011110001100010111000000000100001000011111110001001010110110101000000010001001011100100100010010100000101001110100000101000110001100110000101100111000010000100000010100100110110000010001101000010010000101010000100000000111010100001010100110
00110001001000100111010100001100001010000110000001101100000111001000010100110011000100101001000000100100100000001001010101100001101001000010001000000000100101000011001100100101010001001101111001001000110001001010110100000001011000010100100000010000010001000101001000000001101000000000000000000011100001000000000110100001
01000001001010011011100011110000001000010111110011000010010000010000101000010001000100100010010001000011100100001000010100010010010010100111000010110100010010010100100000111000000000000000101100000001001100101000110101101110110000011100100010001010101100010110001100001000010000010100000110010010100001110010100110000111
01100000000110100000110101001000011101011100001001001100100101101011000000001110011000010000110110110110010110000000001000000100000010100110000001100000010100010011010000000111101001110111110000001000010111000001011110011010000110000101010001000110000010110001100000000100000010100000110101001100101100110100111100110011
01111001001111001011000101001001010101101000101111000110101100100010000000000110010101010101000110000001101000001000100010010000010111010100010000000000100010011010110100100100011000101011000110011110000011101010000000111010001101101010001101011111000001001000101001010000010010000100001010000100100011110001011010001000
00000100011100011010011011001001000000100001000101100011100010000000001001000100001001000101001000000001000000011110101000110000011101000010100000001111001000110110000000101110000001101000000001100001000000110100000000001000110111101010011001101001001001000001001000000100111101100001001000100010100010000010000010000110
10001100001001000000101011000001101000001011100101001111010000000100001000010000000100000000010011101000101110010000001011100111011010010000010010001000111010011000000101100000100011001001111000011100010000000101010100000100000010000110000111100000100000100010001000000011011001010101000101110000100101010010110100000010
01110000010100010101001000100100000111110000100000110110101100000010000100000000010110110000001110001010110011101000010000101000001001101000010000010001011101001100010000000010100110000001000100010010011010100100000010011000100000100011000100100000010000101001001110001100001100000010011011000110000000000000101000110001
11111100000010000000000100001000000110110011000101010000000100110000100000110010001100011001000000011110101100000100010010000110000000101011001100100101100101000000101001001000000111000000000110010101001100001010000000000000010100000100101000001000110110110110001001111001001100000001000000000111110001010000001111010000
00100100000000110100010100000000000010000101101001001000000110100011100000110101010010000111101000000001001011010000000010010010100100010000001100010000000001010000110000000010100100110000000000010000010100110101001001000110001100001110000101101110001110000001100000000111010100000000010010011100111010000010000110010000
00000000001100001010011110101000001010000010000000110000010001001100010110010100010000000111100101000000000110000010100010110001000100000011000011100010000100001111100100010000000110100101101001011010100110010101010001000000001000011001010000000010000001000000000011100010001001000010101011000111111000000010100010110011
00000111001001000010001010000011000001001000111000010000000110000010000000100001001001000001100100010111100000110001101100000100000110101011000010110101100000001000100010000010000000011101011000011011101000000000000001010100000010101000100110010001010000001101000100001101000110101000000100000101101000001000000000100101
11100011101000100001101000011100111000110001110101100010011010000000010110011000001000011000000010101001010000101011110000100000110000000001100010101101001000100011110011000011000001010001100000010000000100101000011111111010010100110000110000101000000100001011000000000100000001010000000000100000001011001100010110001010
