000100101100011000000001101100110100110001100001101101011001001101010001100001111010000011000111000010010110100001100001110000000000001100010101000010011111000101110001001100100101001011110101011000000101000011110100011001100100000010001011001110001010011001010010000000110100010001000100000001101011000000101100001100000111010001010011010000110011010111001110001010001011010001001001100110000100010000000000101010010010110111101010100000110100100010
000000010000001001001110001111110000100010110110000000000110001010100000100000110001000011001101010110010010001110001000000001000000011001001001000000000001111010011100111100000011010001001101011000100011010100011100110110100100110000001110001010010010001011000110010100000001100101011100110010110110000000011100001000100001001001100000111010111010000111010010110100010001010011000010001111101000000001000001100010000100100101110000110000001111000000
000001111001101011000000100011001000010110001010000010010010010100010000111110000000101110010001000001000000001100100000100101111011001000000101000011010000010100010101010100000001100000001000111011000010001011010000000001010101100101000100010110101001010001100111001001000110010000100110001100101100010000000101101000110000000100000010000010110110000111001110111010001101000010001100101001000010110000100000100011001011011000111000111000000000101000
000100100111000100010101100011000000101011000101010100010100010010011000101001001000000100011100100100011000110110000001000011101000100100110100001000001100010000001000001000000000100001100000110001000100010010000000011010000010100000100010000110101011110101001110000000011100111110001010000000000011001000000101111111011101000010100000110101010000100000001100001000101011011110101100010001100100110000111000100101100000011000010110100001110010000011
110101101100101001101000110000000000010001000001100100101000000000100000010010010000010110111010000110100011000100001110001011001010000001001010100000000011000000010000001000001100100000010001010011000101000100001000010100000110111000111100100000110010001100101000100000111101000001010110011000010100100000011000101100100010000000001100100101010101111100110001000000000000010000010011000001100000001001101000000100110000111010010110010100000000000100
100001000100100010001110110101010000000101000000000101001000000000000000101010010101000001001010000000011100010100111100111000100010110000101011101000011010000010000000000000011010100000101001111010001001010000111000011100100010110100011101100000110100110101100110000100000100101000100011000000001010101100110000010010011011010000100000110000110000010100001001010000100000110000100101001001000000011100000011010101000111000001010101000010101010100010
000001000000100000000110010010110110000000110100111001000001000100010000001010000100000001010110110000100001000001010001111100000101110101010010000011000000100001000011101000010000101001000101000100110001001100010100010000110001110001010000011001100000001000010001100100101010110010101000100111000001000100000000000000001000100011100000010101000111010010100100101010101000000000000000010110101011000010101000011000101001000111001000010010100110101100
000100011000110111100000010110101000010011101000011100011000000010111000000000001100010000010110001100110000001101001000010100010010001001000011110101100000100000101010110101110100011000000010001011011101001000001000110001110000110000001000000000100001000100100100001010000110000000000001001100001000000001001001111011001111000101000011000100010001000001101000110011110101100000111000100011000000001001100101000010000110100010000100000011001110010010
100010111000000100100011001010100100000010100011101000101101110000011100000001000011100000000001010010000000101000010011010011110111000010001000000000100000100100110110011001110001000001000110100001111101011010101101110000000101000011000100000010011001010100011000010010110010000000010100101001100011001010010010111000000000000010001001000000101000100011010110001100011010000000111110100001010001000000010101001100001101100010110000100100101110110010
000100111011110000010010001110010011111000100101010010001000011110000010100000011010100001101001000001001110001001010010000001101000000000011101000011111001111101000100110100010001010011000011111010111100001001011010011000001000000000010000011000100110001110100101111111010011000011001000000001100101000010000010110101101010000111000000100010011111110100101001101001000101011011001001010000001000010000000011110000110001000100000010000111110100101111
100011110100000011100010100010001000010000110001011111000001110000010000001001001010000010001000001100001001000001101101011000000011000110110001001100010110010010100001010110100110111011100000001100101001000000010000100001010100000010000000000000010000000000100000000111010001000100011001100010101110001101000001101000100000100100000100100101000001101110101000000010001000000001100100000010000001001000010000000100110001000000000001100001000001100000
000000100100111101000011011100101000010101010001000001000001000011000001000000001110111010010110001001010010001001011011001010101000100010000001111010110100001000100000100111100101000101100010000000111001011100001000110101000010000100000111000101010000000001001001100111010010010001011000111101011100000010011110110000101011001000000100000001010010010010001010010100000010001000000110111110001000110001110001000100111000100011011000001101000100001110
010010111001000001000001000000001010000010010010001000000000010001000011000000011001000010001001001101000000101010011101111100011100010001010100010000000000001010000001010000000000101000001001100010001010001000001111000001010000000101100100011000000000101011111100010000000111110000111000000010101011101110010100011000010111000111010011000101110011010000000000001110000000001011000100000001010001010001000010100000101000001100100001000100000110000010
010101010010010000001010000100101011100110100000001001001001000000001010011010000001100000101010000000000100001000001100000000000000101000010011001000100000100000001000101100010001101001001010001000000000001000110000111001000110001100000010100100011000110010111010101101100001100101000001101100110010100101100010001001011010101111001000000000001010100101001001110010001000010011010000100100010000000011100000110001001100110001000010010100000101000000
001001010110001001001010100111000000000010001011001110010010000101111011000000101000010001000101010010100100101100010010000010100000001001100011010111100101110000011001100100101110000000111010100000000010001000000011111011101011100001100001000000001111010011010101100111001000100111100000010000110111101010001100000000100000000110101000100011000101100100100100010100000001000000111001001010111100100100111000001110001010111001011000001110000011011010
001000100110010101101000000100110010101011010100010000111010010001101010001000011100000000010111011010001100101011110100010010111000010010100110011010000011001100010000000011000010111100000011010100010010011001000001111000000001100000010000010000000101000011001100000010001101100101111101000101001011011011001011001100100000001010000000101001100011000001011001000100001101001100000110000011110001010100010000110010110110001110100000111101100000001000
000000010100001101000100000010100000001111001000011100000001000101101100101000111010110100011101001000001101010110001000101101111110000010111001010110011110000011011100100010110010100110001010000000101000000000100111011100011100010110110001001100100001000111000110011100100010111001001010101010000100010010000111001101001001000000111100101001000000000000011001110011011001110100100010100000110000000100000000000110110000101011011101011100010010000011
000010000100010000000000010101100011010001000110010001100000000100001000011010001001010000011001010011011000111001110010000010010010110110011110010000000010101010101101000010111100010000010000000101110011100011100110010100001000111110000000001001000111010000011000011111010110110000000000001010010001110111001100001001000110100000000101100000100111000110010110001010000010100011101100011000000010000010100110100011001110101010100001001100100000011001
101010011101000000100010001001100000010000011011011010100110001000001001100011010111001111000000100111000101000001001000010001011001100010101100010001000011100111000101000001110001110100110010001010010110001101000101110100111110000010000111100011010100000001001110000100000011001101100100100000000001100101001100010000100001011010011000100010100101000000011001110010000010001101110111010011011010001111000001000100010000001000001010000001001010000110
001111101010000011000100110100101000001110011000001100110100000100001000100001100000001100001001111010101010001110000100010011000000100111111101110100000101110000001010100010100001001000000001111010011001101011100000010001001100001011010101010001110101010010000101100000011010001000000100001000011010001000000101100000010000000011010101010010010101010010111000000101000001000100000111001100100001010001101101000100111110000100101000100110001001011111
011110011000001000111000000001011100100110000100111000000000000101001001001000010111000001101011100010001001001111001110001100001100000110111111110001010010000011001001100100000011010010101010000100100001000011011110010000011001000100010100010100100100100000001101001011100001100001000001000100100101101011100010000101010100001010100000000001000000000010001000000100000001101010010100001100000000111000001011111110001011010111011000001100000010010100
001110110011100110011010101101000000000000001000010111010111001100000010100100000000111011101100110000101010001000001001000100001101100100000110000001100110000000001000001001101100110011001001100110000110110000001001011011001111010000010001000000010001100011000110100000010110001000000110100000010001000011011101111100110010011001001011101000101100101110100000100001000100000010010000101101001111000000100111100110010101100101111100100000100100110101
000001110110010010001100001100011010101100001010100010010011000001110010100010000010000000000011110001100010111010001000001001001011100001010000000000110010100110000000101010000101011101010000101011101000011000000010000000101100100011001100110111000001010000000001101001100010010011010001100100001111010101000000011000011101010000110000010001010010110001000010001010000001010010101011101000010001100110100101101000010000000000000101100000100100000010
010000001000010001011101101000000000100001001111010101001001111001000101110101010101100000110000101101000011100000000010010011001001011100001110100000001001010000100010101000110100100001100100001100001100100100110001001110101001100111110100011010010100100010010011000001111100100101010010010100001110110001100011110100001100011010111010100010010010101001000100000111000110000010000000010010110001000000100101000010010110100101100001110101110000001001
110110010100100010000100000001011100001100010001000000000010000000011000010001010010000001100010111100110100000000000010110101111000010100110000011000101000001011110101010000100110010010000010000000011011000000000000000000000000010001011000000000000100001010000010000010011000001001100010011000001010001010110100000000001100000110110010000001011101001110000000000000110010000000100001000010010010000011010100000001010001110010100100100110100010010011
010000000001101000100101111000100001000011000000110111000011110111000001110100001000000101001110111100100000111010011000000001001000100100000000100001000101100101001010000001010010100111011000010110100010000000000000010110010100001000011001001101001010001101000010010100101000010001100110001000000001000111001001010110000111101001100010111000010110001101010000110111010101000110100011010000000110000000000010100001011100011101000101101101010010100011
001001000011100000010000000010000001000100101000100000001010000000010000010001001000000110110000110010001001001001001011000001110110101000011111000100100000000001010001000000000000000010100000110001000000101101000100000000011100000010000110000001010010100000000100000101001001100000010101110000000001000101000010110011001001100110110100010111001001000101000110011010010011010000111000010000110000000000101001010001000101000000101000101010110000011001
010101000100110000001010000000001000010000110100001000010011000001000000001111001110000000000001001010000111001001000110101000010000101101000011101101010010101000101010010100010111001000001010100000100010000110001000101100010100000011001101010011001100010001010000100001010100100010100100101111001111000000011001000110100100000001010000100000010001100000010000011000000001100100101000000000000000111010001000001000000100100101000101001110000000001101
010000110001110001011000111001110000101000010110010010010000010010100000111110111001100001001100101010001010011000010000000100000101000101101000000101001000101001001101000100000001110001101000011000001101010100000000010010011010011111011011100011001010000000000100101100100110110110000010011010000000010000001010101100001110001011011010000001100011000010001001001010000011101000000010010101001101001101100000011011000000110100001011110110100000100000
000100000001010010010100010000111100001000100001100110000000001000111010001000101010111101000100000000010100000000110110100100000000000000111001111101001001001001001010010001010111100110000010101110100100110011100000100101011000100000000111000011110000000010000010000000011110000010101000001001110010010000001000000000001000001111100101111010100000111101001110000101001110010010110000001011100001000011010011010000101001000001010010001000000010100100
110101011011000000111000000000100100101111000000100010101000010100101001101001010000000011010000100010100000000000111010100100110111011001011101100110001001000010000010000010010100001100000101000000100001000110000111010000100001001100000110000000011001001100010000010101001001010010000011011100100101100011001000011100100110101000000000001010000000000010100010100000101100011000011001101011101011111000101010001010000110000101000100010010000101110000
101101001100000000100100000110000100011001001010000100110011010000000110100001001000001100000010110101000000001000000000010101101000001010010100010000001111000100010000000100100000100010000100010011010001000001010010001101000000010100010000000010010100000010000000011000000100000101001111010001010000011000001101000011001010010000110111000001110100001011100001000000000100011100110000101000101110110000000001001010010101100101001000010000001000000010
000100010010011000101001000001101001000000001101000110000000000000000000010101010101100000111110100100100000110000011010101011001100000001001011100110000000010001110011010000111011000010010100010001001000100001010000001011101100010100011001000110000111000110110010001100001001000100100010000011000010011000100001000000100010100000000001010101000101101000101000011010100100101011100011011100000001000100000000000110000000110001100110000010000001000100
000100000100011000000001001000110001010000010000000000001010111110110000111000010001101000010111001010010100101100001101011000010100100100001100100000000011010000000011001011101000001000100100000001011011110001011100011010000100110101001101000001001101001101100000001000100010000010111110100000100001110101100110010000000000100000110011000001001000000000110110000010000100111011011001010000010011010000001000000101010001001000100001100001000000001001
001000010011011100101111100010000000000100001101000011100010000000011100011000110000000001001101110100001001000101111101000100001000110001001110011010000000011000011100110110000000000010010010000100100000001001100010101100010110000010001001001000000001111000011011000000110010000100000100100101100011000101000000010100111001000011000000010100010101110100010001000101001100011000100000101010001101100010011100111100101011011010001011010101000100000101
100001010011000010100111100000011000101100000000110010000011000000010010100000110011001000101011111100000001000100011111010100101010011001000110101000011010000000011100001100100001101000000000100100100100110011001011001001101001101001000111000000011001001110011000001001100100111011111000100101011000010011110001100010101110011000100101010010000010000110001001001011000101001000011000001001000101001111000110000010000001001001000100000111010010101000
110001000100000100100100000000110100000000010010011100100100100000100100000001000011001011010101000101000011000000001100110101010010101100010010000000010101010100001010010010101000011100101000111000100000000101010100100010010010010011000000111000110000000000010101011000010010100001001100011011000010100000101001100001010000011000001000111000001101000010001000010101001000000001010001010010100000100010101011010110000001011111101001101011011110001010
010011101011001000000101010010010001110110000100001001001000100010001100101010001000100000000110000000001000000000010100010111101100100101000000000110000000010001011110001010100010011000000000111000000100000101110000001000000100010110010010111000101000011000001000110110010100000100000000011000111000001001010000000001110001001010000010001100010000010101110000101001101001001101000001100100101001011000000000110110000100001101001101000000000010000001
001100010101010101000000010101110000000001010000000011010000000100010100101000000010111000000001001000101100000000000000100101000110001001000100101001000100110001000001000010011000011110000010000010100111001100010001001001101110000011100000110001010001001010101000000011111100110000000001001000000001001100000100001100010100000110000001000000110000101100110100001010011000010000100101010010000010001100001010000100000000000011010100000000000000000111
000000010000000110001110000000010000011010111000000001000010010001011010000000000010111110100000000000000010010101000000111010111000010100101000011000111000000010000011110100010111010000000110101000010000000010101000110101001010000101000000111010001011011000100010100100100100001010000001101010100010110010100000101001111010011111001101000011010001000101110000011001110010001010100010000010000000000001100001011001001010100010001001111000011111000000
000001011100101000000000100100011100000001010111011010010000001100001000100001001000000110101100000101101011100110111110001101100011100000000001110100011000011110010110000100011100000001100001100001101000010010000010010111010010000000011101010001001001100101010001110010101000100011000110100100000011110100000000110000001101010110000001111011000000000001100000111110011011000011110011011110001100100100110001000011100000111010110001001001011001001100
010001000100000001001010011111110000101101000000110101110011100000000101000000010001000100001000101100000111000100001111000111010110000011010000001110001000000101011110101101010101100001001000100110001000111000010000001011001100100000001100001100000010010000010100001011101100010101000100000100101101001000000000000000000110100001000010001111010111001000100110010001000001001010001101000001000001000010100000100010110100010101010000001101101001100000
010101010000101111100001001101101100011000000000101000000110100001000011110101111110000100010001100101100101100001100011011001011001010011000001110100101100110100101010111101000011011000011010101001011110100011010000100000011101000000110110101001000010100001001110000111000100011000011001101111000000010000101001001100000000000001000000001000010001000000010000110010111001000000000110001111000000000000111011011000011110101100111101010110101001101101
010000100100000000011001110010111010000000000010000111000000000010111001000011000110000001011001100100000010001011000110001000000110001011000011000000001100101000000000100010010100001000010010000010011101000101000100000000011010110110000000000010100111000010111000101010000010011100000001000100000000000101011011010010000110010110000101100101100000101110010010001000100010000100000110011011100000001010100010001000101000010000011100010010001010100001
101101110001100100101001100100101011100100110010000011001000101010000111001100000000101111001010110010010000110010000010010101001010100001101100100100000000100000100000101010001000001110011010100010101000000000010111001100101011100011001110010000000010110010111100010001000101010101010001111010100000001111111001000110000010000010110010110000000000010110000000000000000000110000010100101101000010001101001010001101011111000001101110000010101010000001
111000000000001000010001000010001001110010110001000010010011100010010001001100100010110000010000001100001011100000010011111001011101011000110110010000011100010100000010010101010000101001001010101100110111100001000001000010001110010010001110100111000100000110100000111011001101001110100011000110011101101100010101001100100001000000100001100100000011010001000000100010010011000010110110100111010010010000011000111000011001000101000000010101100000110110
001010000011001000000111110100000011010011101001001001001010101001100100011100001110110011111110000110000000001001000001001000000110101101011101000011110100001100001000101010000010011111010100101000010110011011100010011001011100101011010100000001110100001001000000101001110000000010000000100111001100001010110000001000001010111001000100011000000010100000111000001011100010110100100110000011000000010100110001001100000001010110000001000011011010100010
110011001100000010010010010000110011000001001110001000011000100101000100001000000001000010000001111111011000000001101000110011001011001101000110011001101110100000100110000110011010001101100100100010100001101011000001010010000000000010100011001011001110000000011110001000000010000000001000101100100010100010101001001101010001001110101111010100110011001110110010000010100111101000000101001010000111011011111010110110001110001011101000000100100101111100
001100000000010100110010000011010110100100101000010001100000110010000000100010010001000100100000010000010010001001001010010110000100110100001011100100011101000110001010010101010010011001111000100010011000100111010000001110000000111101100000000001100010101000100100100100000101110011111000000000000100100000010100101100001010001111001100111100001110000000000111010110100010001001001111000100100000010000010000011010000011100010010101000101111000011010
001000000011000000011010111101100000000001001010100100000000000010001011000000100001010100000010100000000000100110000010100110101100010000011010000001000001111001001001000000101010100000100000000010000100000111000001111001010001100000100001101000010100101001010100100001001000000001100111000000000010001000000011101000001010101010000000100000000100000001110101101001000000010110000000011011000000010111010001010000010100010110000100100101110001110010
000111111001010010010000110001001011100100100001000110000000000011000000011000010000010000001000101110010110111010011110011001000110001000000000000001000000000010010000010000110010001100000010000010100101000000000001101100000110001000000000000000000010110001010000011011100010010011100000000000000001000100110011101001010000110000000100001001000010011000100000001100100100010011111100000000000000100000101110010111001110010100000000110011000000000010
010000110001100001100110110010110011100111100000001110100001001111000001001001101100010110110011111100000000010000011011111100001000000000010011011011011000001000100001101001011011111110111000010010000100010000000100100111001010111000000011011100100110011011010000011100000001100010000000000000001110000111000111100111010000001100010100010100101011110010010001110001001010000010011000000100011010010000100000110000000011000010011111100000100000011100
100110100001100010001001101000001111000000010000111010011001011000010111101101011100100010000010111100100011100101000000100011001000110010100111111000110001001101011010000010100101101100000001101011000001001010011000100000111100000100000000100001100111100110010010000110001100000100000000010010100001101010000010110000010001100000011100001100000010101110011011010000010100110111000111110101001010100000001111000011010001001101110100101100100101100000
001000100000000001110001010001010110000000001111100000000000001000100000000000000000101110010011000100000111000110000100000000001000100010000110101001000100101101101010100010100000000010100001001010111001010011010011011101101000101000001100010010001110010000110110000110011110000000001110001010000000001000001000100010001001001011010000011111100100110011001100111001100000110001111010010010101110000101101000111101011000001010001110001011000001010000
010001111100100001000100010100001111001000000010111001110000000101000000000000001000110000000100010101111101010010100000000101001010000011010000010111010000000100000000000000110010010010000111000001011001001100110100100010000001011001100100000110011000000000100010001001100010100010011000000001101110001100100100000010000010101001000100011001111010100000100010110000110101010101100010000001100100000011110000010011001010001001100111010000001010100010
010101100011001000001000100011100000110100001100011000010001011101001000100010100000001101110110010001001000100101000000000010011011101001010101111000000000100101100100010100000000000100000101111010101110010111111100010011010001000100010000100000001010000001001010111000101000000010010000101100000000001011111010011000110011001000001001000001101010000000000001000000100011001001000101011001000100011001000001000100010010001011001100010001000110110010
100000000101111010100001001001000011111010001000000101110000000010010010000100001101000010001110000000001011000010000010101111000001100100100111001000000100000000001011000100000101000001001000010001001000110000000100010111000001001001000000101000000011001100100100000000101001101111000000001110001001010011010110000000010110111001001011010100000001110101010000100000010001001010100001010000110001000001001011000001010000000011000110001000100000110010
001000010000100110100110001011000011011100001010100000000100000110010001000000011000010100110101101000000010001000100010000010001100001100000011000101000000001000000111100010010000001000000011000100101001100101000111001100100000100010000000000001100000100101010001100001100100100111100011110000101000011100001001100001000000100000101101100010101010010000010010010010000100001101001001001010010010001010100110100100001001000101101001001001000000000111
001000011010001110010111100000000010011010101010010010100111110010000011000100011101110000000000100011001110010100000001000100101000110101000100000010000101011000010001010001011100100000000000101100000011001100010010111010000101001000100000000001010100011110101111000100010000011010000000100001000101010001010011100111001000111000111100011000000000001101100100100010110010111011000001100100001101001001011000000000000100000000111010000000011010000000
000001000011100100110010100010000001011000110011101100110010010010000100011001010100010100100000100000110000101100010110100110000111101100001100100010010101000001000000011100010001100101110001011101000101010100101110100000010001101010110000101001100011000110000101001110000011110001010010110011010101100000010111111101011001111010011000100010100001100000000001101100100100011000010000010100110010100101010001010010000001000001010000001110010001010110
010000011011000011101001000110000000100100000010100101010000001110010011000000000010010011101001100100110001000101000000111000101001000001000010101000011101100100110110111000011000000000101100010000001110100100000000000100100100100101000000010100110100001110001110010000001100010000001010001001101100000000010010101010100100000100000000011101000000001100010010110000011000100001110000100000000010001000000001010001000000000010101100000000000110000001
110110010001111010000000000010100010101001001110001000010000001000000010100110010100110010000000000000000001101011101010000110000000110000001001000100100011001111101011100000001000110010001100001001000010001100000000000010001101110001000100100010001101010010000000001000000010010001000001100000010001110100100101000001000010100000110001000100100000011111000000000001010001000010100000011001001101000110001001000100100100110100000000001001001111100101
111110100001001001101000010001110010100011100100110000011100111000100000000001001000110000000000001100000001001000101000100000001000010100000101000011010000010000001000011010010010000010011011101101000010000111100000100000010101001100000010001111001100000010000001011100111001010100000100001000011000111000000000000010001100000000100100010100000100010100001000100100110000110011110000111100001100011000100001100000111101010011110000000110000000000000
110010000001111001000000000000010001100000001010110110000000011010001100000100001010000000010010001011010100110001010001010100010010110001100001011000100100101101001000010001101010100010100100001110100000000001010000000010100110000101010000100000110101101001001001010010010101100011010001000100001000010010000000000000010100001001010100101000011110101001101000001000001000000110011000000000100010100100100001000101100101100001000100000001010100010000
100000100000000101001000000100100011110001001000100110000001100000000000000001000110010010000000000001100100000000100011000000110001110101100001110010100001000000001100101001001101011001000000000000000000001010100000110000010001010101011000010001000010100100101100110100100100111010001011001010000001000001010011111111010000000000001000000001111000010010001010100100010000011100001000011001010000100101110000010010001101011011000001010110101000000000
000011100000111100001001010101010001010110100101010010000001100000010000010001100100000010111110110100000001100010101110011000001100100000011100100010010100000110010001000000100000111100100000110000000100101000000000010100101000011101010110011001101001001010010010000011100000011100000000000101010010110000000001100000110110011001101000000110011100001010000110000010101011100101001011010001110001001001001100111001000000101001101000010100000001011100
010011010000010000111000000011000001010100000010011110000000110000101011000000000111001100000110101000010101001011010001011111110001110000001000001000000100101100100000100000001010011000100000101100000110111001001010100011011100000100000110101100000011100100000100000101010100000011101000100001101000000100000010000011101010001100100000000001101010000100111010000110000010000000100001000100000100000000110000000000000010101010010000011010000011001010
010010100001001100010100000010001101101100000010010010100000011101111001011100100011110010001000001001011100010010000001011001011001100011010111100010001001000000000001011001110000101100101010111001101110001100010000110001010100011110011100000010000100010001010110100000010001000110110001100100000000111110000001001110001001111111001111101010001000001001010000110101100110000011000110010010000101100001001110101011100000100010001010101100010010001110
010000100010010010000000000100011100011100110000010000111011000100110000000110000101111000100100010011000001100010101000101100111111000001100100010110100000000100100100110010010010000110011000010001001011111010011100010111000000110001100001011100000100010100000110100100001011001110000001001010001110000000001000001001001100011010101100010000110111100101110000001000010001010100000001011000000001000110011011110100010111111001100011101000001100001001
010111111000111110001000010100111110000100000011100101000001110000001110101010001011011011000101000000111001000000001010010110011110100111011100011100110110000000010000000000100000010000101010010001100110001110000011011001001110101110101000000010011010001101010000100000001000000010000010100000011010100101000010101000000000000100011100100101101101101110110001000110000110100000000000000001000100001011101110010001001100010001001000010011001110101101
011000011000000010110010001000100011100100010100010111010010110010101000110100000001000000111001000000110001100001000000000110001110101101101010100010000001010001010000001001100011010000000010011110011000111010000000101001001011000011000110100011000000010010001000111111011110101000100011000111001000000011000000101010011011101001000100000000101100111000100011000000000010000111001110010001100011000000001001010010000000101010100000000000101100000001
101010100010110101000000001010010001001111100000000101011001100000110110100010011010100100010011001000000000100000000000100100110000110001011010001110001101000100000000111000101000001000011100000100101110011000100110000100000111100010000010010111001100001011110001100001011000000101001011000000001001101000000011110100100001101111001111011110100100110001100000101000000101000010001010000010011100111010001001100010010110010000110100010010010000000000
100100001000011010001011101101000000101110100101110010000000001010011100100111000000000100110001001010000001101000110100100000110100100100100101000010101001011001010001010110000001011001100011001000101000101111000110010101000111101100100001000110001010000101100001000011100010100111000010011101010011011000000010000000101100101100000110100000000110001000100101110011100000100000101110101111011110111010110101001000111010000100100001000001110001000110
100011110111010000110001010000100010010111001000111001110000110000011010010111101100111000011100000000011011000110100000000010000000011110000011100010010100100111001100101000111011100101111000000010101100100010000001111001100001101101110000101001111010101001101010001110000100000000001010010001101101001001000010000101011010011011101000101000001100101010010100001100000100110001101000000001000010001000010101100100101100001001000000011000101100011011
001001000110110000011111011000000010000101010000000001100010100010001110000001010000001101011001101010100000000011000100110110000010010001000101011100000110000000010111110001000011100110000111100100010010101101000001000111011000010100010000001000010100011111110000100110010110001000100100000000001000100011101100001010000000010000100010101111001110101011001011010000010000100000010001010010011001111110000101110010110010110001111001000001111000111000
100000100010001000000000100010001010110000000000001001001101001011100001010010000001000100100000000001110100001101000001000000000000000100001010010100001000000110001110001000010100000100011101010110100110001010001000001111111100110000000000010001000001010111100101000100100000110100011010001001001010010010100100011000011111000011001100000000110010110000000110111000000010010001100010010010000000000000001000010011000011000000000010010010100000010000
010110010100000000000000011101010000001000010111010000010100010100100101000000000000001001110100001100001000000001001000010011110001001000010010101000100000100100000011101001000000000010010001100111010001000000001000000001000011001000110000101010100001100000100110001011110011100010000000010101110100000101000101010001000001000000011000010111100001100100000010001000000000001101101001110110000001001100000011101010000100000101100000101101100010010101
111110101000010000110000100011011010101111010101011000000001000100011000000001000001100000011001000100000000000100111000010010000100001011000100001111110000001100011000110110000100110111000001000001000000001000110000110111001010010000010001000100100000000110100000100001101000001011101110000010000000001001000000000000011010001010100000010000001100000000001011000010010000010001000000100000100000001010001000000000110000001000000110110001001100001101
001100011100010110001100001010010101001100100000001110010000101000001000000001000001101011000101000000000000110101001000000000101101001001101010010000111010100001100111001001101000000011000001000111010011010011001000011000110010101000000001011000001000010001000001010010101001000000011001000000100011100100000000001010011000000110000011001011010010000111001101100100010100000100110001001011000001000010110001001000011000010100010000000000000000000000
100011011100000010001100000100000100100010010100100100001000000000100100000011000000000010000100010110011100011110011000001110001001010000010000000100010000010101101000100000100001010010000100110010000000010100001100100100001100001100100101110111010000001000101101010001100100000101000001000010110000100010000110011100001100001000011000000001001100001011000100100011110010010000000010101001101000000011101000000001001001110100000000000000100000111000
011010011100100010100011110100000111011101001011110000001110010111001100010001010001110101010101101000100000110000001010101010101100100101000010000001010000110100011011110100000011000111000000010110100000110000010001110100000100111001100010000011110010001000111001001000010010110010001000001011100000000001011110111000000001010000010000101101000010100001110000101101000000000110000100100110001100000000000010001100010011010011010001101000001011001111
000100001110010100111110110100000000100000000001001101100010001100010100001101111000010000100000001101001110000000000001010010100010000000011011110000100000101010100000001100001111000100101100100000001000110010011010100011010101100100100000100000010000000110110010100001000101000001001001001001111010000011000001001100100001000000001000100001011000000001001001101001111111010100000000100101001000100001000000100001100111011010011000000000000001110010
101001111011011000000000000000101001110001100100101000100000001001000000000100110011100001110011110000010101010001000001110000000001001011110001011110100000101101111001000100000011010110000001011000101010101001001110000111000001000000010011100000001100000101011011001100100000111010100010010000001001100000000001001010000000010100001010000101110001010000100010100011111111010110000100011010010010011111000001001100001001000000101100000100000000101000
110000001001000000000000001100000011010000100100010000100000100100000100001000000011000110011100110100000101101101101100110101110001000000111010100010101001000111000001100000110111001000000100000010100101110011000101010110001011011100000000000111001010010011101010011001001000001110011010000111101000101000011011000101100100010100100010010011110011001011001100011001001101110011000111001010010101110010111100100000010010001110010010011100001101100000
011110000001011000010010000010000100000001001000011101001101010000111101011100110010010100101010010001010001111100000011011101100100001000010000100010101101101101001011001000111100000100000101010000000000011000110000100011011110001011001010000000101100011001011110011000010000010010000110110100010111100000100000110101001011000011000101100100001010001110010111000100000010100000000000011010010010101100000100110010101111101000000000000000111000100010
100110010011010100000010110000000000000100100101100000100101000100000101001001100010100000000100000100101100100000100100000100110001000001101000000010010001101001100100001110100100000001010001100000010001110100001110110000001001000000101100000001001001100000000001010011101100000000111101011111001100100100101000100011101000011100010011011001010100101100010111000110000011110110000100111000010001000000000010011000100000011000010010100010000100010000
000000100000011000000110101010001001011000001000000000001000001100000010101001110110010001000010100000010000100010001110010000000000101000100101001000001010010011011000100000111010111011101010010101011000010001000011010011110001110110001010001010001110000000100000100100101110010010001001000000000000001000001100010000001100111010010001001111001100001101000110000001111101100111000001000100010101000011100000100011011110101000010000000010010100111100
010000101110100010001001111010000100100001100000000100001110100001011110000000011100000000100000000101010110011100001000111010100101110000011100101110000001110001010101010001111010000001101010101111010101000110010100000100100100010101001001011000000000011011001010000100000001100010111111110111110010100000000101100101100001100001000001111010010000000100000100011110000010100101100100000001100000011000001010001001001010001010000011100001100001011000
001101011100101110011010000000100100011010001000010110101001001100010001100010101101101100000101001000100111100100001110010100100010000000000110010000100011000011011100000000001001010110100000110011000110011010100001001100011000110100000110100100000001100000001110011000101000000010110110000010111001001000010110000001001000111000101010000010000000010010100100000101110011011100100010000001001101100001011000110000100001010000101010001000101011000110
111100100111000000000000000000000000110000100000100001000001001001010001000001100000100100000011000011011001010001011000101001011010111010000110000000000001000011100000000100010110010011000010101101010010010010001100000001010110011101001000100000001000000000001011011010010011101000100000100000010000001100000100111100110001100001001111010100101000001000000000000010010110100000000000001110000110011000100000000100111101100100000010100101001000000000
000100000001011010000000000000010100000000001010010001100100011101110011110100011000100111010000100110010001010110000100111001000000001000100000011110000011010011000101000000000100001001110000001100000110010001000010100100000110110000000111000000001010100000101000100000101110011000010001100101010100000000011010101000100000000000010011001101000111101000000010001101000100000101001010010110001011000000100011110000001001000001001100100000101001001101
100110010001000001110001000111000000100001110000010010010000001011100101000010010100110000000101010010111100010000000101000000001000000101000000010010101000111010001100000000000100000010000000110100000000000110010110000001010000001011001011000100000000000110000000000000101011000000000100010101000100001001001101000100011000011110000011001000001000000001010010111010010011001101011101010100000000001001001011000000001110111000100001010010110000011110
010101101000100101000110000000001010010100101100011010100010101000000100010001001111001100110000100000000011001111100100011010100000111000110010100000011001101000110101001001000001011011110110010110010000100011111100000101001000010011101000001010010010100000011000110000011110110111100000000100101101111110110011100000000110100001000101111000110011101100000000010001000010010100101101100100100101000100110110100001000000110000000000011100001100001000
000111110011111000100000001001001010011000000000010000100011111001100101010000010111000101100110010100000110011101010000111010110000000100001001010110001100100111100010001000000010010100000000001010001110100010100000100000000000010011010100110111000001010001010000000000000001101000011011100000100101010010001000000000110100010010000001001000000110010101100010000000011100001010010011101111011000100000101000000000100001001000100100000110000011100010
000001110100000101111110010100001010000000010011111011001000110100011000110110001001010011001001000111110000101001010111010000011010111011000100100101100001110000001010001010111010100100100000001011101000000001000010001110100001000011000010010011010010000011101000001000101100100011110000010010000101000000101110001001101011001000011101101001000110001010000100000000001101010000001000000100010101100000100011100001100010000000001000010000111110010000
111100000011000111000101000001001011110100011100010011000010100010000001000100101001110101101001001001110001111011001011000000101111011000000110100000011000000110010100000000000101010010100100110111110000010001010010010000111101000010110011100010111101000010000001101110000000000001010000101000000000110000001011000011100001001001010110000110100100110110100100000001000111010000100000010011111101100000100111111010110000010010110001110000000100110000
011100001010011010011111101010010001101001001001011100001001001000110010100100000001110010110100000011111000000101101011000010101010111010000000100001010000111100100011000001000100110000101000000001011100001001011000001101011001000101000011000011000010110101000110100010010100100000100001011001101001011001000000000001011011001110001110010100101010111001000011110100100001010000100000110100100101111001011000010110010010001010100000100001010011000000
000000001100000010011011010100000100000000001010010101000011100110000001100100010100011010100101010010110010001010001011000001011000010101001001010010010000000010000001100111000001000101100111110000001111110110000101000001000011010001100010000110001001100001010101010010000100111000000001111010000000011000100000000000001000100010010100110011000000000000001101000100000011001100100100010001111110000000101010000110001100000100001000000110000000000101
001100001001101001110001001010010110100010000101010000011011010100001000010000001110010001000110001100100101111100000000000110001010010001000110110011000000110011001010110000110010000010111010001110001110100000000001010000001000001100001010011000001011100000000000000100001100001001000001011111101001010001000001110000001010100010000111100110011100001000001110110000100000010001000000011010011110001100001100000000100101111101100100111101001011000001
000010001011000001000000001100110110100110001100000100001010001101001010100000010010000000001000011000111000100110010000000000110001000001001100001011000010010001110010110001010011000100101011011001111001000100100010011001100000001100000100010000001000000111011010100000000000000000111111100010010000100001000000001100000000001001000001110000000001000100111100000000001010000011110100110000010010111001101001000000001001010000011000100010111001010000
