1011001000
0000110001
1000100110
0011010010
0100010010
0000101001
0000101011
0001101001
0001100001
1100010001
0011100100
0000001110
1010010001
0010101000
1100010010
0110010001
0101010000
0110100000
0011000101
1000000110
0000101101
0110010000
0010110001
0110000010
0010110000
1011000001
0001100010
1110000001
0110000100
0110100100
1101010000
0101010100
0000011110
0100011001
0100011000
0101000011
0010011001
0001101000
0011000001
1000101100
1011000100
1011010000
1101000000
0100100001
0001001100
1000000011
0001100011
0010010101
1000001011
0100010001
1100000100
0001101010
1000010001
1010000110
0010000110
0110010100
0000101010
1001000100
0101000010
0000100111
0100001101
1010101000
0110001000
0100010110
1000010101
0011100001
0000101110
0001010100
1100100010
1000010011
1000001100
0000010110
0101000001
0010010110
0110101000
1110001000
0100110010
1110100000
1000100100
0111000100
0100001001
1010001000
1110000000
0010010100
1100100000
1100001100
1010000011
0100011010
0001010101
0001101100
0110110000
0001010010
0011001100
0001001101
1100000010
0000110101
0101100100
1010100001
1000110000
1000101001
