10000110000000001010100100010110011110000000000000000100000100010101010000111001000011000110100001001100011010100010010110101000101010101010000110001011100100000000100001001100000000000000100000000011001010000010100011100011010100110001000111010110001101100011100000001001000100111110001011111101001010100101110110000010000111000000000011000000101110000000100010100101011111001000100000000001111000000010010100101010001110000001111100000110010111011011100111101000001010
01000000000000110001010001100010110101011010001001101100001111001110011010110010010100000001001001000000010100010101011010001010101111001101000100100010000100111101001001000001010110010100001000010111000001000111011101000000000010100000111010010110001101011001000001111011010010100010011000110100100000011100000011001010100001001101000001110000000100101000001100001001000010010100110001110100000000100111101100001000100000100000110010101000000111011000011001010000000101
01100000100001100011001110010110011111101010010100000000000010011001011101011010100110101000010101100000001011110111001101010001110100101101000000001100000000011100010000001011001100101100100000001100000010100010000000001010010000100111000000110101000011010111100011010110000101110010100110100111101101000000100110000000011000100011000101001010011000001110101000110000111101000000001110100000101000110010001011100100001000000000000100101101000011110010101100011010111000
11100101000000101010110001010001110101100101110011010000100000010011001110100000000000100001010000110001010111001000010000001001000000011000010000000001100000010100110000100001000001001011100011010001000010000000101100111011000000010000101101011000011000001011001101110010000000001011011000001010010000001000011100000000011101000011111100011000011110100001001101000111001000110010111111100100010000000100100111100000010110100000000000001110001101100100010001111000000101
00000000000101100100010011010000100000000000001001100001110001000110000110010001000000010110000010010101100000000000111010100100000100101100001111111000000010100101101101111110100000011001000010011100100001011011111000010111000000010001000010100000001110010100000110001001010100000100001000010101010001010100010000001100100101000110010100100100000001000010110100101000110101100111001111000000101000000000100110000000100010110001000000010000000000001000000010000000001100
00000101010011011001001010000011001101010110110110000000000011010100000001000010101011011000010001011011100010110100000001110000100000100110100110110011000101000101100001001011010110100010000110011010000110000000100100000010101100011110110101010101110010100100010000001100100000110010100000010000110011001101000000001100110100000100110000000000010000111001000011001000000001010111000100000110000000010000000011001101001000101101001110000110010000100001111110000110010011
00001001100000000110101001100100001111011110000000010000000010000100011100001001010100100001100001010001001000100100111010000000000001010010000001000101001010100000100000100000010111000110100011001010010011011010001000100111011100001001100011000101010110011100001000001101000010101001001011010000001010001000001110100101011000111100100011100100101011100010000001110001101000010000011000001011100110010011100010011100111000010110110000110011000000111100000100011101001010
00000101000100000010011001101000000000011010011000001000011000100101100010010010000010010010100100000000101000110000011000111101111010001001010000111100100000001000001101110000111000000110110101001001100011010010000000010100010001001000001000001010011000101001111001100001000111111001011101110000111111000011110110001001100000001000100011001100100001000001000000000001011110000000000111010000000001000101100001110011000001010100000110010010000101011001100101001000011000
00011101000110110010100000000001000101101100001000000011100000101100000000000111111000010011000000100110100001110000001011010101011010001110011000001001000000011100001000010100010110111000100110011010110010100010000000000011001000000001000101110000000111100100101010100000101000101001100000010100100001111010001110101000000010000011010100000110100000000000001001001000000011011001000101000001100011001111011000010010000000110010000001100101100101010000010001010101100011
10100110100001101101001000000101010110100100010001000100100000000110000110010100000011110000101011011000000001010001000100100001001100111011000000001011000000000100101110100010101010000101101100010010100000001101100010010000001110110111101010101101000100110000010010010011110101100000010011111000001100000110001010001000010111100000110010000110100100010111000001100000000000010100001110100001011101111000000100100001100110000111011100000100010011101001000100101001101001
10010010010001001010000010001001000100110001001001000100100000010101011011010000001011100110101000100000100000010010010001101100000011101110010000000100101100000110010001000101100100010001001111001110000000100011000100000000000001000000100000001000101101110011000000010000011000001010000010101100100110010010010000000110001100000000000010010000100110001011101001010100001011100110011100000000010000100000000111000000010110000000101100100000111101101000100000000101000000
01000000110000000100000110000000110000001000110000010001000001010000110100000100001111000000011100000001101000110011100000000001001000000001100100000000000100010000001000001101000010110000111100100010100100110100111000000000000000100110100000010100101000110100000010010001001000011111000001000010101001000000100100001000010001011000100100001000000100101111000011001111000001110101001000011101000101010001000110001100110000101100100010101000011010100101100001001010010001
10000101010101010001000001100000011100000011110001100100010000011001111010000100011100101000101100001010011101010101000000010010100001000010011000000111001111000100000111110100001000010010011001010000010101101001101001100000001001001010111110011011001001101000100000011110001000110010101011100011010100000001000100000010110010001110001110011000001011111101000101100000100111011000100010101010010100101001010111011001011011000001010011001010000100010110011111000000000001
10110010100001111000011001001000111001001100000000110000100010011110101100000000100001001111011000011101000001110000000000111101000010010000001101000001000111111010100000000010100110001000010010000000000010010100010101001001000101101010111011100001000100001011001100010110010110111100000001001000000110010100110000010100000001011111010101101010001001011000000100001001000000011111001100100111010111001110000000100000001010010000001000100010100000011010010100000001110110
00100011010000000000100101010100100100101011011000010000011101100000001010110000010000001100000000010011110010110000110101001110001111111101001000110010010000000001000100011000110110010001000000101001011101110010000011000001110001001001000010001011110001011010000000001000001100110010000001010101011000001011100110010010010000000000000100110011001101100111000101111011110100011000100110011000000010010110001010100111100100110000000001000001100010000010000101000101101101
10000000001100110001011110000000010101100110001000101001001010101011010000000100110110100100010111000001001000101000100011001101011100100101001010000001000101000000010001000101001010010001110011000100011000000100000011001100101001000011001100101001000000110000100100100010110100010001101100010011000011110001010000110010110000000001110010001110111110000100100000101001111101000101000010000010000001101001000010001010010001000000000000001001001100000000110001011011000100
00010000000000010001001100100011000011010000000011000101000100101001010000011101100001000000000100011101010000001010011010000010000101100011000011100011010011001000000001110111101000100000000000000011011000111100100110000010000100000010111101000000010001101101000010001010000010100001100001100000000000010001101000001100010100010011000000000001010000010000000011110011011100000101101001100101111000010001101101000010001110000011100001110000010010000010110011110000000110
01110011000100110000000110000100100000000000000000000100010000100110011000100010101000100000110100101001000111100011000000000000011000011100000100110010100100000000000100000001010000000000100110000010001101101011010000110100000001000000000100110000000111010101000000010010100110011000010100100010001000010110010001001100010010000100110110000001010110101101001111000000010011000001001010000001000100011100111110100011101010000010000000000001000000000110011000010000101000
11010000010010000000101101000000100000001100000010101000011101111000000111001011001000001000000110011001110001010010100010110110100010100001100000000101101001001101011000000110100100100100110000001110001010000001001011001111000010000111110100001111100000110000110101000000010000011111001101000000001111100001000011010001000011000010010010010100111101001000100010101001000000110001110001001100110010000010001000110011000100001101010000110111011000000010010000100110101100
00010001000000111100010010000001100100000010001010010001100000001001000101001101001100010001111010001000110001010010100110000001000010001000000011001000000100001000010000010100001110101100011000000001000001001110001010000100000000001001000000100001010111001001000000000000001110010010100001000100000010101100000000110000010000101000010001011011011000110100010000001001101010010100110110101110000000000100110000101001111000100000111100100101000100001000111000000010000000
10001000000010100000100001101001000011011100001100010000010100000101101001110100011010100010000000101000000101111000100101001110001010111000001011110000010001011111100100011101010010000000000000000000000000001010101100100010001000001000000100000000001010100001001100011010000001110100010001011011010011011110100000101010100011000000001000001100100001100100010010000111010010000000011000001101000100000001000011000001011000000111101001000100000000001010001000000010011110
01000101010110000010000010110001010101110100001010000001000001110100001010101001010000000010111011110100101101000000101110110100101100001000001000111000010000000010010011011000000011010111000000101111001001000010001000110001000111001000000111100100100001100000000100001011001010001110010100001001110001100110010001101110000001000000000010011010101000001011010010111001000001000011000010100000010000000001110000000001010011100001010000100000111011010100010010011111101001
00010011010100100010101010001001010000010000100111101001100001000000110010001110000010110011100110001000110001001000100000000000101001111010100010011100001010001100000010001011000010000101000100000000010111001101101101001001010000010100100101101001001100000001001010000000010110100000111011000100010101001000110000010000001011000100101000000100101100001110011000000010001000111010100000000000000011000000000000010000010100110100010001110000001100001011011100000000001000
11000111100100001010010001001000010101100000100010010100100000001111100001001100000000100101000100010101100011010001000100110100000011110000000000010001000000001000010001100101001001101000101011100010011100011000010000000100101000100000100110001001000000001010000110011000100000010100000001100000100011000100000100001000001110010110100000110011101001101100001000010010010010101001111110100001100110100000000110101110100000010000001000110111101000010000110011000001000110
11000100101100011010000000010110011001010101001001110000000000110111011001010000010000110001010000010000101011000011010010001011000010111000010100010100100010000000100000100100001110010110000111100001001110000010100000110001000100011100011000001000011000101011010000011000000010010110100010100110100011100000000101110011100001100000000010000000000011001010011010000000001001010101110111001110001011110001000100010110000000000000000101000000000000110011100111100000010000
00001001011001100100000100110000100011000100000010001100110100010011010100001110000000001000001010000100000010010010101000011100000000000010000010001011101100001100010000001110110110100001000001000000010000100001110101001100000000010101000000010011100010000101101000010000001000010100000101000110010000001111000000100110000000000010000100000000101100100000001000110010010010000000100000000001001101001010001101101111000000001011000110010010010101001101010010001100010000
10000000011101110010110000010100011001100101000101100000000000110000010101000011000001000100000001100101001000000100001000111011010111011101001000100101010000000010000110000000000100000101001101111000000001100000011010001011010100000001010101100001101001111101001101101010001111000000001101000111001000001000000000011000010010000111010000100011100100000011000010100010000011000001001000101000111001000100001101101010000000100010011101000010100111001110010110100000100110
01111010000000101000000100000000000000001110110000101011000100001001011100000110000100101100100000101100000011111010110000000000011000010010000110001001000001010000010110111100100101100100010010101100000000001010100101110000100001001000001010000010001001000010000010111010000000001010000011001001000011110100110001100000011000000001100110111101010000100000000000000000110001110000000001100010101010010001000101100011000001110110000000100110000101110001000000000001010001
01111001001100011001010110100000000011101010010000010100010011000001010000100101011100011000110101101001001111000010101111100100000010000001000100001100000010000100011110100111000100010110001001000001111000100000100100101010001010001110011011000000110010100011000110101001011000100100000010011000001001001010001010000111000000010000110010010100000010000011010000101110100101000010000100111010010000000000001000010000011001000001111000000101100100000010100100000010101110
01111101000010010000010001011101000100100100010100001101010111000100111110000110010001100000000100110000001000001001010001010000101100110000101000000100011001110010010010010011011000001100111010101100000000100110011000011100111101010000110010000010100100011110001111000100111001010100010010010000010000000110101111011010011100101001010010000100001111010110100000101011100001000001110001011000001011000110000000010011000111010000100000000011100101010100101100010010001001
10000000000000111010000000000010101001000000100000101100110011100010001010100011010110010000000011001100000100100010001100000000100110010100000110010111000001100001110100010100000011011001001011010100001001000000101000111100010000010001010011100011001000000101001101000000100000000000010100011010000110110100000010011000000011000000101111100000101110000010001100101010011001010111000000000110010111000100000001000011010011001010010001011101000000000101011000101000001010
00100100010001100000100000010110010010010000010000110101000111101100000101011011000000100000101111011111010000010000000000110100010100111010101000000001101000011011011010011000001000110000010000000111000001001010100011010101101111001001010000000100100000011011010010101000011101010100010000001110111010111011010000101100000011010000001101000001000100110100110001010111111101001100101001110000100101001110000100101001000001000110100011100100000100101000000001110010000000
00110010000000000100100011001011100101000010000000000001000010000011011000111011000001000000000000100101100001011000001001001011100100101000000001001100001100000001011011000100101000111000010000000100010010000000100001000001001000010010000000000000100010000101000100011001000001000011011111110000000000001101101101000000110100100000100010100001011100110100101010010001010100000110110101100010000011011100000100010001001100011101100001111101100001110110000100001101001001
00010000001110010000010010001101000000000000010001010000100000000100000010111010010110101100000000110100101001000000010000100010010001111010000010101000000000100010100001111001100010010000001101000011011010010010011000010000011101000000011010000000000001100100101000100000100011100000010100000000011001010100001011100001110010101000000001101000000100101000001000000011001000100010010000110001110110010110111100100011001101001010000100001000001001001101010011010010000001
00000100010100000000101000100010010110001000001000111000000110011111001001001011000110101001110000000100101001010001100000100101010000100011010111000011000000001100100001010000110000110110100001110010001100001100101000011010100111010000100001000011011100001100000010110111000001011010100101000000000110011000011000011001000101010000100110010000001000100010001101100011000001100000101000101010000001101110101110010100101001100000011000000101010100001011010000010100010000
10010011101000000101000000000010010000101000000011000010001000110101001010000010010011110001000000000100110000000101110000110001101000000010001101001010101100100000000101010101011101110001001101100000011001101010011000000100000000000000000001000010000001000000010000100100100100010010001000000000111110000010010000000000000001000001100010000000010001000001000100111010110000100010000110001100100000101000100000001100001000001000010000011101111001101010010001001101001001
00000110001110000100011001100110010010100101010000000100000000010100010100110110100000001100001100100010100011111110100010001101110010000000101011000101011010010010010101100010100001111100111010010010010000111000010011000010000010110010010011000000110000010110100010100110000100010000001011010000010010111000000110000001011000101011000111000100001100000100110000000001010000100001110111001110000000100000010000010100010010011000101100110111001101101100001010101100010000
00001001010011101010011110000100010000000101000111001110000100000001111010010101100100101000100000011000010110000110000010110100110000110000010011011011000100011001010011001011011100010000001100000010100011101000100101000010111110100000000001100101100011000000000100000100110100101000001000000110001000111101000101100010011000101011110010000100110000110100000010110000100010000010000010000000011101000100100001100110110000110000110000100000010011110011000000101110110000
00110000101110100101011011011011100100000110101100011010001000110001000100001000000001110100000100100101000000001010110001101010100101101100100000011111011001100000100000110000011101000000001000010010100010000100000010100011010100010000111100100001111010100000011001100010100000000010001101100000001100100000100011110110001000011100011000100101111000000010101101110000000111000000011001000000010001100000000010100000001000110000100000001011000011000100010001011110000100
01100110010100010100101110101000010110111100111000110110000110010101000011000010001000000101010110000000101100111100110000110010110111011010011000010000000101000001100001001000100111001010100100101001110100001100100100010010001001010110100000011000110001110011111001101100110100101000000000011000000100101000001000000101100000000100100010100010011000010000011110011111100100000000010010110011100101001000100001000011010000000110100011000100010101101101100110000000011011
00110000010100000111001011110101010000000000100000011010011011001000000010011111100101100001010011101000001010001000100001100000110001000010011000000010011000001000010100000000001111001011100100001100010011110000010000100000100001000000110010001111100000000001110001000000001001100100000100101001001000100000000000100011100100001000010010000100101011100010001001010100100011000000000000001111111011110001010010001000101001001000100001010001000000000100100100001101000100
10000111000101000011000010000010100000010000101011101000110000011100011001001000000010000010100001100000100101101000001001000000110110000000000001100001001000011110010111101000010010110010001000110011100100101011000001001001110000110100001101001000110010101011011000001010110100000010000000001001010010011000000010001001001001100000000000001000011001111001000001010100101011110000101000100011000000000100000110000010000000100001000000101111100110100001000000000000100010
00000000001111000001000111000001110000000100011110100100001001100000101000111001000001001111010110001000100000000110000010010001101000100000101001000011000110000101010110000001101000110001000101001000100000001100001011010011000101000100001111111111110010000010011100001000110000101000010000001000001000100010100000011100001000100001010011000110011000010010000001100000100000000100011011001111111010010011010110001010000011110010110111010001010010001001100011100000010001
11000100101111001000000101000001010000011000010001000010100111011010000001011101000000001010001100000000001000011100010001100111010000000110001010011011100000010010000011001000101100000101001010110101110000101000010001000100010000001010001101010010100000000100011010011111111100011000100001000001001011110101101000010000111100010000101000010000100010001100111100100010100100011010000000000110100010000001001110100001101010011100011011000110000101000010000000100000001101
00010010101111100000000111000110110011101100010001000001100000101000000001100011100100110010000010100101100100101001100000110000000011100000110010100100101110001101100000100001001110110000000011011100010000001010111010000000110100111010110101110000000001100110100110011110000100001000010111100000100000110000001010000100000000010000010010100101011000010001010010010010101000110000100101001001001010000000010000011110000111101000000100000011010000000010001010001000000001
10000100110001100010011010010100001001110100010001000100001111110110000010000001000000011000001011100010100000011010001010000011010000000000100000011000110011001000110001010001010010010011101000110000100000111000000000010001001001000011101010101010101001000100101100100001000000010000010000100000100111101101001101100100010010000110000111000000110000001110000101101000010110001001110000101011000100001011000100010000111011000110010000010000000110110010100010011000000010
00101000000000010000000110011001000001000011000111001000000000010100010011000000000100100010001011100110000100001000101011010001000001000100000010000000000101101010110000101100000000101011110010000100010000001011000000110000011101111101101001111000010000000001011001000111100101010000010100010100001000101000001010111100010011101100100101110000000100000101000001000101000100000010000000101001111110001000001000100010010111100011010101000100111101011000110010101110100001
10001010101000110000100001000100111001001111010110100010001000010100101001000110011101010011100001000101110101000111111000101100010010110000111000000101100001101010101110001011011010100000000010110001010001100001101000010010000000110110001100010001010011001001000010100011000100000000000110010101001001001110000000011001101001011011100110100110011010001101001100000101011000100110101111000001000000110000101111011010001000010010000010101011000000101110110000000000010011
01011000010001100010001000000101100010110000000011010001000010001001010001000110100001001101100000101110001100000000000011100011000011101111101100000101101000100000101001011010100000000111000001011011011101001110000000111011110000000001101001100000010100011010001000100000010010110101010011100000111000100001011000001010100100000010100010100010000011010111011100000001110110100010101001011010000001010000000100001000001000000110101001010000000101101001101010011000001000
00000000100001011000100100000011110000000011110100010101000001000001101101010000100000011100100100000110010101100100100000000101000100000001100101001010000000001111000101000100000011101011001011111001010010110011110000001010001101110110000010100001100001100111000010000010011011110001011000011100101110000101000100000100010100010001101000110010000000001100010101101110110001001110001000000110100000011101100001000001000010011000000000000101001000110110000001000110001000
00001011110000010000000000001001100100010000010100001000001000000001000000000100100001111000001011001101011001011010101011000000001000001010001000101010101101001110101000110100100001001101111110001011000011000010001000101000011101100100001000000010000101110011010111010100100011100001100000100001011011000101000000001010100011000001010101010011001000000100000100110010000001101101001101001101010101101100110000111100000010001000111110001010000001100011010010010010000011
10100000101001010000010100010000001010000011000000000010001100010000100100010000000011100001000101001001010000000011101010000010010011000100110110000100010001110000011110101111100000000000111110101010001000011100000010001011010000000100010011011000000010010001100011000110001001110010100010000000000100010000000000110000000100100001110001000010110001110001000100000000001000000000011000100111000100010100000100001101100110110111000010110110100000001100100001111011100000
01000101001010001000111001000000001110000110001100000100001101001010100011000011000000010011101000110111100100100101010001001010010001001011101000011100010100100000111011000011000100000010100101010111000110001001000110000010010101110010100010000111001011100010001000000100000001000000010100000000100001100001001111011000100000010001000000100100100011111011000001110001110101000000011001100000000100010010010101001110000100011011100001001011001010110100101011010110101001
00010010101000000001100000011110000000001110000011010001001101100101000011100001001100100100011100100111001101000000010100011110100010000100000001100000000001001101000110101100000001100000000011000000001001111001111100000100001000000010001101011000000010010011011010000101000100110001001000101100111111010111100000111001001000010100001111110001101001000001010001010101001010110000000000111000101100110011001000001000100010000000000000110000001010001111001101110111100000
01100100000000010010000001010001000101000000101100101110000000111100000000100000000100010010100001010000000011000100100000001100110000000000010110010011011100010101100001101010010000100100000001001010001001011100011101011000101001010110000100000010001110110111000011011010100111100101000100010000000011000010100000001101011001000001101000101001001100000100101000000001010010010000000000001010001000001001001001011001101111000001110110101101001001010100010000001000000100
01001000000100110010011010000100100010010000000000000111101000000100000100011000011001000100000000100100000010010000011100000001001010100000010110001100000000001100111000001000001101100000001100000100001000100000011000100010000001011010110001010010000101000000000010010101001101100010000110010000011100000000000001001000000100101010011010011001010101010001100101000100011100011000110010011110111101000000000001101010010100001100010010100100100011101010100100010110110000
00000101110100100000000011010010111000100000000110101110111100100000001000100100100110100010000000010100010101010001001101000000110010011101100101000001100001111010001111010000100001000000001000000000000011000001000001000010000000000000111101000010100111010110100101100010000000000101001100001000101011101100001000000000011111100100010100010011101000000011001100000110000111011000000000000100010000011101101101000100100100101110111100111001000010010111000001001110100000
00001011000010010110100000100000100001000010000011001101101001001101000010101100000010100000011001100001000000100100010000011000100010000010000010011001100001100010011001010110001101001100111101010100011101011100110010100111001000110000000101001000011110110010001100100010010000101010001011101011101101100000000100110001010001101010011011001000001110010100000000101000000011001001100100101110111000100000000100001110010110110000010000000101110001001010110000010010000110
00010101000010111001000001100010100001010011100000000000100001011110000010101101001110000000011000110100110011001111110100000101000010111100001001000011100000111000111001000100110110100100010010000001010100011001110110010000110010011011100101000001000100110011011000010000100101100000000101110000000010011101000011010011110000011010010000101010000000000011100010001100111100010011111110000011000000100111010010010010001000100010100001100000011100001011111000000010101100
00010100110110010100100111110011011110001001111011001001101000001011010111010010010001000011001111001001001111010100010000001100001001001000100000000100101000100110000100000110001100011000000001110100010100000000000001100111000101010011000110001100100100110010011000000001001000001010110100011100010001110011110001100001110010010101101001010110100000011101110111011110111000010000100001100101010110100000001011110110000110000001100110000000000000110101100000010110010010
00011100001010010001010010000010100110001001101010000101000110001100010110000100011011001011000000110000111000001100000101000000100000010000001000101000110100000010000000100100101000100001000000000001011101000010000000000011000010101000011001000100101101001111001001010010011001010110011001001010010011011010010001010000100010011010100000100010001010000100100000000110110100000000000000010000100001101100100010100101000100111001100100001100101000111101111100001011100000
11010111011001000001100010000100000000000001100011011110100010011100100000000100101000000000010011111100100011000100110001011111010010110011100101001001001100011000001100100000010000100110001110000100010110001010001000101001100100101000010001000000001000110101000101000010010100011110011100000110000000011100111001000010101000001000110110001111110000101000101000000000000100001101011100111111110111101110100001000000011111001101001000101000000001111110010100101110001100
00001001000100110110011100000000010000100001011001010001010001011110000000100100000101000100010000001110000101100010011010101010001000001011000000010010000111001000000001000000001001000010101000000001110100000100010011000000001110000001000001000001100000000001000000101011000110010010110000110110010101000000100000001001100000110000000100000000001000000110010010100001000110000100111001100101100000000011001010001001000101110100111010001010000100000100100100110010000000
00010000110001100001011011100001011001011001101101000000100011110101000011011100000011011000010000001000100101010011000110000111010011010101000111100001011000101000011010000100010000110000101010001011000011010011110000001101000100011010000001100000010010111110001010010000101011100101101000000100010101000010001000000000010000000100000001010001110011111101001010000000100101000001100001001000001100101001000000100001000110000001101011000101110100000100000001010001000000
10001000010100001001000001111000000100110111001000101110010101010010111101010010010010001001010001001100011001100101000011100000000000010010100001000100100110010000000100000010000001001010000000001000110100110001100001110010010010010010001000100000100110101110000010010000110101100101001011111001000110000001100010010001000011011001110000000010010010010010010001001000000110000001000001110000111000001001010000000000010000011000100001011000001000110100100100111000100001
00000011000000101110101000101101010001110011000000101110000001000000100001001011010101011110000110000000000010100000011010011100110101001100100010000100010111000100000000111011001100000001010010000000000000011110000000001110011000110000011010010101001000101100100000000001111100101111001111011100001100010000011100000000000000010010110010011001001000000001000000010001100010000110000001110010100001111000100110010001010001000001010010010100000110000110010000010000100000
00100000011101000010010100011110000001010010001100000000100000011010101001010011010100011010000011001000010000101010100001000010110001110001010000011101110000110101000100100000000010001001000011101001110010100011000100000111001000100000110100001010000000000000101000110100000000011001000000100011000000100000010001101001100000000010100100110100000000001010000010001100000100100101110101010100010100000010000000100010000110011010010000000101000100001000101001010000101101
00110010000101001110010000101000011000101010100001000000000111001001000001000000000010001010100100000000010010111001001101010100100010100000010001000001110010010001001110001001011010001100011000000101011011001001011100011101100110110100111101100000000100011000000100000101000111110000001110010100101000000010011011110010011010010101100000101110110000000000100110010001100010001010110000001010100100011101111011000011000101000110000111000100111000011000000000011011001000
01010100100010001100101101010010010110111100110000000101001101010011100100111100000001000000000001000100000101010010101100000000101010101100010111000011000010000101100101000010101001110000011010100110010011110001101001000000000001001100100000000000001010001101110101110000110111001000010110001010110011000001100001101000011001100010000011000000000000100110010001110000000000101001001000000000011000000010110011100110100011001001000001101100011100000010100001110010101101
00010000011010000001010000110001010101110100011010011000111011011001101001111100000001100010100000001100110000000101000001100000100110011000110000000000010001100100000111000100010010100011110100100100100001011010111001000010000011000000000000010010100110100000001000000001001001000000000001110001011110000110000010001010000110100000011001001000000000010111001000000011011100000010100001111000110100000001001101001000000001000000001101010101110010100000000101001100000010
00101010000010011001110000100010100101000010101000100100000001010001000001100010010110000010100100000010100101000000100010000011001100001011000000100000010000000010000111110101010100001011000000010000010101001101110000000100001000011010101000000001100110000000100110100001000010011010101010000100000000000111100110000100000000000010001011100000011111000001000010000101000000101000000000110000111100000100000001011010000010100100000001100100000001110001001100001100000010
11000010011000000000111000000011000100000100001010000000010100001000100000101011101110010011100000010001000010000000001110000001001000110010001000100000001100001011000000010010000010001101000110000000000010000010000000100110010010000101000000001000000011110001000100001100000011101010000000110010111000100010101000101000000001001001010010000001001011101011001001111011101000111001000010001101100010011101000000001101100100100010000000001000101001011100000000100000001011
10100101101001111001101001010101100100110101000000111100000101001000000100000111000110100001100110111101010000010110010100010101010011000010010011001000001011011010110001100100101110001001101000111000001011000000000110101000011010000100101001001000100100110000011000101110000100010010111110000100000101000011110111000000000011000000110010100111000110010011101100010000110000100000001101000001001101000100001110010000001000010000100000110100110100011010100011001001110001
00100001011000001100010101001100010000101000010100010100111011010001110110011100101100101000100000110100011001100011001101011011101100100000011001011101111000010110000010010000001001001100010100100000001000010001010110100010101000011100011010010000100000010000100000011001001110111101000110001000010011001000101000001010000000010111000000001111001010000000100101010000000101100110000010100101000100110000000000010010010000010000000010011011110100010011111010111101100010
00100000101110000010011100001000010000101000100000011011000100110111101111000010100010100001000000001100000000010110001000000010100000010101101100000000001000101010001000010000001100001001110000001000000000010010001000000010100111001010010010100001000001001100000001000001000111101001010000011011010001100010000001101010111100101001101100000001101011000000101011101111000000000100010101001001100100000000010100001000100011100100000001000001000000111000100000100010100000
01101010010010100101010000110100100100011000000011000010001101100010001110000101010010110101100001000010000101010110000000000010010010100000000001000000010011001000010000010001001000000100011001100110000100000000000001000100100010000001000000000001000000001001110000101111000001010000110001000000001000100101000011001100111100000110000000010100011011110000111100000110111001011000110000101001000001000100001001000100010101001110100101110000101111001010111000000101100000
10101110001000101100011111100010010100010000011001000000011000000101101001000100010000001101101100000100111100100010100000001001011010101011000101101000000111000001001110100110110001101001010110000011111100000000111101100110010001011011111000010000101110010101000100100000100011000111100100100010110000000000100000100010100010110110100000000001010110011000001100100110010100001000100111110100100000001000000101010110100011111000010100010110010000100000000011101101000000
11000001011001000100101000110000100010010000000000100100110011010000010001000100000011010110001110000110110100001110100001101001110000000100101001001001000100100101001100000000001000010001110011100000010010001011001100011010110111011000100000001101000000101111010000101100001111000111101001000111111111001100011011110001001010011010011000000100000001100010000100001110101010010010010010101111101100110110000101100000000000000110010011001000100000011000001010110000000010
01011000100111100111100000000000010010001010000001011011100001001010011001111100001001010000010010000000100100000010110010010000101000000000000010100100000100011000010000101010010101000000110000001011000011001001110110100000000100010101001000111000000110000010110011010001001110110000000010000000101100111110011110101001000000110000010101000010000001000000001000000100001101000001000010100100110000000101001000011011100000100001001000001000100010100100110001111010000100
10001011000000000001000100001111100011110001110001000000101100000000001000101000011110010110000000111011100000100010010010000000101000011011011000001010000011001010011100100000001011011001000110011110011001000100000000001000100000001000010011100100100001000001101001110100111100000000100100100100010000000000001110111010100000000100100010100001101000010000000000011010000000100001110000000001001000101001000011110001111000010111110100000110100110011001000010010011010010
10001000011100011110011100001000000010001010000001010101110000001110101000000110000000011000001001101001001010001000110010010011110000010000010000000011100000011011001000100010000101000010000110100101000000100100001101100001001101101001000000100100011101001110000100000100000010011011100111110000001111100011110011001010010111100011001100110100000101001000011000000101000010110010000011111001001100000000001010000011100000010110101001110010001001000011000100000011000100
00000101010001011000000101001001000100101100001000000000011000001100001000110010110000010100000110000011100000101100000101100110100101001000111100001001000001010100100000010000000000000101011010111000001100001001000010000000101000001001100100001111000010001000101111110000000011101000101011111001100010000001000000000000111101100101001101100010010100000101100101000010100000001001000010000000101000110010001001000100001111100000011001001000000101100000011000010000011001
01101001111001110000111001011000000110001000001001010100001011000100000000000100010000110011100000000000000010000101000000010001001011001110101100000010110000010011010110110110100011010010000001000100101000000100101100111000100010000010100011010101000001011110000101001010100101100000001000001110000000010100000000000011001010110101101000111000000100111100000001010001010010100101010000000001111100010010001000100000100101000100001011000000000100000000100001100000001101
01000010000000000100111011010010100010110000000001000011110000000110101010000000101000010111000001010111010000010000011000101000000101001000000000011000001000101000000000110110010100010010000010110110011010101000100000010010000001001000100100010110000111001000001110100101011110000010110100100101000100001001000110000100010001100010101100100010000110000100010111000101000011000011001000010010100001000010000011000000000001110001101101001011111000110111110011100000101000
10010100101010011000101110110100011011010010000010001011000010001100001110010000001011010000000001000111100100000110100001000000100000001011100010101100000100001001010101000000100000100000011000000000010011100000010011000011000010111000100011010010010010000001011100011010000000000001101111111000000000100000100111010010000000100100000000000111001000100000010001000001100110100100000000010000001101100000001011100000000101100100110100101010010001000010001000000011001100
00010111110001010011010110100000000011000101000011100011100010101001111110100100101110011000000011010110110100001000100100101010100000011001010101010110010000001000011000111101010110000111001000110010100111100010000010001000001001000001000001001100000101000100010100101101100011101100110100100110100000010001000111110011000001101010011001110010101000000100000100001011010001111110010100001000001000000001100001011110011010100000100011000000110000001010000100100011110100
00001001000000000001000001110111100000000100000010000000001110100100111110000000011000000100110111000000000010110111010100000100001101100101101010001011100011000110010000101101001101001001111000011000000001010001100101100110111101101000110101010010101000001001000000110000001000000000000000001000001101000001101010000000000111110010000001011100010010110000001110100000001011001101000000010100011100000001101100010110100010000000100000010010100000001011000000000111001000
11111100000100011100101100010110100101000001010001010011000010110010000000001000000100100011000001010001000100001011110000100100000000001001010111110111010100011100001000001100000010011011001000000000001111110000110001101001010000001001000100101110101101000000100011001000000000000010001000000000100000100011010001100011100011010010010011110001100000001000000011001100000011010000110011001001000101000010010010000001010001000001000100010101000010000100111010010001011001
10101010101001001001000010010001000110101001100001010010000100010101100000011001010000100011100011100100010001010110110010000101001000000011000000111001101000000100010100010000010001000001000001000000000001100001000000110000100000111100110100000000011100100010000000000001110010000000011111100001101101101000000001001100101001000101001000000010111010000100100100001010000001000001000000011111010100100001000000000001000110001010000011000000100000011100100010010000100000
00100100010001110110001111100000100110101000100101100010011000000001011001010101100011001000100000000010100011011000110011010000000000100011110010111001100010001000100110001010010010110010000011100100100000001010101001000001010000000000010011100010010001001101111100001000100011000111100110111110010010010101001010000000100010100000110000111010001100000001110011001100100001001000001001011001001100011001000010101101010000101101000100011001000011111011111001101010100000
00010100100010100000101100010001000011010011110100100000101000000000100000101010101100110000001010011011001010110010101001100011001000000101111101001010010001000000000100001100101000100101111100000000010101101100000110011001001100001000011010101011101010101011010101001000010100000001001001110000010000110000000100010111010101010111111100000011001110000000001100100010001100001100000011101000000011001100110010000111100110010010110001101010010001000001001000100011111000
00000001101100000101000100100000001000010110111100001010100100101100001010000100101001010100000101000000111000010010101110100001100000000100000101010000000010000010001000000001001101011100000000111010000000000110100001000000000110000000000000100000001110001010100011100001101010010100011110010000111100000000000100000001000101100001000010011011000111100100011101010101000110010100011111111001000001111010000000100101100001100111000100001100000110110010100110100000100000
01100100101111000010000111001000000000000000100010011101000110011000001001100011001000111010000001110000111100000000110001110011000101110000010100010011001000100010010100100000011000100000001011000001010000001100000010001010101001000001010100101000101110101000110000000011101110100110011100110010000001000100000100000000110011101000100111010000100010000011011011110001010000001111001000101001001001000101010000111000000110111101010100000110100000000000000111001110000100
11001100001001001000000100110000001000000000101000001001000111100110001110100101010000110000000000100100001101110000110110111110000100001000000101111000011100011000010000010110110110010111000101000100101101000111011101011000011100111000001010110111010001010010110100000111010000001110101010010111000010001100000000001001101110000111001001001010010000111000000010000000000001100001001011100010111001000101010101010111000100010010011010010110010100111100010000000101110001
00010100101000101100100010001011010001010100011010000000010000010010000100100000000111001010000110010000000000001010001010000011000000000110000100000000011000001111000010011011011000000110100110000000100010110111100010000000000001001100000011111010001100000011001000100100100010000100001000010110000011000110000000100000001010110000001010010001000011010000111100110100100100101110101110101010010100010100010000101000001001000010000100000010010001010000101101010010101101
00000000101001000100110000110011000000100100101001010010100000000001001110101011101000100000001110000110101111110101000011010100000100100010101110100001000100000010010101010100000001000110110000001110100001010111110000000100000000111100101000010000100111101000001110011100010000100000010001110110100000000000011011001000110110110001111010100011011000010000010000100100000001111010000010110010110100101011010000011010110010100011011000100111010000100000001000000110011011
10000111001101101011100001001100001101100010011010110010110001100000010000100101101000100101110111111100010000000111000001000001010111011011101011000001000100000100010110011100010110010000110001101000000000000101110001101001101000000001000111110100000100101011101000100000000000001000011000110011000000100100011000001000010010010100101000001000000101011001000001001000000100100010001100100100111001100100111000011110100100000000100010101001010100000000001000010001001010
01011111110001010001110100000011011100100001110001011111000100010100010010011001011000000011011000100000101000000111001100100100010000000011000001001111011001000100010101010000101000011011011101001000010011011000110010001000110110010010000010111011000000110100011110101101000000011100011000000000101010100000000010000101100001010001011111101010110011001100000000000110100100101001011111101000011101111000000000010100100000110000101001110001010100101011100100001100011001
10110110110101111111001110010000010010000110110010001010000010111100100100010000001110110101010010001001000111010110010000100011010110011100010101100110010100000111010000100000110100100000000100100010110000110011100001011010000011110110001010001001010101000110000010010000010010111000100000100100010000101010111000010011110101100010110100000000100100011101010000110001001000100101000110111000101101101000110001010000000000010100001011111000001110010010110011000100100101
11101010001010000001010100000111001011110000110000100001100010000001010010101000100011001010000110011110001010100000111000011000010110110011000011010000011110101000011011000001000010000100111111000011000110010111000000000000001100110100101001101100000111001010100001110011110010001001001011100001101000110010100001010001011110101001110000110011100000010101000000100010011000010100001001101111011100010010010001110000000011011000000010001110010001110000110101110010010001
