010000000011111100000000000001100010001000011000001011000111100001000000100010010000000000001000000001010100110110010100010110001000010000000010000110001010101010001001101001000000011111101010001110000000001101000000100000000001010010111000000011001110010010100001100000100010000010100101100100000101000010011110101000001110010101101001100010000001000010010000010110001010100000000010010000000001100000011011000000000010
000110011100000000000100001011100010000110000001000101010001110000100000000001000001010100110000111010001010000011100101000000010100000100110100100011001000111000000011000000011001110000011001111000011100111101001001010000010110001111110100110101100100000011000101000110111000000100000010000110000101111110110011100010100001001000111011000000011110110010101110101011101101100001000001110001011101010100001101010010100010
000100000000001010101001111010000100011101100100010001000000000000001101010000011110010011000100010000011110000011010000010011010010010000001001110010110010001001000000010000110010000110010000000110110010110000111000011011011000010100000000000001100011000001000001000000100000000101101100001000010000001000000000001100100000100110010001010000001000010100101010110100010000010000100110000001000000010010000000111001101101
111110100111110100101001000100101000000010001010000001000000010000000000111001100010000010011000000100001000101000000100000100110110000110010000010001010100000001000000000001010000100000010000001000011010000000001000101010000001011010000000100010000101111001000100011110010000011010110001001000000001001001000011011000001010100000110010100000001110000001000110001111101100010000100001001010010100000101110000000000000110
100110000110100110101110000000001001101000001000000110100010011001101000100100000010001000000000000001011101011101011010000001000111001001000011100010100000001010000000101001010000010110101000001100110000000101100011000011101000000011100111010000101111100010010100110110110010010100100010011000011001010110010100101110010000100100001110010110011100001000100001000111010000001101001110000001100000110101100010110011001000
001100000010010001011111111010010100111010101011011000010000111100100011101011100000000100011000010100100001000101110010110000000010101111010100110000000101000010001000100001100000010011001111000100100000000110000000000001111101011110000001001000101001000100000010010011110110000001100010110000001010000100000011010101110101100010000000001001001001110011000100000000000011110000000000100100000100100011010010110100000000
111100100100100010001111001100011000100101010010011000001010111000000100010011100100000010001110000110100000000100111011110000101010100100010000111100001010011001001011010101110100001000010100100100111110000111000100000101000101011010011000100110010100000001001000000000011001010010011011011001111100001011111011010101011001000011100000100000001000111100010000100001010000101100110100010001110010101100010000100010100000
110110000001110011010101011100010111000011110010100001000110010000001110000101000110110101000100010011101100100000000000000010000011001110011010000011001111000111110000111010010000100100001000011001010011110100100000101111101000111000000001010011000101001000011011000100000000101100010110000100101000000100011001001000011001010010000110011010010000000010110110000010100001001010010010011011100001001000000010111011001001
000010001000111111000010001000001010001101100000001010000000000000000101100011111001000110101000000000001100000100011000000010001000110000100101100010100010011011110100001101110001001000001001100111101000001010000011001000100000000101110010101001000001000000000001001000101011001000100101100000001111001011100010010010001000101110010000010000101000011001011000100100000100100010010000111001110000101100000010001111111000
001000101010001000000001101001010001100000001011101001000000011001010100001000000101001000101100011100001001011001001000000111100000011010010001010000010011010011101101000100010000000011100001100100010110101100001001010100110110000110011000000100000100000110100010000101110110101101001100000010011001001000101101010000010000011100010100100100001110100101100010001011000101000100101001011101100111110010110100010000000001
010000100010110011011000010101010001100010000010100010010000010010000100010001000000110100000011001000000001010011111000010010000100100010011011000001001000000010110101000110100001010110000011011000001100001000000000010000000010110001001001100111000100011000110101000000000101100000000011010011010000000000110000000000100010001000001100000100000110001010001111000101101101010111010000000010000111001000001001011010111011
000100000100000000101000000000000000000010000000100000010001000000101000000011011001001100101010000100010000001100001100100000100000000001011101000011100000000100101101100000100000001101111101000100010010000101010000010001101011010101011100100001110101011100000101001011000001101001010010011100000100100011010000011000101000000100010001100001011101000000011010000100000000100001110100001001011001110010010000000010010010
000010000000101001101101000000100110001101000011000001001010101100010011001001000100000000100011000110100101101011010001000010110101011110110010100110000100001001001000111000111101010100100010110000000111001000010101000110100001101101010010100010111000001110000100100100100100010101010010100010000010000000000000000100110000111101010001000111001000000011000100000100000001000111000011111100110111001101000101111000000110
010111011010001001101000110001111001000000110111001100111000100000000010001001100110010010001010000011010100000011110101000000000110001100100100110000010000010000111010001100111001000010010011100011001110110111101100111100101001111110010101000100000001010100000100110000111000001011100110100000010101001110000100011100000111001010001000011000101111100001000011011100000001001101100100010100100000100110000000001111001100
110101101010010101000100101000011001000001100000100011100010101100010000101000111110000001001011000000011011001010100000010001000010000010000101111000000001000000001000010000101011000110000000000011110100110100000110010001110100000000000010101101000001010000000001000001100100010100000000110000001001110100101101000000011101000000101101001000000111110000000100000001100010111010100100001010001101000010000000011010010100
010010011111110001000000000100000001011110000111000011010001111011101000101101010001000110000000110101000000000001001100100101000111001000100001010101100001110010000000000110100010101001011011000110100000000001100011001101100000010110110010011000101000101100000011000101010110011000000000100001011000000001010000101011010000000100000101010001001001000111000001001010000010001101101000100001101000101010101001000000000100
000000100101011001100011100010000100001110001010101100011000001100010000000000100110001000101000011000000010011110101100110001001111110111000011011010001101000100000100110011000010011000000001101001000011101010010011010100000110101001011001001110101100000100011001000011010101111100100011101001010111010000000001111010111110101001000010110101001010000000001001011001001100001001000000010011100111010000100110100000101011
000100001010110100000001111010011001100110000101111110011011001000110101000110000100000000010100100000001010001010000011101110101110111000000110001000000100000111100010000111000010101101011101010001011011100000000011101010000011000011100010010010010010001110100110010010000000010010100100101001011111000000000001100100000100100001000110001001001011011000100100100110010110100100000000000000010010001100100010000011001011
110011101000010001110010010000010001010100110011010100100001000011000001010110001100001001011000111010010010010011011001101001100000001010000000000001111011001001101001000001010010111011110100011000011110100001000001010000110011100000101001010100100011000000000100111101010011111011000000101101000100000100011001011011100101001001001100101010001100000000100100001001100010010010010010100100101010010100001001000000100001
000001000011011101010111100011010011001000010000011000001000001100010000100010001011001011010010100110111101000000000000010100010100010001100000001001001100101101011110111000010010001000100010000110101000111101111011000000010001110010101011100010110101000100100011100111111000011011010011110000010010011001001001000010000000000010000001100001011111010110010000001000000010001010000100000000001110100000000001010100010000
100010101011010010100010001110101011111100010001000001001001100010001000010010000011000000100110100010100011101100000101000010001010000000101100110000101001001101010101010000010010100001001000001101000011001010110000100000100000001000100010100100100000110101010110100100010000010000110110101111000010000001001110110010110001001011000011000000100001010100011111010010000011100100011110110001100100110000011111010100000110
010010010100100000000000101001010000000011000100110001100101100101000011010001100101101000001000000000000010010000010110001000000010100001000111001001000011100011110011001011001000000000001010010010100110001000011010010001101111111000000110110111001101011000010110000101010001101000110110000001011101000001000001110000010000010000010011001101001101111000100010000001101010010000010000001010000010001000010001000101110100
001100000010000101001000000110001000011000001010001110000000000100110000010000100110110001100010000001100001010011010101100100010001000000001010000001000000011101001100000001100000000111010000011001110000010110000000000000000101100100001000100010110011010100100000011000010111100000011000100110101001000010111000011000001101100010000001001100001000000010001000001001000100011111000110100110110000100111110100010000001001
000100000101011000101000000100010110011110000010000000001001000001000000000010100010000100000001010110000000100001110010100101100001000001101100000000110110000001000110001001000100111000000111100100100100101011010100000100000011111001110001000110011110100000000000010000011011010000100100011110100010110001100010000000110001100000011101000001001000000010000000101001000010011100000000011100110001100000010001000000110000
101101000000011000010000100001110100001001100001001101010101111000000100011001001011011011011101011010010010100100000100100011010110001001100000000001101001001000001010000000001001011101000000101001110010000110101010100000000010100100000100111000101100010001011100000000100001101101101101001110000111111001100110010001110000001011010000100001110000100110110100000100000000110100001001001110000000010000110101110001010010
001100000110001011011000000010010000000110011010110000100110100011010000100100000000001010000001011001000100110000100000001101011000001101110000010000000000001110100000100000000011000010010100100100001010101001000001000100000100000001000001001000110010100000101101001101111000100100100010000000000000001101011000100000001010010000011110011011000000011000100000110010000010000111100000001100001001001000100101011001011000
010110000001101100000100110000100011100000000100010010100101001011000010011010111000001100000001001001000111100000001001100010011000000101000011101000100000000100001100000100110000001010000100001000010000001000100000010011000001110000100101101010011000001000000100100101000110101000000100100010100001010011000000101010000100110100000010011000100010100100110010100000000001111111001100000011000100110001010000000100100001
100010001101100100001100010001000101011001011011001000100110001100001010100011001100110010111000011000010100000010100010101010001010101010101000011000000101001100000101110110001001110100100000110000101000000011000110110000100000000010100000000001000101000000001101000000001101000101001110001110000000100001110010010110010010111001001100111011000110100000100000100001111010100001111010101000000100111000010100011011010000
111011011011010110101001011101000101001011010100001110011101010010100100100100001110000011100000111100001001001000110101001010110100010010000000100000000101010110110000010101011110010010010100010010100110000001101011000000010000111100101000010001011000001010111100000000000001010000010001010111000010000110010001000000111000010000000001110001111000011100010010110101011100000100000101001011000001001010111001110000100101
000010001011101001101000000001000000001000000010100000101100110110010001110001100100100101010101110001111010000100000000010000101110111100010000000000010010000001000001000100101111011000001100000010101011000000100011101010001101000000011100000010100000110111010000100101110101010000100000000011001010000101011010110001011110000000101001101111011001000110101101100001110111000001001000110000000100001000001010000001000100
101000011010011010110110011001110001000011001100011010100010000110100011001001010011011100110000000011100001011001001010010101011001010000000010000000000100010000110110001010000100100101010011100000101000000000010010000000010010001011010000000110011000110110000010011110110000010010100100101000100001000111010100000001001001001100100100011011001110001010000000101011011010010100001000110001000110100000010111010000011001
010001011100000100100000000001000110000100100010001010110000001000011110000101100100000000100010000011110000001000011100000100111100010010101001000001010001101000100101100011100000000000010001100001100010000011000001011100001010101100011111100011000000000101001000100010000010001000001001100000000010010110000011110100101111001100010000011011000011000000000110010100001001010010010010010000010001001110010001001100101100
010101000100000101010011000011010101001000010111010100001000110010011000110000011011100101000011011001100100011111000110001000011001001010101010000000001010000100001011100100000010001101100111110111101101100011010101001001001001000011010010010010001000100001000100111001010001010100010000010010100010110101000100111011000010000110110011110000100100110000110100000110011101011001001001000000001110110010000100010010000000
010010000001000110010011111011000010000011000101001001000100000111011000111000000100000010100001010010010110011011011100100110001000000001010100101000001001000100110010000101000000101010001000110000101001100111100010100010011110101101100000010010101000100111010000100010000001100000100100101111100000110110000000011001010001000101000000001000001001101001001000000000110100000110110001010001010111000000110000100010101000
001001011000010101100000000000100000011000100101111011011101100110010010100000000000001110110001101100101001000001011001000100100010011101000100000000000000000011000010000011010010001001011000101111001100001010010100000100110000100100000110101000110000010000100110110000000010100010000000010010010000010110110100111001000000001110001011000100011011011001011010001100100000100001001010001111110100100010111110100101111001
111000100001010001010000000000000000110110011010110001001000011001010000011011010111100000111001010100000000000010100001000000011000101000000000111011011101000010100000000101000100001010001100000000010010101000010100010000111010000010000000010000010010000111010001000000000100011000000010101100100000001000100101110000010010000010010000101000010001101000000010110110110010010001000000011000010000010001111010100100001000
111000000000001010001001010111110010100011010010000000101100011011000011000110100001110000011000110100001001001000110100001100111011000001001000100000101110100010100101000000000110000011000000100001001001100000011101001001100101010010001100000000010101100011000000000000000000010000000011011010100000100010001001001000100100010000110000000011010000101010001011010011011000000001000001001001111010001000010010101010110000
100100011000101110100000000100001100001110101000100000100001010011001011110001000100101100000000000001011110101111001010100101001001101111100100000110001000001011111001000001100100111111001010101000000010011011111011001001000001010011000110001000000000100110100101100010001110100000110000010111000110001000010001010100100100011010100010100011001110010111010010010100001101100100000000011101000000101100110011001001110000
001100011110001100001101111000001101011000000000010101000000101000000011001000101001000000000000010100000001010000010011000000110110011001000100110101110001100011001101111000101110100111000000111000000001001101100000010011000001000001000101001101011010111010101101011010011101000000001101011010011011010010010010001011100000001011100010001110101011001100011000101100110010001010011101000000000100001011001001010010001000
101111100011010001000010001000101100100000011000001001111010000010000101101100010011010100000100110010000011011110000000101111000001000010010010000000010000001001010101011100000100111110110000000101000110010011110011000100001000011000101110010100010010000000010100010000000001101100101000010011000100010001000101010000000110001000001000000001010001001100100001000000110000010010101010000101001000110010100001011000000100
100100011100010001100000011001100001001010000110000110000101000100101000000111011010101010101101000001001100001000010001101011111110000010001001011100101101001100100110000000010101100001000100001001010010110100100001100000010000001000001010101001000001010000100001101010010100001001000110011010001000000010101001010010100110101001001011010110101000011110101000100000100010011000110111111001000100010000110001011101100001
000000011001000010000011000000111000110001000010000000011001110100110100000011100000001010000000001011001000000010000000001010010011001001001000001000001001100000110100000010000010101000011001000010001010010101111100001000010100011010010110111000000000000010001110010110000100101001000110000010011111101101001000000100000001000001010000000000101001100100010001000000000010101101100000010100001000010001101000010011110100
001100001000001110000010000101001011000001001000000100100000011001010101011000001100101001000010010000000000100000010000000101010100001000010000000111000000010010100101000110001010110110001111000000000000000000010000001101100111000001000000100000000111010100101010001100001111100101011010001101010000000000000001000100001010100100110010100000100000000101001110010001000001111100100001000010111000001010010001100000110011
010101100101101011000001000011011000110001010110100000100001000110110011000011000010000110011000110011100000000001111000010000000001001011011100100000001100010000001100101010100010100110100100001111011110110010000101000110101001011000000010000110010100001001101010010100001100101110000001011001000010100000001010001111100011000001100010001000010000000001000000001011000000101010100010011000000001000110011100001010000110
001110010010111011110000001001110111011000000010000000011001100110000011000001000011001010000000111010000001101101000011111010000010100001100001010100100111000000000100011100000000011000001010001010100000010010001101100001100000110011011100000010001000101000110100100110101001001111110010000100100000101110010000010011000111110101101100010110000010000010010110110000011000110100000000000101100100001101110110001100001001
000100010100000100001000110101011000000010010000000100001100101001010010000110100100011101000000000000001001011001001100000100101000001011110111101111110110000000010000011100011110110000110100000100000101011110010011011001000010010000100100100010000000000000000010110100001110111011100010100000000100100101000001001000110000100100110001110111000111010011000100000000001101100010100000001100110000011000001111100100001000
001100011010011001000010010010100100101100001100110001000111010000001101001011111000000000000001000100000000010000100011010000000000001101111010001000000010100011001000000000001101011011001101001011001001110110000101001010101010111110110110000111001010100101110000111010001001100000000000011101011001100000110100100110100101100100000000000110001101010000000001000000011111010000001001000000001100011011111000010110110100
000110000100010000010110010011000001010110110110000010010001000101100000110100111000100101001110011001000000010000000010001001000010000010010100000100011010000000100011110100010010000000000110011000100011000010001011001110100111000110110001100100100111100010100100001110101100101011110000000001010111111001010101101010100000010010010110000101011111011000100011000111000110100000010001100000101001100001000000010011001101
000000000000010100010000000001110010100100000010010000000010000000010001000000101000101000001100001001010010010001011100010100100101100100001110000000000101010010000000000100000110000110000010000100011011001100011100010011110000011010010100100000100100000011000100010000001001010000011010000010101100101000010101101000001000000010101101010000010101001000101101001000010110100100100001000001000000001011100010010101110000
011101000100010001000000100000000000100000001010110001101001000101101010010001000100001101010100100000011101001100000100001001011001111001000010000100011000001010100011111111100000010100011110010010000000101110100110100001110000110000001000000001010001001000001001101100111011100011101100101000000001000000001001010100011101110000101000001000000000000011010001100110000100100011000110001001000000010000000000001001010010
000000111101100010001100001001000010011000001110000010011000100100100000100000000010100001110000101000110100101110101101100111111101001000011010000001001101111000100010100111000010110000111010010100000111000100101000100001000010011100100000001000000101000011010011100000000100001110001110011001001010100100010101000001000001100001101011000000111101110110010010001010000001010000100000100110010100000010001010000000100000
000000011110000011101100010000100000011000010111000100111001011101000001110000011000001100011010000000010001000011100010111100000000010100100000000000000001110001100000011000011110000000011000100000010010110011110000010000110100101001000100001011100110000100111011100000011000110010000001000100100000010010000100000000110000000000011001000001001001010001001010010100110100010100111010000101110001100001010110000000010100
000000000000010011010101000000000000110000000100001110100000000000000000110100001110010100000011011000000000011011000010111001001100100000000010100110000011000001000111010010100001010001010000000100100101110010000100010001101010000011010010000000100100110010000000100000010111000000010001100111101000101000101100100110000100011001000000100010000000010010001001000000001100000111110000001110010110110000001000010000000101
000000100101110110000010011000001000010001100101110000100000000101111010011011000100000000011000111000010010000010101100010000000101111111000100011000010010001000001011001101000001000011010001000101101001011001000000010011110100110010010100010000000100000000001000000011100100001010000100001011110100110101010100000000100000101011000010000000100010000000010000000000110100010101000010010001110100001100000000000000000000
111010010100101011000000001100000000001100010110000000000110001011111000100000000000000010110010101001101001100101100001110000001000010010001010101101010001010100010010101100000000000001000110100000000110000001100011000000000101000001100101001100101100010010011000000000011100110001110000001000010000010110011001001110000100000110100100110001010010001101000010100000011000100010010110101100000110001001001000000000100001
100101010110000000010100110000111010100101101101001000010110110000000111010001000001100001110011101010000101000100000001010100101101111000000110001101000101100011011110001001110100000000001000000100001000100100001000110111101000111110111000001011001111100001111010111010000100110001101000010111100000100000110000010101101000011110000100001010100110000010000001001010101101001000010010000000010110111011010100100000110100
010110100010000000010000010110010001000100010010111101010000010000000000111011000010010010111000001101000001100000101000110000010000010100010111100000111000010101100010001100000101010000000100111111001100111110111010110010000000011010000010001101011100010000000100010010000000110101111100100110101001101100101101111110101111011100000100010100010111001100000000110100110001110001000000101110010000000010100101000000001000
010000010110001111011010000000111000010010000001111100000111011000000001101001011100110111100000000000111001001010100111000110000001111110010000011001101001011101011011010010000101000100010011001001011000001100101000000100101100011001100100010111010010000010111000001000001010000101101110001000110000100110000000100010000010111100001001000010011000100011000100011000000010100010110000101010000000001000000000011111000000
000010101101010000100111101001010100000011010000000010000011010001100010100001010011000000010100000010110101000011011100100100010000000101010011101111010110010000101010000111100010001110001100000010010110001000000000000100001100000001111011110010100100000110000000001100010000011101011010010001010100011000000100100000010001010000010000001011111010100000000000000111000000010010100001010011110010000110000000000000001110
010001011001010110010110010000100000100011110001101110001001000011100001111011010110110101000111100111100001001000110010000001010000000101000001001100001011010100110110101110011000010100001001110010000100000001010010000101000000000111100100000100101101011110111000010100100000110000000000100100001011010000000010000011100000010010010110110001000000000000000100000100001000001001001011111100010111110000010010111010100000
001010001011000100000100000101011000100000011110110110100001000000100000010110000001001000001111010000110000000010100101110001011110101100000100100100100010011010000001100100000011100111101101100000001000100001100010001011000100001001010101011000000000101010100000011101001101000001010110000110011001001000000001000110000000110001010010100100100000011000000011010000110100001001001011001111111000000100010110000010000100
010101010100001110101101100100000100001000000110010001111110100110011011011000000001000011100110110111000100100000000111011010011111001000110101100111101000010100100000000101100110100000010110001101011010010010000000000011110001001010001011010001001010111001001000000011000001011101111111000100000001010110100000000101011001111000100001001101010100000100000100000110001010000100110101011000001110000010010111101000000110
000000010000000010101001001100101010100000001110011101001101010111001000001100000001110000000000011101110100011011010001001011010010000111110001110010011100100110000000000001010011111000000000000100001101010000100000001011111001001100000000000010001000100000001100111000000100100100000001000001000100101000100000110101001010010101101001100100111000100011000010100010000000000110000111100001000100000010001011001000101001
101010010100100000110001001001000011001000001000000110010101100000011000000001011010001000000010010110000010000010001101010011010100000000111100100100000011001010000110000010001101000000101111000010011000100000000100000000000100001010100010101000001111011010000000000100001010100001000000100111010010100100110000010000110000101010011001001001000010000110010101000100011000101001001010000000000101111000000101110000010100
010111001000001011100100000101010000100100101110010101100100000100000010010000001001001000000101100100000100010101100010001000000000110000010000111100101011011110110000100000100011000100100101010010000010110110010000100001100110010010000011001111001000010000000000100000100001001111011010000100001001100011100001101001101011010001001100100010010000011000010000010100000000000100011001011000000011110101010000100010010110
001001001000100101010000010001111100000000100110010110110000010010111000001100000110111011100000111000100101100011001100010111000011100110100100100100011000110001101110110010011000010101000010011101000110000011011000001001100101011110100010110100111000100110000110110101001010001001001010000000100010001101110000100100001000011010100101100000100010000000101000110000000000000011011011010000010010110110000001000110101010
000000101001001010100000010011000001111001000000001000001011010111000000111100000010101000101001010110101000001110110000110000001001010101100000001100101010011010111100010001100000010001110000011100000000001100001100011111000100010111000001110010000000010000111100011101000011010000100010010110001000100001001010101001011011111100000011010000000001000100001000100111110011100010000001010110111010110110100100000000000011
011001011001100111110000011000001100000001011000101010110110000100100001100000100110000101110001011001110000110100111000101011011011001000000010011000101000010110110101000111101100100010011000101100000100000000100000100001110000000010010010001001100101110000010101000100001000101010001001000010010110001000110000100110000010011010100001011110000100100010110001000000110100010110101010100001000000100001100010100010111111
110000011010010001101000100011110100110000001000000000000100001000001010000100000110000011011001110000001010110000010000000000111001010101010000000010000011010000011010100010010000000011010000000000011101000001111011010100000101101100001001000011011000101001111000000000001000010011110011010100011001100111110000000101000000010100110000110001101010010101000100000000000000100000010001000110110100001000000001011000000000
010101000111101001101000110001001001111000010000011101000000000111010101100000100100000100011111001010000001000000000001010110001000001100110101000000101000110000101000001100100010111110110000100011000000010010100010001001110100100100101111110101100000100000100101100101010001000010001000100001111101000101110101011111001000010000000011101101001111011000000100101001010000101101110111001110000001000011010000010000110111
000100100101000110010110100010010000010000000100000010010000000011001000101011000100100001000000010010111000010100001010001101110000000000000001001110000100000011000100000101010000010000100001110000011000000010101100010001011100000000100100011001110100000100001111101010100000001010110001000011111111010110000101100000001001010101100000001011000001101001010000010100000000000110001100000000001001001010100010101110010000
000000010110010000100010101000000101000011100001001010110011010000101001100101000001100000101000100000011000001101111100100010000010111100000000001001100001101010001001010011111010001010110111001111010000100000001111011100100101011100011000010011001000101110000111011001011010001100000000010010001100110001000010000100000000000100101010110000010000100000110010101010100000100000100111010000010010110001110100000010101000
100000000100000111001101000000001001101100100101000011100010001110100010111110101110100000100010110010011000000010000000000001000000000001001001001100011001101110100001000010000101000001001010001001101001110100010000011101011101000001000001101001011101010100001110101001001000100100001100000110010011100001110010001010111111000000100000001010010000000000010000110010010010000000100001000001000001100100000001010000000001
110000110101100100000101001010001110000001101110011010101001010000001100010010110011101011101010111111000001010110010110011001010001001001010001000001011000101010100001110000101010001010000010000000110001000000001001010110101110000100111100001001001110010100010001110110010100011111100100001010010000101010000100100001100011111010100011000000101000100001100001000110110010010010000001110101101100110010100001000100011100
001010000100100000000001001011001100010101010100000100000101010001001001000000000010100100011010100000100000010001000101011011100011000101000100001000001011111001110100000000110010000100101000110010000101000111000010110001101100001000010000001010100000100000100001001000111010001001011100101101000000001001100110100100001100000100100000110100010000100100000000000000101011110000010100100110110000001010000001001110110000
101001010000000000000010110000101000001001010000000000010101010100110000000001101000010000010011100001000100010000011000011001111001001000100000000101100010000000000010110100101000111101000100110011000100010110100001010000100101000001111000010000000001000000100111101100000001010001011000001100001001000011111010010000100010000000000010111000100010100010111100000100101010000010111110011101011001001010110001011110001000
000011001000000111100000001100000000000100100100001111001000101001011110100000000000100001100010000010100011001100100100000010010101100000001010100110000011011101000000000000000001101000101100010000110000001000110000010100100000000000110111000100010100110000000100100000000001000101000001000000100011010010010010101010100001010110101110000011100010001000001010010000010011010011001000001000011110100100011001111011011110
000011000011000101100010111010001010101100010100110010101000111010000110100001000101100101110000110011001000000000101000011010001110100000000010010000000010100100111000000011001100000010010011000001000010000100110001011100010010000100110001001001001111010111010100000000000101001100010000111000000000100000010000000110001100001111110001000010010100001100101000110000100001011100010000011001000010101101011110000011001001
011000010001011000011000001010010101100000000001011110000011001001000100000011001100001001000111000010000110000010110000001000000000001010000000000000110000000001001110000011100001000100001111000011010100010000000101101101011000000011101110101001000101010011001000010001001011011101100100000011110011001010101010101000110000100011110100110100001111000000100110001110001010110100111010000000010100000010101011000101100100
000010100000000000101000000001000001010100110010000000101100100111111000000011001110001001010000111011010010110100000100010001001000010001000100101100000100010100101001101110000010001110100010101000110101001110001000010100010000010011000101010100110000101100011011100011111000011000011010110011100111011000000110100000000010010000001011100110100100001000001101010001110000001101000111010001001101000110110000011000001001
101100010100010111110000011010111010000100000100001000011011001101100001011010010001100011111001010000100101101011000011011000100100000000110001110110100101001010010100000100101100111011000000111000010000000010001110000101000111100000010011000110000001011011100000011100011000000110110011000001101000000001111000000011001010000000110110100001110001101000000010010100101001110101001110101101101100111110110000000010011001
110011000010000000001000100001010001010000001000110000010010100110000010111010101100111100011110000001101000010100000001100000001010111101000001000110001010000110010100011001000010100001000011000110110100100001011010101100011010000001010000011000011000100111000010010010001100000010000100000011001010101001010101001101100011010101100000000010000000000000100011010101101001000010110010100001011000110100001110101100101001
001010010101011001000010000110011000110010111011010010000000100000011100011000011010111110110101101000010001110110101101000100010010000110110000101011001001110010010100011100101010000011100101000000000010010010100111100101010000001010000101010010011000000000101001000011110000110001001001010101100001100011000010110010001000010011000000010000001000000000010111101101000000000101000110000001100100010110010101011000101010
100000101010001110101111000101000101111010000100000100000000001110000001101100110100110100100101101010010110111101010000000000000100001001010000000101001000100100001111111111101001010010001000000100111101000101101000010011100110010100000100001100101101010010010010000110000000011111010010001111100001011101000001001100010010001011001011101000000001000001101001100011011010000110101010010001000000010000100011000110100110
000000000100001010001011000101010000010000101000000000000101111000010001011010100000010001101001110001000001000010001010000100100100100100101000000110000110001001000001011001110010011001010000100110001100000101001001100000000001000000000010001000010001100010001000000100111100001100101000110000110101010011110000111000111001100000110000010001100101000100010110100010001100000100001000000000101000010100110000000000110101
101100000010111001001100000100001101101101100011010000010000000010000101001000001001111001000000101100100011000011000001100001000010001010000000101001011001100000100000100101100100111001100010011000101000010100000001010000010010001000010110010010100001000010000000000000000111100110110000010101010001110001010000101001000000001010101101100000100000101101100110000100001101111000000100100001000000010010001001000000000101
000011000100000100011001000011010011001100000000100001110000100100001101000000100101101011101101011010101100111001001010001001011110001011000000000100001111100001111001000101001100100000011000000101001000100110100000110010000000011101110001010100111010011000011101100010001000100000101000110100100001110000010010101010000010000001011111000011000000100000101001011100100101000010110011001111000110101011101001101100100011
000010011000010011000001010100101010001001001001000001001010010101100000010000011100001001110000000110001000001101100000000110100000010110100100110001010111100001100000100100001011001010101000010011110110000000011111000001010001001101001011011011111010111011001000000011100100000101101001011100010010010000000001000000100010000110010000000010000000110100101101000011000110111000011110000000010001100000000011000100000011
000001100000001011111000001100000010100000110001010100100100001111100001100101011010000101101001011110101100011010011000101101000001100010001010000000101100001011001010111010001000110001001011101101110000000000100000101000010000011000000000010100011100011110110001010000100110100100000010010000111101100110001000001100110100100111000000010010000000010001001010010010101101001010010000101001010100101001000000000100010001
000110100110000000011000100111110100001001010101000000000000011001101101000010001010010111110011010000110000010001000010011001010100011000110010000100001010100000100000111001000000100100110001001100001100100100000000010011010110101000101100000000111000001100101100101000000100001100010010000100100000001011011110010011101000010001110011000000100000000001101010001000000000100001101100001001100000001011000000001010010011
110010001011011110010010101000000001011000000011100010010100000101100010110100000011010001001001000000100011110000000000101110110011001101111000010101001000000111000000110001101010001100111100111110011100101100000001011111100000100001011100101001111000000000100010100001011100100011011101001000000100010010001111100000110011001100110000010001100001011000000101001011100001001011100110110010010101100010001011000000101000
010001000110110000010010110000001000110100010100001010100100111000001000101101001000100001100011000001100000101101000000001000010000000010111000101000110001010001001001010011000111001010001000000111011110100010100000110100110111001001110000111101000011110101110010001000000001000101111100100100100011001011010110011110111000000000111010100000011111110000110001100100111100000110100011000000000000000100000001001000100000
000100011001011000000011110101101000010001100100100000101000010000100100001100000001000000001010000010100010110110100000000010110001000100011101001010010000000000010010011010100010000100100010000110000100000101110010110010000000100001101110100110001110000000000101100000110011101001101010000000000001011100000001101101000011000011101110000000100000011001100101010000101000011000110110011000101001000101110000000101000000
010000101001000000100000100110110000011110000011010001000010110100000100010000001010111010000000010011000000100010100001111100111001000010000000000101001110101001001010000001000000111101100010001010000011000000010100000000100000000000000001000001010010100010100010001000010101001011001101001100100000010110010101111000001110001000001001000110001011100000001100010110010110110100000000100001000100101001000100010001000010
101011000011000011001010000010000100100101110001010011000101011110100000010101100001100100111110011111100000110000000000100100101100010000110001001000011010010110001000111000000000000010011010011001001100101001101100101101010100001110001100011000000001100000101101010110011100010010000000000100110100100010000110000111010110010000010110000100010001110000110100111001001100111010001110010011001000111011010100000010001011
101001000100000110000110110110001010000001111100000100001000001001001000001110000110000010100000000100010010010010100010110000100110000100011110000100000001000111110001101000100001010000001110000000001100011000011000010110011000000001010010000001011110000001000100001000001001110010100000110000001001110000000101100100010101001001000000001001011011100100000010001011011110000001001000110100101001110001000000000100101110
100000001101101111000101000100111100111011000000000110000110000000000011101001010011001001010100001001001010000100000001010000010101011100000011000110000000000010001001111110000111000110111000010010010100101000010110110010010111100010000010110001001100101111111000011000100010110010001100100000011000101100001001110000100101000100111000101111110001010000100000100000010001000000100011011010010010110000100101111110001001
011000100001110100000100011000011100000111101000111011000000000010100001000100100000000010100000010010110000101111100000010010010000000100000110110000110010100111010010101100000100111111100101010110010101010111001001100000010001100000100001000000100010000000001000110011100010111110000110000100100010100000100111011101010110001100100011001010010000001100000010101000001010011100001100010011010000010000011010010111000100
101001010010010110110110011000000110000001000100001011110010010010100111100111100001000000110010000000000000101001010100000001011000100000111011100001010010100010101000010101000001100111100001101011001110000010010000101100000000001000000110000000110011001101001000001000000100100100101101111110000000000110100101000010011101000000010000010100111000000001000100011111010000010001010001100000011011010001011010100000000100
011000111100101110001100101100000000011110110100001000110100000010110000110100000001001100010100111000001001110110000001000010010010100000000000010000011000001011100101001000000000100010010000000100110111010001111100000100110000000000000100011010000101000011000000000100011000000000110000000011000100010110000001000000010000101000000110001000001000111100010000001000010010011010001000000010100101000011010000010000101000
