001010000000100011100101001010011101000000010100100010011010001000001010100000010110000000
011011010001011000010000110000110000001001010101010000010011101000010000100101010000000101
000001111001010101000001010101100101000000010000110101110110100001001100100001100101100011
000001000010010010000000000111101100100001000000000001011110011011000010011100000001101010
101111000000010101101001010100001101001001001000101000011001001001100011000111000100000000
000000001101110001010101010100001001010100110001010011011110010000000100001010000010000110
100100001101000010001010001000000101100100001100101111100010001100010110000110110000101110
010110000000111110000000000101000001000001101011001101001100101110010000010100000100101110
010001100110011010010010110000110010001001011000101000000100011000101010100110110110100001
100111111111011000000101011000000010000000101101000001100000100010001000100000100000000101
011100001001001001001001100010111000110011000110001001110100100000111010010001000001010000
010001001000001000000011100011100000000110010000011001110100000111011101000101001001000000
000000000100010110001001000000001001100001000110011000100110000101101010000000110010110100
001100000100000001001000010011011001011011000100000000111001000000001000100000100111001010
011000100011101100100100000100000000001100011010011100101010000101011001010000000001101100
100001000001000000100110111101101100100010000111000100010010010000011100011100100001101111
100101100100111010000000101001010010100110010001010001101100000011000000101101000010011010
001000100000010001101110010000010010010010010001101010000010110000010000001000100011010111
001101100010010010100010000010110000010000010000001110101000110001101101001011000100110100
110100010101010010100111100011001110010001011011000100010000110000101000001000011000011000
000010000000000101010110000110000100011011001000001001000110100010101000100111010000001010
000101000001010101010000000001101011100001110000101110010110100010111000000010001111000100
111000001100000000001000010001000010101000001000100100110000110000000101000001110011001110
111100100110010010100110000100100100000101100000001001101110111100100110001000110110000000
100001110010000000010101001001000010000001111000001100000000000000000111101010110101100100
010000001001110010100000011001100010000100101100001111001001011111001001000100100000010000
001001100101001010110110010000000011001010010100111000100001001000010100100010000101000101
101010001011000010110100100011010000011101101000111001011010000100000000000010111011011000
010000000000100011101000010001100100000100100111001000111000000010111110110000001001010011
100010011001101000000000000110000111010000101011111000001010001010001100000000000100000000
101100001010100000100000000001010110001011110000010100011001001001011000000010111100111010
000011101010101010010101000111111000001010100000100100100000001001100001000011011000010100
000010001000011101010100000000000000000101010001001100100101011110011001010000011000101010
011100111000100001100100000001000000010000001010000101100000001010000000000100100111001011
100001010000010101111000101010011100011000000111110011111010000000100010011010001000000001
010010100100100011000011100011011100000000100110001000001110111011100100010001000000001101
011101010011000111010001010001100100001010100000001010100000011000110000000010000000100001
111100000010001001100100010110000000000100010100011000000100110000100100001001000010111100
110100001100000000001101010110010000111001000000000010000110111111000100000101000101111000
000100001001010010010000001100101000010000011001100000010011010101001000001110101100010001
111100000100000101111100010011110110000110000110011001100000000001000010001010001011110001
010010010111000000000001100001100000000010100100100011000011100110001000000100101000100001
011001010100001001101010001000000101000100111101110101100111001000001000000000000010000001
000101000011000000101101011111101101010010100110000000000111000000000000011101100000001000
000000010000000010100101100000101010110001011000100110001000001101001000011000111000000101
110100000110000010100011000110100111100100101100111011111001000001000000100001000000110110
100111100110000000101011100100000010010010000100111000001100110000101010000101011100000101
000101000001010010000100011000001110110000000110011100000000111111100100000001101000100000
000100111101000001000011001000101011100100010001010110011011001000100000001100110010010101
010000010000001000110000100010011111110110011100011000101110111000000010001101100000100011
101000001010101100000001101000110010100000100110001010100000000011100110011010100001000111
010001100110010110110111011101000001010100001000000000000011011001000101101100000010010111
000000111100011001100010011001000000011100110100100100000000010110000011000001001100110000
110100110010000100111011010100000000100000001000100101001001010100001001110001000010000010
001011100011010001110011000010001100000001111001000010000000110000110000000111000101111100
010001000100101100100110000000011001000000001001000001100111010000100011001001100001100101
111110010000000000000010000000011001100010100110000100011000000000010000111101001100110000
101000001001010100001011010110000100100011001000110110000001100000011010111111001010010000
000111010000110101010101111000100000000000000000101000000001000111010001010000100110010011
000001100001101100010000100010110010010101011001001010000111101000101011111000000011000110
100111000001010000001010001011010010001001110000011001001000101001000100001001000010000000
100110000111010010100000101000101001100101001000000001010001000110100000101000000110010000
101011000000100110000011100000011001110100110000000000100101000000111101111100001110000110
000010010000001001110010000010001111001000100101000011000000010110100010101000110000101000
011101010110001011000100000101101100110100010001100011100010100100000000010000110000000111
100001011010001110100000001001100100000011001010000100111010000011001011000110001000100110
010000110000111001010000110001001011000011010010010001110001010000010110010010110111101000
100100000001001101000000101010000100000101110010001011000010001100001001100010000011010010
000110001110001001100001010101000100000010001010001111000100000100011110100000111100011110
110000000011001100000001101100111101000000010001000111001010000001010000011000000000100010
000000000000100000001100110001011010000001100000001000000001001010000011101011011110010001
011100100000101100010000000010010100011000011100000000001001011010001000001101100001110011
000110000111011000110000001001100110010101000100000001101000010000110000010011100000001010
000100000000001000110110010010000001000001011001100001101100101010100010100010000001000101
111011000111010001000000000011000000010000010001100101001010111100000101100000000101100010
010010110100111000011010001001010001000110010101110000010000101010000010100101010111000000
101100110100001000111011010000000111010000000100100010100100001101000001010101010000101011
110111000100000111000000100001000000111100110000000010010010110010011000101000000001111100
011100100101001000101011110001001000110100000000010010000100010001001101100000000000011001
010110101100100100101100011011100000001001001010000111001001100000011100000110000011010010
110001000010000001001101011101110001010101001110011000000000010100110000000000000010100000
110110000100110000111001000100010001100101111000000100011000000111010011110100010100100001
010000000000111000001000001100001000000111000011000110001101000000101001001100001100011000
110000001000010001100101100111100100101000011001000011000000001001001100010010011000100000
011001000011000011010000000000011000101000011101101100110010100011110101110000000000100001
000100011101000001000010000110000000110000000010001111110010100000101010000001010000011010
100001001011011000001100001100100010001010110010111000000010001000001111001101000111001000
001011000000110000111011000101010100010010100000001100011000000101010011101101001001000111
000000000001001010100100010011001100010001100010001110000011010101001000011000100110000001
101010010101001000011000011010001011100000000011010011001101000100011011110101101000100000
101100000011100000001101011011101011001010000000001000001110011000010000000001000011100100
011001010010000101011010001010011000000000010000000010000010011110100100010000001011000101
000100101010010010101110100000011100000001010001010011001011010100001000100010011011101001
011101111000000000001011101000000100001000010010101100000111100010000010110010001101000100
111100010110110000000000100010001110100100100010000000100110000001100110100100001101001011
100101000000011000101000010001001101010101001000011010001111010101001010001100010001101110
011000000000111001011000000110001000110010000100011100001110110100110100110100001000001111
000001010100101010000000010000100100000010011110101001010000000010110000001110010010101100
110011011000101011100100111101000000101000110000000001010101101000100100010001000000100110
001101001010000111100001100001011101100001100001010000110111000101110000000000001011000010
