0100101100000001100000110100001100011001100001100010100001010000010001000110000000001001001110101101001000100100000001111001010000110000010101100000000101001010110001000001100100000011010110000000010000001101000000000001100000000000011110000001101101111100110000001000000000010010110010001011000111000000011011000000000100010001100011100000011000110000110011101100000001
0110101101111010000110000000100010110100000000101000100001010100100001001000000000110010001000101111101011010101100001001000111111110000001010011010101110001001011001100000000000000000010000000101101000000000100111001100000001011010111000000111111010101101000110010000000100001000010000000001101000001110110001000001010101100000001000000001110010000011001001011000000010
1010011111000010010101000010000100000101010101010001000000000011001100110001000000101001101011011010000111110100110000010000101010100100100010011010000010000001010100000000100011100001110000000010010001010100001001000010001011110000001000100001010000000010000000000100010011000000100100010100010001100011001000000000000100000010011001111100100001100101111001010000000110
0010110000011111001000010000010100001001001110000010000111000001100110111110000110000010011010010010111000100011001110000000000010010100000000100000100001010010000100010011011000011011000000110000000001010010101100010000000000010011000000001010101000100110110000000000101000010010110101000010101110000110110110001000110000001000110010000000000010100100100000000001000110
0000000000010100100001100101000000100000101000010100000000100100011001100000101001000001011100010100000010000110001001101000100000110001001001011100001001000100000111100100000001010111100010000100000000011101111101110110001000010110001000000011001001111111101000101000110000010011100110000000000001001001010000001000111101100000010010000000000010001110000011010100101101
0011001001001000011100001000000100011001010100000111000000000101010010010001000110000010001000001010100101000101100010101011110000000000101011110001100001001001000001001010001110000010000010101101100011000010110110100010100000111100000100000100000101000010101101000100010101000011100101100110000001111011000110001100000100100100000000100110001010000001001011110000110100
0001001000000001100010000000011000100000000001000100000010010011000101001000110101001101000001000010010101110000001000101000000000001100001000110100011010000000000110000000000000000110010110100000000101010011110000000110011001100101100101001000001110011000001000011000000100111000111100000010011001000000100110111101010000100000111000000010001001100000100100010000001000
0001110101000110010000001011000010000001010000111000000010011000100011101100101000110010000110011010000100101100010001000011010001010001100101000110111101011011000000100011000010000000010011100000100000100000000110001010010000101010010000011000000010000011011000001100011100000010101000111100100011010001100010100000110000110100011010100000101000001100000100100100010010
1010010100110010000010110100010101000100001000000101011000011100001001000000010000101111000101011000000100001000011001000011000101110011011011000100000100000001000010101000001101001001110100000110000011010000010010100000110010010101001010110101110100100010101100100010001100100000000011010000110100110000011100100100101010000000000001101000110111100000100000100011000001
0011010101100000101000010000010000001000001010001000000001000010001100000000000010001000110010100100100101100110010100010111001000001000001101010100110010100110000100010000000000100101000010011010110100110100000000000010100001000001100000001000000100000000001100011110010000001000000110111100000000100100101100000000000101100101001011000011000001011101110111000110110100
0010110000010000010001001001000001101110000100100000010000110000001001010011010100100101001000100100010000010100001110100000100010101110100010010000010000010000110000100001111000010101000000010010000010000000110010011000000100000000010010001101000100000100011011011100111000010001100110010100001001110001000001010011010000000001000000000010110001111000100000110000100010
0001100001101010100111101110011010110110000110010000001011000001001000100000000000010000000000110000000000010100101010000100000111000100000001101101100010101011100101110100000110010111000001100011001000110100011010100100001111000100010000000000101100000000111101000011000000000001100100010100011100011010101110000001001011100100000000011000000010010011001001100000000000
1000000011100011100000001000011000100010101000000111010101000000000000101110000111100001110101011110010101010100100110001011111001010110101010001001000011001000000000011011000000010001000100100101001000011010111000010001100110000100000000101101001001011001110101001110001100100100010001000000101110010111000011001001011010001001101010000111010000011101000000000001000000
0000000001000000000101001101010000001000100000010000010100001000001100011100001000000101000101000100000011101110100000000100101001001100001000001111000101000011000101000010111000001000111101000100000000010000111101000000111100001100100110011000001000010100010010001001011001001000000010100000000100001000101000001101000101000010000010100101100000000001000000011010000111
0011100110000000100010100001000101100101001100101110010101110010001001101001000100000100111001000111011001010001111001110010111000000110000110100001010000000000101100110001000001101011010111100011001000010001011011111010101000100010110100100000000000010001011001010010001000000111010011000101100000010100001010000000000000100011001110100000000000000011000110001000000100
1100000101110000100001010000000001000000100100110100010000101010001110100001010000101011001000110000110000000010010010100000011001001011100100101000001000010001010000001000011000000001100101110011000101110010100001101010000101101001011000000010100100010000010011110000011100000110101001100011000110000010110001000000000001101000000000001000100000001100011001010100001110
0000000010111010000011011000111010001101000000010110010110100100100011000100000000011000010000111000001010100100001100000001111100001000100100100111011011101000000010111110111100001100001011100010000100010001001011010000010000101010000001100001110000110000010101111010100010000100001100000110100011000100001001111000011000111000000100011010001111001000010100000100000000
0100000110000000000000100001000010011000100000110010001001001001010010010000001010011100000001001001000100000001100000110100100111000100001100000110011000010010010100000000011010001010000110000001101010000000000000111110001100010000000000100011010000100101000001011001001011110100101001100010110111001001000000001101010000000110010000001010011010100110101100001100001000
0010100000000001010001000000001001010000100000110000000011100100101101110000010001100000000100011100100000010000010000110000000101000001010000000010001010001110000000110101001011000000011010000010101101010001000110001101100100010001010100000000111000010000100000100000000001111001010101000000010000100100101100001111101111000110000010001101010000100100000000000100010110
1100100101010001100000000010110000010001011011100010010010010000000101100110000101010101000100010001100001010001100110010001000000000000000000101001100000100010000000010000000001000101100000000101000100101110100000000110100001011000011000011000100000001101001000110100010000000000010110100011101100101110000100100010001000001000000000010000010011001000000101111000010000
0000000000001010100101101101000110010000101010001011110011010010100010111110010001010101000010001111011001000100000100000000000001000000010001000100010000000011010000010100010011110001000010100101001011000000000100100000010001001100010000100000000000111000010101010000110010110010111000000000010000110000001100101001000000100000000110001000000010101000110010011000001001
0000000010011100100110000000010111000110001000001101011010011001000000000011000100000001000000101000010001110100100010101000000000111011010000011001101011100010010011001011010100000010001010110010000010100000011001001010010000000001001000010011001000010010010111110000010111011000101001100010000001000011000001000000000000000000010110101001000010000000000000100100100000
0010110100110001001000000100100001100011010010100101100000000101100100001001000000001101000000100100100101011001010110000100111100011010100100000100101010100101000000001000100001010000000010100101100000110010011001000110010000000001010001000100110000000010000011010000010000011100010110010001000100110001110110010010100001000101010001001111110000010010101001001010010000
0011010100100000100110010000100110100000101000101010010100100100011101010000000000000100011100010100000100010001100010000000001100110000100000011010000101000100010100010010100001000110001011110000011000000000101011000000111000101001010111101100000100100000011000010101011001000100000101101000101001010101101100100000100101000010010000000100001100100101100100001110011010
0001000000000000000010000100100000011000000001011001110000001000101010001100100110001001110001100001000001100001111010001001110001000010011101001100000100101000100111001010010110010001000101100100001100100000001000000111101111001000000110001001000001100000000000000011001101010000000101000100001010000010000000100010011000001000100010011001010001101010010000100001101001
0101000010010100011001000000000001001000100000100000100000110100100000000110000000010100110000101101001000010100000110111100000001010010010000000100011000100000100000100100001000001010000000010001011000001000001001100000100010010001001111100010001010010011001001000000001110001001010101100110010100000110010100000000110100010000101010110010000000000100000101100000111110
0010110111010000000100010001011000100000101100010010101001100010000000001110011101011000010000100000100100111100000010110000101011111000110110000000100110100001100001000100001001010011000110001010010000110000110010001000100001010011001010001110110001001000101011111000100000001000000000001011011100010101100010011101010000000110100000001010101000100101001000000001001001
0010100100000000000110000011110010100100011000001000011100000101100001100101000000000000011100001001100011000011101100110110001010000110010101101110010100001000000010100000011010100000000000100100110000000000110011100001000000100001001000000010100010000100010010101001100101001011000101010000000000011010011001001100100100100000000111000100010110000101000001000010001000
0101000100010110001011010000010110000001010000111000000001010011010001110101000000110001001011100010001001100010001110010010001110010000000100001000010010111000000000100000011100010010100011110001001001010000010111000000000100110110000110011011111001000100011101001000000011111111000100001100101000000000001100001001100001110011010000000110101000011100010000000001000000
0100100000001101000000000010100011101000001101111001001110001000100000000100110001100010011001001011101011001001001110001001011000100010100110111000100010111000000100001000111001111100111001101011011001010001100001100111001111000100001110011010101101111111001000100101001111011000000000010000000001000000011000001000000001101011010011101000010011000000000001111000001000
1010101110100110001111100010100001000001101010101000010010000010011111110001000000000110101110000001000000010011010010111011001001000111001010110101010000010000010000101010100000010101001110000101001100111010111000100010111010000100000000111000010100011000110001110100001100000110110000111010010010100010010010110100110001000101100001111000010001100000010011000011011000
0001001100001000010110000011001001100100000000000010000101001100110111000000010000000001100010011000000111101111001100110100110010000101101110000100100100011010010110010011000000010001010111100000001001010011000001010010101000001001001000110100011011100000011010101100010001011100110101001000010000111001101010001010000011010100000000000110100000100100000100001010100101
0000001110010111110100100000100000110000000100010001001000000100100010010001110110100110100001010100000000000011001001100000111010111000010100011000110011011000010000001110000101011101100100000000010101010000110000100000000001001101101100000001010010010000001000010011110111110000010000010000100100111111100000000101000010100001011001000010100110010011101000101011010100
1010000001000000101011000111010000110010110000010000101010001000101110100000101100100100000001000100010000000101000010111000100001000100011000001110100000000000000010000011001001101111001000110000010101000010101000010000000000000110001100101100010010010010001010110101011000001000000000011110010010001100101010000010110010101100000011100011110100001110000000001000001000
0100010101000000000100000100100110100000001001000101000110000000001011000100001100000000000010011000110010010000001111011010001000000000000010111010001001001100010100100000100001100110000101000000000000001110110000100011111101000000001000100010001001000010001101011011000000101100010000010011010100100101000110101010110100001101001100010000010000000000001010001000000000
0001000000010101100000100110000000000110000000110000010000111111101100010000000100000100101001101010101001011001101111000011011000110000000010111011000001000000000100000000001110000010010000010001000001000011000000100001010010011001100101000000110100001001000100000001000000001000000101000000110000110011010000100101011111011000001000110100000000101110010000010100000101
0111110100000000100111010110011000101000000101100100100000000000011001011000100000001100000000011001000010000000101001111000101010011010110111010111000000100000100001100000001111000000001000000010010111001100100010110101001100000010100110010111000001111011011101010000001010100001111000010000001010010000111000010100010111001000110000001100011101100000111111101010110100
0001101101101000001101000000000000110111000111000000101001001001100001010010010100001011000000000111001110010010100110011001000111001010011100000010010101011111011010001000010000000011010010010100101001001000001011100001100000101100100111000010000100101100011000011000010000000001110101111000000000100100001110101100100101000001011100101000111101011000101101010110000000
0000001100100000110000000010101000000110101011001100010110000110000100001000011000111000100000010000010000001011001100001111110000000001110010000011000100111001010000000011101000000110000000110000010100001100101000000000101111111000100000001100010000101100011011010000110110000000010001000000001011000100101110010001000001000001110000010000001000001011011010000110001010
0010111010000101100101001011100010111010000000000000100011101100011000111000000000100100100101000010100000111000001000001011010001000000000000111100000010000000000100000000100110110100010100101010000101010000100010000010000100001100000000010101000000100100100000001000001010010001000110111110100000100000010001010000001001100100101000110000000100101000000001101010000001
1110000001100000010101000110011000001011100101000100101000101100010011010010000001000100010110011000000100001100100100011100100111010110000000001001000101000110001101001000111110000001010110000001101010100010011000000000100000010010000000111001000100101000001001101001100010001110000101010100100000000001100001000000000100100000011100000000110001010001010010001000011010
0110001011000100001010000000011101010000111000100100010000000000000101000100101100000101001101000000011110010000101000100101011000110101000100001000100101011111000110001011000000000000010100001101000000000001100000100010100000100111101000101010001101100000000000001001000100001001101101110011111000100010010000000100000000101001110010000100000000101001100001100010110000
0001001010110000000100101100000000010100100010001010100001101000000000011000010001101000101000101101110000000000011010010011001000100000110110111011000100100000001000001011101110100010111110100000100001000001101011011001110110000000100000101100010100100100001000101010010101000110000100001000001000000110100110101000000010111111010011010000101000110011001000111101001000
0010111000011110000000000100011111110101100000011010010110001001001101100111101000001000101010110100000000100101010000011100100001000111000100000101100000000000010101100001100001011000111111001000111011110010111110000000001000001000110000011110110111000001110001011101000000000010001001000111001001001000000000101111100010110000100000010000000101000100000000100111001001
1101010100101001001011001100000000100001000000001101000010010010001010101110001010010001010010000111000100110011000011000011100101110110110100001000101100100010000000100100010010010001011010000010000010010101100000100110000000010001110001000001001101000110110110001011110010010010010000100110001000001101000111000010101011001100001011011001010011100010110100001110110010
0011111000000000101100011000011111010010011100001010100000000101000101110001001001001010000010101011101010100110001010011010110100001001100000100010111000100100010001101000100000001010000000100111100000000000100100111011011100011011001110000101001100110011011100101000010010101000011011011100101000000000110111000011000100001011000100110001010000101001110001000001110110
0010000000001010000010010001011111000001001000010100001101111000000010100000101110010001010010010010100100110001101010001101011000011011100001010000000000100010010010000001000000000010000000011000110110001000000110000010110101000100000000001111001100010000011011001010110000010001001010010010000000010011010101000000100000110100000001001000111110000100011101111001001100
0001001100110010110000000000100000001100000001110110011101001111101111000001100001100110000101101100000011100011000110001001101000000001010011101011111111011111100010100111110100001000000000001100011000100000001000100110000000001100001010000111000000011110001010011001000000001110000110010011101011000000010000011100101100010010111010001000110000000111110000001000100010
0000000000000011100010000000000000000001001110100000010110001000111010010111000000001010100000000001101101100000100010100100111001001010001010010101010010001000111101000100100100001001111010100000000100000010000101010100000011101110100011000101010100010001010011110000000001000101000100000000000000111010010011000010000000100000000010001000000110001001111100000000010000
0110000000000000100001001111001000000000001111010001010000111000110010101000000000011011010100010101000100101001100010101101010000111000000100011000100001100110110001111101000011000000000100010001000101001000010101011100010010000000000000010000100001000001010100010000011101100010001010100100010000000100000111001001000000011010000000110001000100011110001010000110000100
1001001001010100011010011101111100000001000101000000000000000100000000011010110000100001001000100011010010001110011000000100000100100100010110001101000000011100100011100000000001100101001101000001101001111011000000001011100101101001001001000100100100111000000110000000001100101000100011011111110001000100000000000111010001101001100010010000011101000100001000010000011000
1010010001000111110011000000000100000010010110000010100000100010010001000001010000000001001010101000001101001000000110010000000100110100101011011000000000000010110110000100100111100111010110001100010110001000000010000010001110011100011010110000101011011100000001101000011111111010000001000111000100100000011001010010011001100110000001101000000101110010110100000101010000
0101001000010010011100010001100001010010110001011001100000011000000001100000010010000000001101000001000101011011001000000010010000100000001010000001000101100011001000000010000000100100010000000000010010000000010000000101111001100000010000101000011000101101101101001110001000100000000100001000100110100000000100001000011000000000100101011110110000010010110001001001110100
1000110100001110001000000000000101100000010100110000111010101010100100000100000010100000000100110111011010000100100010110100001111000100100011110000110100100101011010000000110010100100100111100100101000111001101010000010100110100000010001001001100010010011100000001001001000010001000001000001010000111000001111001110001010000011100101001101000000110000101100000101010100
0000000011111010011110010011000011100010101000010010100000101001100100111000000001000011000000001110110100010100000111100101010000101011001000101100101001100000001000000100111000000100000000010110000010000101000010000010110000010010000101000000000010010000000000100010010010000000000000100101000000001011000000010000010010001100010000001010101011001010110001110100011001
0001000011011011000000110010000110000111001100010010001101000001010111100001100000100110101100000010100000011000100111001000101100001000000000000110100001100001000000010101100010100000000001011000100010000100100111010001011111001110000010101100000101011110100110101110000111011110010011000000100111001100000100001100000000001110100000001101001000100101000000001010001000
1100001110110000011101001000010010101110010100101010100101010001001100011011001100100000110001100101010001001100001000010100010010000000010000100100110000000001010010110011011000110001000000000010101000110010000001100100101000100010001100000100000010010100011101111100001000111000100000010011111110101101100110010000001011011110000111010001001001101001001000100000101000
1111100010000010100011001001001110100010000100010010000010110000000100000010001011001110000011000010000010011110001110010000010010000100001100000110000000010000001010000010111011000010101101110100000000000010011100001100010100000000100010000001000101010100000000000101000000101001000001011001011110101001100000010001000000000000000010010001001001010111000101010001010010
1011110010000011000110000011000000011100010001101100001010100010100000100101000001000000010000011100010001000000100100001101000001010100100100100011000010001000000101001000101001000010101011100010000110001000100010001011001101110000001110100010111000000100010001011001001011111010001000110101000100000101100010011110000010000000100110110001111100010101101011100110101000
0001101010001010000000110010110000111010011111111111111010000010000000000011110010010111010101010111101100001001000000100001011110010001100111101001001100011100010000010001011010000000000000111100001010000000010111011000010010100100100001010000011101111011000001111100101000011000010110100001100000111010010001000000000000100101001011111001010000000001100101101000011011
0011100001001001110011101100101010110000010000101011110100010000001000001001000000000011011000000101000010000000010110000100011100000011111101110011011100101101011101010101101000010001101101010000011100100111100001100010111101100001001011000111011000010011000011000011001000001001100101001000001010100100100101000000110000011001110001011100000011000110000100010000001100
1000010000111100100000000000000100011000010001111001000010101010000111000010000010100101000000001000100101100000101001011000000010010101100001001000110010000001100101100101101110100001001010000110011100001011001011001100101101001010110011000001000110001000101010001010101111111000000001101000100010101101001001000010010000100000000001001010001001101001000000000100000000
0010000000101000001000000001010100000110101100000101100111001000010010001100000000001001001100111000100100001110010001000001011100010000011101001010000010011000001010001000001000000000100101100000000001010011100010010101001101010010010010000000101100010010010100000001000010010100001101000100000000000011000001111100001101110100001100000001001101000010000010000000011000
0101000001001110001000110001101001110010000001110011010010100110110010000010000110100010100100000001000101110010100000100100011011100010000010110111110000010000000101000010110100110101100000001010000001000001100111101101100000010101100000000011011011000000110001100000000001100101011000000000100010110101011100110100010001010010011111100110011100100000000101001111000100
0100001000010011000111000000000000100011001000100000000100101011000101011111100000010010000000110010101100011000101100100101001000000011000000010000000000110010010000110000001001100000100100010000000000001111000101010100001101011001000001000001000000011000100101111010001000011110110010100000000101001100101000000110000100000000101110000011000010001001010101000100100010
0001010100000000000111001000100000010000001000100100000010110001000000000000110100010000001000101000111110000000000001010010000010010100100011111001011110000100010011001000100000100111011110010010001000100010000001101001010010000100101100000000110100010000001001000000000001100010001000100010111010000110100001000100100000000011100000110000110000001011000100001100100110
1010010000100000000000110110011000110001110110110100010000010000010010000101000000000001000001000101111000001100000010010000000100000101000001000000110101000100110000000010001101000000111000001110100110110111011101111000000100010100110011001101010000100000100110001010001111010010011100110101000100010000000100100001110110000100001110011010000110011100000101010000100000
1000111101000110100001010000010000010001000010000001100100011000100111000101111000101101000000010010110000101001111111101110001010100000100011000011000000100010100011000001000001001011011101000100110110110100001100000100010100010010010001011010011100000010100110000100000110011111101011001000000010001011011001110101010101110100101001110000010100001000101010011100001010
0011000011010011101010010010000000000100000011010011100110100011010010110000000111000000000000000001011001100100001001000000010001110101010100000011100110000000100000110000000000000000111000010001001010100100111001000100000001001001100000011101001100010011001110010001000010010010111010100100000101010101101010000001000100111100000100001001010110010010110000000010000101
0001000000010001011011110110010001000101000101000000001000010011000000111010111110100010100001000011010010010010001001111010101000111010001001000110100000000101000000100001000011101110001110000101100100000000000100010010101011001110110110100101101001011010001111010010010011110000010001000111010001011000100000000001101100000000000000000000010000110000010100000000110000
0110000110000010000000000001000000011000010100000010011100001110001000010000111010000010011100001100000101100000100010100110000000101010001111000110111110101101001000100000010000011011001100000101000110101000010110010001001000100001110100010011000010011101001110000010110000001000000010000000010010010001101000000000100000000100000000001110001001010000100100010100000001
0101010000100000010100100001001010001000000011010010100010011001010000010100111000001100001111101001001111000100000100001101011100010011010010100010101010110000110101101100101000000001100000101010111001011000001011101011001110000011111101001000100001100010001010000100100001000001001100001100100001001100011100000001000100000010010110100000011000111110011000001100110110
1011000000010110011010111001100000000000101011110001111100000000010000110011100000000010000101110110101011001010110001000100000100010000111011000001101000110100010101000110000110100100100001110111110010101101000001100000001000110110110000100000000011100100100001010100110000110111101000000000000011010110001100000011011000101111010000100010011100011000100010000001001011
0101001000100000101110100001000000000001000110010011000000101110001000110110000001011001100000000000100110000100001000110010010100001001001101100001011000001000100000000101011000000001001001001111001000010101010000000011010010011100111010011000010000100101000001100000100010100001000011010101000001011001111001000110000001001000100111100110000111010100010010000100000011
0000000100100110010010001000110100110000010001011010101000010100000000000001110010110011100110000011001101000000100110010100000000000011010010010110111011110000001110000000001100010000111001000001101110001001000010001001110001001010100010000011000001111000000100100011101000010000001011000101001000000000000010000100001101101100000000000000001100001000000100001111001001
0110100001000010100001010000000000100001101001000111001000100000000000111111000000100000100000010010011110001001001001001010000001010100001000000001110100000100100000010001011010100000101110011110100000000110011100010000001000111000000011000001000001010110010011000001101001010101011000100000110100000001001100101000001000000001010010010011000110110101000100110111100010
0100100000100010011010100000011111000010011000010010100000010001100000110000011000000000111000001000110110000100111000100100001100000010011010010101011000000011011001101100011111001000101000000001001110010001001000000000010011101000000100111011000000000000110001010001110011001000000100010011000001010100100000011000000011110011010100010100000000010011100011010100101001
0101010010000011110000101100010011001101011100000110001000100010000001011101001000000100101001011111001110000110100001000010010100010000000010010000001101001110010011100111001001011110111011101000011010101000100100010001101000010000011010000011110100101010100000000010001100011100001010010101111011101001011000100111110010001001000001001010111000011100011000001010000001
0101100101100011000100001000010110100101001100010000000101001100001100111101110101101101001000101110010100100001010110000011000000011101001000010100100101010101001001011011001000001000101110011100111111001011000010001100001011100111100000000100111000110010011101000000011000000010001010000100000010011100001110011000100000001001000101000101000100000010110011000100111000
0000100110011000010110001000000001000110101000101110010100010010111000101110001100010000010001100110100011101000000011100111000011100001010010100000110110010000010100000110101100010010011000101000000100101101100010100000110000011001001110101000000100000101111010000100010100100000101101001000101000010100011011000000110110010000010000101001001101100101101010001011101101
0011011100011000010000110100110110000101110100110010010000000001000000001010101001001001001010110010000101000101001001110011110110100000010010100010000001101000110101001000011000110000000100000011001011110000110011010100010110110011100010000100110100001100001100110001000001001000010000011100000001110000001110110000000001100010110010011011011000100000100000100011100110
0000000010001100001010001000111001100100100010010100010101111101011001000001110110100001000011100000111000011100100110010100000000000010000101000101010100010000000001100100010111000100111000010110000000101101010001001000011000100010100110110000101000100001010110110000001011100100100101100001001010100010001010010001010100110001110110010110000000001100111000100010100101
0101111000110101100110010000010000000000010001000000110100000111101000001000111001001100010000000010110111110110000001010101000000000011011001000100100010000001100100000001111010101110000101010100111011000010110100000101010000000100010111000101101000101010000100000000001000110101100000000101000000100110011111000001000000110010010001110010000100011100111011000001001001
0000000000001010100011000101000100001011010110010110101000111010011110110100001110000010110000100010011100001010111010001000111100000101111011000010010100101000010000000010111001010101000010101110011010100100100000100000000110000010110011110111000100100101000010000010001010000100110001010000100000001111100000001101010101000100010010100100100000000010101011000100110100
1000000100110010010000011010000010000100110001000001100001000110110001001000011110111110110000011000000110000001111001100000100001011110100100000000000100011111000001100101000000011100000011000001000000001110000001000001001001000000010100110100100010000110101111111111000010100000000100000000101110001011000101100110101000101101001001000001100110100010000000100110000000
0001000011100000000010101101010001001000001011000100000010011010001000000010010100001001110101010100000010000111011010101010010010110110011001111001101010000110010100010010010111101100100000001000110011010001011110000000010100101011110001011010001010000110100011000000000000000000000010101110110000100000101100101100100001000001000101000010110110011010001101011100011100
0000110100011001010111001010010000010001111100000001110100101001100110001101100001000001100100010101101110000100000110000010100001100110110110010110011001000111001011101100010010011110001010100101111001001001000101100010100100010001001000100101000010000000101000000001000010000110000100110000010100000001001010001000001001011100100010100000100010000101001001111001000101
0110011100001111101000100011010010100001001000111001011001011000010100101110100000111000001000000100100001111000111000111010000011100101010101001001111101100000011111000011000100001001110001001000010110010000000111100011011011110111111111101000011110001000101011010010000110000000110100010100001011001001100100000100101100000011010000000100000000000000100000000100100010
0100001100100100110000000110100000100000010101011101000000000001000011000110000100100000100101100000100010100010101100000000000001110011011000100000000001100100010001010000001100001100001001000010101101010010110100001000000001010000100001100011100100010100010000100101110001000010100000000100101111011100011001000010000100100000110010111011000000100001111001001010001000
1110000000100010000000110001010010010001011100111110101100000000111000111110000000110100100110010001100100100101111010010011111100011110000110000011010011010101100110100100010000100010100011001011001111000000001100010010100100001100100010101100000011001001110100001000111000001111011011000001101100000100000101000000010001001100000001011100100001100110011000001011001110
0100101100110111110001001011111010100000010101011010000000100000100000010000001011010010000100110001000000000111000100010000001001110101111011000110001100000000101101101100010000111111000010001000101111000000100000011000011000100100101000101000010110001000110100111000000110110000100101000000100000000000010100000100100011000001011111010000000110000101000100011000100001
1100011000001100100101101000110111110111000001011000011101000000000000001101110010000000011001110100100011000111000000000010010100000000101000000100000110010100001110110010000010101000001010010100001010100001110100001000100001000000110011000110100001001100000011110001110110110000000101111011000000010100111101010011100111110000100011000100010000000011001010101000111100
0101011101010110001101010000000000001100000000011100000101000111010100000000001100001000010000111000001101010110111001010100110100100010001000010000110001101000001100001000110001000000000111100110000110000000001110101001010100010011010000000110000000101001101101100010011010000101101001000001000000010100100000100001001000010011011000101010000110100000000010000000100100
1011000000001000011000000000100000001100010101000111000010000110110110010101011100000100100000000110101001001000100100011011000001100000011000000010000010001000011000000001000000000111010011101000100110110011111100111001000000001000011100001110000100010001101001011100011000100100001110110000000000000010011000110100010100001000000100110000001011010010011000010100101100
0000010101001000001110000100011011101010000010000011100000001100100101011101100000101010000011000110000100111000000000000101000010000101010000010110001010000010001100001100011100101000110010000011010011100001010000000111010010111010000101100000000000000010100111101100100011000010001100000010010000000010011100000010100000101010100000010100010001010100110100010000100001
0010100001100110100010111000010100000001010111110000010111000101101000000110110001100000100100010100000100010000000000100000000010100010100110000010010100010000100111010001011000100000000000000000001111001000001010010000000010000100110000110100000110100000010010000001000101100100000000110010011011100000101001010000000010001010011010000010100001010000111000100000000010
0111011000001000000110000000000000001000000001010000010000110001110100100000001001111000010000100101110000000100101101010000010101100010000101011010001000100001011110001000001110101010000011001001000100000111110001100000000110000000010010011010101011101001000011110000000011100000000000000111011001100000000000000000001000000100010001011000001101001100011000110000110010
1001111010101000011110000000010000001011001010000110100110000100000100100011001011001100100000101010000000000000100000100000001010000000000101011101010000101000110011011000000100110000000100100000010010110010111001100000111010111010011010101101001011101100101001001101100101010000000000010010000010000000100010000010100011000001000000011000100011000000010101010001000001
0010100011000010001000011101110001010110000000101000100010000101000100001010010010100010000011100010101000001000111101001010100001100001100000101100010100000101011010100011100111110001101100000111001011011001000101100110101111010100110011010100100000100001100101010011001111000011011000010000001100000000100110001100001101110000101010110010110000000101100010010111100010
1110010010100000101100011000110001101100100000000110101011011010100001000010100101001110001011010111100101010000001000000101000010000000110010000001110000000011010110000110011000000111110111010000110001000110000100100001110110010110010000010110001001110110010001111001000011111111101000000100000100001010010000001010100100000111000011011011010101000001000011001011100001
